                                                                                Chittenden County MPO
                                                                                         30 Kimball Ave.
                                                                                 South Burlington, Vermont 05403
BURL-S02 Aggregate                                                                   http://www.ccmpo.org/                                                                      File Name          : BURL S02
North Ave & Berry St / Washington St                                                                                                                                            Site Code          : BURL-S02
Burlington, VT / Sunny                                                                                                                                                          Start Date         : 7/1/2008
JS CD                                                                                                                                                                           Page No            :1


                                                                                  Groups Printed- Cars - Trucks - Buses
                             North Ave (SB)                                Washington St                                 North Ave (NB)                                     Berry St
                               From North                                    From East                                     From South                                      From West
 Start Time       Right   Thru     Left Bike/Ped   App. Total   Right   Thru    Left Bike/Ped App. Total    Right    Thru      Left Bike/Ped   App. Total   Right   Thru       Left Bike/Ped   App. Total   Int. Total
     07:00 AM         1     65       0         4         70         2      0       0        1          3        1       31       0         2         34         1      0         0         0           1         108
     07:15 AM         0    122       3         5        130         6      0       2        0          8        3       44       0         3         50         1      0         1         0           2         190
     07:30 AM         0    161       5         6        172         9      0       2        2        13         0       59       0         1         60         0      0         1         0           1         246
     07:45 AM         0    158       7         5        170        15      0       1        1        17         2       61       0         4         67         0      0         0         0           0         254
          Total       1    506      15        20        542        32      0       5        4        41         6     195        0        10        211         2      0         2         0           4         798

     08:00 AM        0     117       5        4         126        8       0        0       0          8        0      58         0       0          58        0       0         0        0            0         192
     08:15 AM        0     120       2        4         126       11       0        2       1         14        1      47         0       1          49        0       0         0        0            0         189
     08:30 AM        1     126       4        6         137       14       0        2       6         22        1      73         1       1          76        0       0         0        0            0         235
     08:45 AM        0     128       2        4         134        6       0        0       1          7        3      71         0       0          74        0       0         0        0            0         215
          Total      1     491      13       18         523       39       0        4       8         51        5     249         1       2         257        0       0         0        0            0         831

*** BREAK ***

     04:00 PM        0      85       5        2          92        7       0        1       0          8        3     134         2       7         146        1       0         2        0            3         249
     04:15 PM        0      99       1        6         106        5       0        1       0          6        2     141         1       3         147        0       0         1        1            2         261
     04:30 PM        1      79       2        1          83        4       0        1       1          6        3     162         0       7         172        1       1         2        0            4         265
     04:45 PM        4      88       6        3         101       10       0        0       0         10        3     151         2       7         163        4       0         3        0            7         281
          Total      5     351      14       12         382       26       0        3       1         30       11     588         5      24         628        6       1         8        1           16        1056

     05:00 PM        2      85       4        3          94       14       0        4       3         21        1     166         2       6         175        0       0         0        1            1         291
     05:15 PM        0      81       7        5          93        6       1        0       4         11        0     200         1       7         208        0       0         0        0            0         312
     05:30 PM        0      79      10        3          92        6       0        1       2          9        1     183         1       4         189        0       0         1        0            1         291
     05:45 PM        0     102       5        5         112        4       0        2       1          7        2     138         0       7         147        4       1         1        0            6         272
          Total      2     347      26       16         391       30       1        7      10         48        4     687         4      24         719        4       1         2        1            8        1166

   Grand Total        9   1695      68       66        1838      127       1       19      23        170       26    1719        10      60        1815       12       2         12       2           28        3851
     Apprch %       0.5    92.2    3.7      3.6                 74.7     0.6    11.2     13.5                 1.4     94.7      0.6     3.3                 42.9     7.1      42.9      7.1
       Total %      0.2      44    1.8      1.7         47.7      3.3      0      0.5     0.6         4.4     0.7     44.6      0.3     1.6         47.1     0.3     0.1        0.3     0.1          0.7
          Cars        9   1658      65       18        1750      124       1       19      12        156       24    1676         9      24        1733       11       2         12       1           26        3665
       % Cars      100     97.8   95.6     27.3         95.2    97.6    100      100     52.2       91.8     92.3     97.5       90      40         95.5    91.7    100        100       50         92.9         95.2
        Trucks        0      26      3       48           77        3      0        0      11          14       1       33        1      36           71       1       0          0       1            2          164
     % Trucks         0     1.5    4.4     72.7          4.2      2.4      0        0    47.8         8.2     3.8      1.9       10      60          3.9     8.3       0          0      50          7.1           4.3
        Buses         0      11      0        0           11        0      0        0       0           0       1       10        0       0           11       0       0          0       0            0            22
      % Buses         0     0.6      0        0          0.6        0      0        0       0           0     3.8      0.6        0       0          0.6       0       0          0       0            0           0.6
