                                                                            Chittenden County MPO
                                                                                     30 Kimball Ave., Suite 206
                                                                                  South Burlington, Vermont 05403
ID : SOBR-05 ~AGGREGATE COUNT                                                         http://www.ccmpo.org                                                                File Name         : sobr05
LOC : SHAMROCK & ETHAN ALLEN                                                                                                                                              Site Code         : 00000005
TOWN : SOUTH BURLINGTON                                                                                                                                                   Start Date        : 10/17/2007
COUNT : Bryan-Daryl-Dave-Jason-SOBR DPW                                                                                                                                   Page No           :1


                                                                             Groups Printed- AUTO/PED - TRUCK/BIKE - BUS
                        SHAMROCK                                      ETHAN ALLEN PKWY                          SHAMROCK                                      ETHAN ALLEN PKWY
                             From North                                      From East                               From South                                      From West
Start Time      Right   Thru     Left Bike/Ped   App. Total   Right     Thru    Left Bike/Ped App. Total Right  Thru     Left Bike/Ped   App. Total   Right     Thru     Left Bike/Ped   App. Total   Int. Total
   07:00 AM         0      0       0         0           0        8        3       3         0       14      0     3       2         0           5       17       22       0         0         39           58
   07:05 AM         0      0       0         0           0        8        1       0         0         9     1     2       1         0           4       14       16       0         0         30           43
   07:10 AM         0      0       0         0           0        7        4       1         0       12      0     4       6         0          10       10       11       0         0         21           43
   07:15 AM         0      0       0         0           0        3        4       0         0         7     1     3       1         0           5        7       16       0         0         23           35
   07:20 AM         0      0       0         0           0        4        8       1         0       13      0     8       2         0          10        6       13       0         0         19           42
   07:25 AM         0      0       0         0           0        4        3       0         0         7     0     5       1         0           6        8       13       0         0         21           34
   07:30 AM         0      0       0         0           0        5        6       0         0       11      0     2       6         0           8       14        8       0         0         22           41
   07:35 AM         0      0       0         0           0        5        6       0         0       11      1     4       4         0           9        2       12       0         0         14           34
   07:40 AM         0      0       0         0           0        3        2       2         0         7     0     4       1         0           5       10        7       0         0         17           29
   07:45 AM         0      0       0         0           0        3        3       0         0         6     0     4       5         0           9        4       17       0         0         21           36
   07:50 AM         0      0       0         0           0        5        3       2         0       10      0     5       4         0           9        8       16       0         0         24           43
   07:55 AM         0      0       0         0           0        3        6       0         0         9     0     0       4         0           4        8        9       0         0         17           30
        Total       0      0       0         0           0       58       49       9         0     116       3    44      37         0          84     108       160       0         0        268          468

   08:00 AM        0       0        0       0            0       5         5       0       0        10       1       2      4       0            7       5        25        0       0          30           47
   08:05 AM        0       0        0       0            0       7         7       2       0        16       1       4      3       0            8       5        15        0       0          20           44
   08:10 AM        0       0        0       0            0       3         7       2       0        12       1       2      3       0            6       7        12        0       0          19           37
   08:15 AM        0       0        0       0            0       4         7       0       0        11       1       5      4       0           10       4        23        0       0          27           48
   08:20 AM        0       0        0       0            0       5         6       0       0        11       0       0      3       0            3       6        13        0       0          19           33
   08:25 AM        0       0        0       0            0       2         6       2       0        10       2       3      3       0            8       6        18        0       0          24           42
   08:30 AM        0       0        0       0            0       3         3       1       0         7       1       5      2       0            8       5        23        0       0          28           43
   08:35 AM        0       0        0       0            0       4         6       0       0        10       1       2      3       0            6       3         9        0       0          12           28
   08:40 AM        0       0        0       0            0       3         2       1       0         6       0       5      1       0            6       2         5        0       0           7           19
   08:45 AM        0       0        0       0            0       4         4       0       0         8       2       5      3       0           10       3         6        0       0           9           27
   08:50 AM        0       0        0       0            0       5         5       0       0        10       0       3      2       0            5       6         9        2       0          17           32
   08:55 AM        0       0        0       0            0       3         1       0       0         4       3       9      3       0           15       6         9        0       0          15           34
        Total      0       0        0       0            0      48        59       8       0       115      13      45     34       0           92      58       167        2       0         227          434

   09:00 AM        0       0        0       0            0       5         3       1       0         9       3       4      2       0            9       5        15        0       0          20           38
   09:05 AM        0       0        0       0            0       3         3       0       0         6       1       2      4       1            8       3        13        0       0          16           30
   09:10 AM        0       0        0       0            0       5         4       1       2        12       1       3      1       0            5       3         6        0       1          10           27
   09:15 AM        0       0        0       0            0       4         4       1       0         9       0       3      1       0            4       6         9        0       0          15           28
   09:20 AM        0       0        0       0            0       9         4       1       0        14       0       4      2       0            6       6         6        0       0          12           32
   09:25 AM        0       0        0       0            0       6         2       1       0         9       1       2      1       0            4       5         8        0       0          13           26
   09:30 AM        0       0        0       0            0       1         2       1       0         4       0       1      3       0            4       4        13        0       0          17           25
   09:35 AM        0       0        0       0            0       3         4       0       0         7       0       1      3       0            4       5         8        0       0          13           24
   09:40 AM        0       0        0       0            0       4         5       1       0        10       0       3      3       0            6       4         6        0       0          10           26
   09:45 AM        0       0        0       0            0       4         1       3       0         8       2       1      3       0            6       1        10        0       0          11           25
   09:50 AM        0       0        0       0            0       3         2       1       0         6       1       3      2       0            6       3         3        0       0           6           18
   09:55 AM        0       0        0       0            0       2         4       0       0         6       0       2      0       0            2       2         6        0       0           8           16
        Total      0       0        0       0            0      49        38      11       2       100       9      29     25       1           64      47       103        0       1         151          315
                                                                            Chittenden County MPO
                                                                                     30 Kimball Ave., Suite 206
                                                                                  South Burlington, Vermont 05403
ID : SOBR-05 ~AGGREGATE COUNT                                                         http://www.ccmpo.org                                                                File Name         : sobr05
LOC : SHAMROCK & ETHAN ALLEN                                                                                                                                              Site Code         : 00000005
TOWN : SOUTH BURLINGTON                                                                                                                                                   Start Date        : 10/17/2007
COUNT : Bryan-Daryl-Dave-Jason-SOBR DPW                                                                                                                                   Page No           :2
                                                                             Groups Printed- AUTO/PED - TRUCK/BIKE - BUS
                        SHAMROCK                                      ETHAN ALLEN PKWY                          SHAMROCK                                      ETHAN ALLEN PKWY
                             From North                                      From East                               From South                                      From West
Start Time      Right   Thru     Left Bike/Ped   App. Total   Right     Thru    Left Bike/Ped App. Total Right  Thru     Left Bike/Ped   App. Total   Right     Thru     Left Bike/Ped   App. Total   Int. Total
   10:00 AM         0      0       0         0           0        4        2       1         0         7     0     3       2         0           5        3        9       0         0         12           24
   10:05 AM         0      0       0         0           0        5        2       0         0         7     0     3       1         0           4        4        9       0         0         13           24
   10:10 AM         0      0       0         0           0        4        1       3         0         8     1     1       1         0           3        3        9       0         0         12           23
   10:15 AM         0      0       0         0           0        6        6       0         0       12      2     2       1         0           5        3        7       0         0         10           27
   10:20 AM         0      0       0         0           0        1        3       1         0         5     0     2       0         0           2        4        8       0         0         12           19
   10:25 AM         0      0       0         0           0        4        4       0         0         8     1     1       0         0           2        5        9       0         0         14           24
   10:30 AM         0      0       0         0           0        3        2       0         0         5     1     4       2         0           7        4       11       0         0         15           27
   10:35 AM         0      0       0         0           0        4        5       0         0         9     3     0       1         0           4        5        6       0         0         11           24
   10:40 AM         0      0       0         0           0        5        6       2         0       13      0     5       3         0           8        0        6       0         0          6           27
   10:45 AM         0      0       0         0           0        6        5       1         0       12      1     0       0         0           1        2        8       0         0         10           23
   10:50 AM         0      0       0         0           0        5        4       1         0       10      2     4       1         0           7        4        4       0         0          8           25
   10:55 AM         0      0       0         0           0        2        6       1         0         9     1     2       3         0           6        3       12       1         0         16           31
        Total       0      0       0         0           0       49       46     10          0     105      12    27      15         0          54       40       98       1         0        139          298

   11:00 AM        0       0        0       0            0       6         3       2       0        11       0       2      2       0            4       1         3        0       0           4           19
   11:05 AM        0       0        0       0            0       5         2       0       0         7       1       1      4       0            6       3         3        0       0           6           19
   11:10 AM        0       0        0       0            0       0         6       0       0         6       0       3      0       0            3       3         7        0       0          10           19
   11:15 AM        0       0        0       0            0       5         6       0       0        11       1       3      2       0            6       7         8        0       0          15           32
   11:20 AM        0       0        0       0            0       5         4       1       0        10       1       4      1       0            6       1         9        0       0          10           26
   11:25 AM        0       0        0       0            0       4         4       1       0         9       0       5      5       0           10       1         5        0       0           6           25
   11:30 AM        0       0        0       0            0       5         6       0       0        11       1       3      3       0            7       6        11        0       0          17           35
   11:35 AM        0       0        0       0            0       8         5       0       0        13       0       6      3       0            9       5         5        0       0          10           32
   11:40 AM        0       0        0       0            0       2         2       0       0         4       0       4      4       0            8       4         9        0       0          13           25
   11:45 AM        0       0        0       0            0       4         2       0       0         6       0       2      8       0           10       5         9        0       0          14           30
   11:50 AM        0       0        0       0            0       8         3       0       0        11       0       7      3       0           10       9         8        0       0          17           38
   11:55 AM        0       0        0       0            0       2         8       0       0        10       0       4      4       2           10       6         7        0       0          13           33
        Total      0       0        0       0            0      54        51       4       0       109       4      44     39       2           89      51        84        0       0         135          333

   12:00 PM        0       0        0       0            0       8         3       1       0        12       0       3      8       0           11       8        11        0       0          19           42
   12:05 PM        0       0        0       0            0       3         2       0       0         5       0       9      2       0           11       9         4        0       0          13           29
   12:10 PM        0       0        0       0            0       6         2       0       0         8       0       5      2       0            7      12        10        0       0          22           37
   12:15 PM        0       0        0       0            0       5         6       0       0        11       0       4      2       0            6       6        13        0       0          19           36
   12:20 PM        0       0        0       0            0       6         5       2       2        15       0       0      1       0            1       8        17        0       0          25           41
   12:25 PM        0       0        0       0            0       8         6       0       0        14       0       1      3       0            4       6        12        0       0          18           36
   12:30 PM        0       0        0       0            0       5         5       0       0        10       0       3      0       0            3      12        10        0       0          22           35
   12:35 PM        0       0        0       0            0       6         2       2       0        10       0       1      3       0            4       5        10        0       0          15           29
   12:40 PM        0       0        0       0            0       4         6       0       0        10       0       1      1       0            2       6         7        0       0          13           25
   12:45 PM        0       0        0       0            0       5         8       1       0        14       0       6      2       0            8       3         7        0       0          10           32
   12:50 PM        0       0        0       0            0       2         3       3       0         8       1       5      4       0           10       2         6        0       0           8           26
   12:55 PM        0       0        0       0            0       7         2       0       0         9       1       6      0       0            7       7        14        0       0          21           37
        Total      0       0        0       0            0      65        50       9       2       126       2      44     28       0           74      84       121        0       0         205          405
                                                                            Chittenden County MPO
                                                                                     30 Kimball Ave., Suite 206
                                                                                  South Burlington, Vermont 05403
ID : SOBR-05 ~AGGREGATE COUNT                                                         http://www.ccmpo.org                                                                File Name         : sobr05
LOC : SHAMROCK & ETHAN ALLEN                                                                                                                                              Site Code         : 00000005
TOWN : SOUTH BURLINGTON                                                                                                                                                   Start Date        : 10/17/2007
COUNT : Bryan-Daryl-Dave-Jason-SOBR DPW                                                                                                                                   Page No           :3
                                                                             Groups Printed- AUTO/PED - TRUCK/BIKE - BUS
                        SHAMROCK                                      ETHAN ALLEN PKWY                          SHAMROCK                                      ETHAN ALLEN PKWY
                             From North                                      From East                               From South                                      From West
Start Time      Right   Thru     Left Bike/Ped   App. Total   Right     Thru    Left Bike/Ped App. Total Right  Thru     Left Bike/Ped   App. Total   Right     Thru     Left Bike/Ped   App. Total   Int. Total
   01:00 PM         0      0       0         0           0        6        6       1         0       13      0     4       2         2           8        7        9       1         0         17           38
   01:05 PM         0      0       0         0           0        5        7       0         0       12      0     2       0         0           2        8       12       0         0         20           34
   01:10 PM         0      0       0         0           0        6        1       0         0         7     0     0       3         0           3        6        9       0         0         15           25
   01:15 PM         0      0       0         0           0        2        5       1         0         8     1     4       1         0           6       13        5       0         0         18           32
   01:20 PM         0      0       0         0           0        3        6       0         0         9     3     2       4         0           9        3       10       0         0         13           31
   01:25 PM         0      1       0         0           1        3        2       0         0         5     1     3       1         0           5        4        6       0         0         10           21
   01:30 PM         0      0       0         0           0        1        5       1         0         7     0     0       2         0           2        6       12       1         1         20           29
   01:35 PM         0      0       0         0           0        2        5       0         0         7     1     2       0         0           3        7        8       0         0         15           25
   01:40 PM         0      0       0         0           0        6        0       1         0         7     2     2       0         0           4       14        7       0         0         21           32
   01:45 PM         0      0       0         0           0        4        6       1         0       11      1     2       5         0           8        3        7       0         0         10           29
   01:50 PM         0      0       0         0           0        5        8       2         0       15      0     1       4         0           5        8        8       0         0         16           36
   01:55 PM         0      0       0         0           0        6        3       1         0       10      3     4       1         0           8        4        5       0         0          9           27
        Total       0      1       0         0           1       49       54       8         0     111      12    26      23         2          63       83       98       2         1        184          359

   02:00 PM        0       0        0       0            0       3         4       0       0         7       3       0      1       0            4       5         7        0       0          12           23
   02:05 PM        0       0        0       0            0       5         5       0       0        10       1       1      0       1            3       4         9        1       0          14           27
   02:10 PM        0       0        0       0            0       6         4       2       0        12       1       1      0       0            2       3        10        0       1          14           28
   02:15 PM        0       0        0       0            0       5         4       0       0         9       0       1      1       0            2       2         8        0       0          10           21
   02:20 PM        0       0        0       0            0       8         4       1       0        13       1       2      3       0            6       7        11        0       0          18           37
   02:25 PM        0       0        0       0            0       6         3       1       0        10       0       0      0       0            0       6         8        0       0          14           24
   02:30 PM        0       0        0       0            0       6         3       0       0         9       1       3      2       0            6       3        12        0       0          15           30
   02:35 PM        0       0        0       0            0       4         5       3       0        12       0       3      3       0            6       6         6        0       0          12           30
   02:40 PM        0       0        0       0            0       3         5       1       0         9       0       0      4       0            4       4        11        0       0          15           28
   02:45 PM        0       0        0       0            0       6         8       0       0        14       0       7      2       0            9       8        20        0       0          28           51
   02:50 PM        0       0        0       0            0       8        10       0       0        18       0       6      4       0           10       4        11        0       0          15           43
   02:55 PM        0       0        0       0            0       5         2       1       0         8       2       0      0       0            2       5        14        0       0          19           29
        Total      0       0        0       0            0      65        57       9       0       131       9      24     20       1           54      57       127        1       1         186          371

   03:00 PM        0       0        0       0            0       5         4       1       0        10       1       5      3       0           9       12        16        0       0          28           47
   03:05 PM        0       0        0       0            0      10         4       1       0        15       2       1      7       0          10        3        11        0       0          14           39
   03:10 PM        0       0        0       0            0       3         6       0       0         9       1       4      3       0           8       10        11        0       0          21           38
   03:15 PM        0       0        0       0            0       8         5       1       0        14       1       3      4       0           8        6         5        0       0          11           33
   03:20 PM        0       0        0       0            0       5         3       1       0         9       2       9      1       0          12        9        13        0       0          22           43
   03:25 PM        0       0        0       0            0       7         1       0       0         8       0       7      4       0          11        4        16        0       0          20           39
   03:30 PM        0       0        0       0            0       9         1       4       0        14       0      11      5       0          16        3         7        0       0          10           40
   03:35 PM        0       0        0       0            0       9        11       1       0        21       2       9      6       0          17        5         8        0       0          13           51
   03:40 PM        0       0        0       0            0       8         8       2       0        18       0       6      4       0          10        4         5        0       0           9           37
   03:45 PM        0       0        0       0            0       6         4       1       0        11       0       4      3       0           7       10         8        0       0          18           36
   03:50 PM        0       0        0       0            0       2         6       1       0         9       1      12      3       0          16        9         5        0       0          14           39
   03:55 PM        0       0        0       0            0      18         4       0       0        22       1      16      6       0          23        7         7        0       0          14           59
        Total      0       0        0       0            0      90        57      13       0       160      11      87     49       0         147       82       112        0       0         194          501
                                                                              Chittenden County MPO
                                                                                       30 Kimball Ave., Suite 206
                                                                                    South Burlington, Vermont 05403
ID : SOBR-05 ~AGGREGATE COUNT                                                           http://www.ccmpo.org                                                                File Name         : sobr05
LOC : SHAMROCK & ETHAN ALLEN                                                                                                                                                Site Code         : 00000005
TOWN : SOUTH BURLINGTON                                                                                                                                                     Start Date        : 10/17/2007
COUNT : Bryan-Daryl-Dave-Jason-SOBR DPW                                                                                                                                     Page No           :4
                                                                               Groups Printed- AUTO/PED - TRUCK/BIKE - BUS
                          SHAMROCK                                      ETHAN ALLEN PKWY                          SHAMROCK                                      ETHAN ALLEN PKWY
                               From North                                      From East                               From South                                      From West
Start Time        Right   Thru     Left Bike/Ped   App. Total   Right     Thru    Left Bike/Ped App. Total Right  Thru     Left Bike/Ped   App. Total   Right     Thru     Left Bike/Ped   App. Total   Int. Total
     04:00 PM         0      0       0         0           0       11        6       2         0       19      0    17      12         0         29         7        5       0         0         12           60
     04:05 PM         0      0       0         0           0        8        6       1         0       15      2    17       6         1         26         7        9       0         1         17           58
     04:10 PM         0      0       0         0           0        7        4       1         0       12      1     8       7         0         16         8        2       0         0         10           38
     04:15 PM         0      0       0         0           0        6        5       0         0       11      1     6       4         0         11         8        6       0         0         14           36
     04:20 PM         0      1       0         0           1       10        2       0         0       12      0    14       2         0         16         8        9       0         0         17           46
     04:25 PM         0      0       0         0           0        7        7       1         0       15      2    17      10         0         29         5        7       0         0         12           56
     04:30 PM         0      0       0         0           0       14        4       4         0       22      0    13       4         0         17         7        6       0         0         13           52
     04:35 PM         0      0       0         0           0        8        3       1         0       12      1    12       3         1         17         7        9       0         0         16           45
     04:40 PM         0      0       0         0           0       17        5       1         0       23      1     6       0         0          7         5        6       0         0         11           41
     04:45 PM         0      0       0         0           0        8        6       0         0       14      2    11       6         0         19         6       10       0         0         16           49
     04:50 PM         0      0       0         0           0        7        6       0         1       14      0     1       2         0          3        10        5       1         0         16           33
     04:55 PM         0      0       0         0           0        7        5       2         0       14      1     7       5         0         13         9       10       1         0         20           47
          Total       0      1       0         0           1     110        59     13          1     183      11   129      61         2        203        87       84       2         1        174          561

     05:00 PM        0       0        0       0            0      18         6       0       0        24       0       1       5      0            6       3          5       0       0           8           38
     05:05 PM        0       0        0       0            0      15         1       2       0        18       0       6       1      0            7       7          6       0       0          13           38
     05:10 PM        0       0        0       0            0      12         6       1       0        19       0       9       2      0           11       5          6       0       0          11           41
     05:15 PM        0       0        0       0            0       3         2       2       0         7       1       9       1      0           11       7          2       0       0           9           27
     05:20 PM        0       0        0       0            0       6         3       1       0        10       0       5       2      0            7       4          2       0       1           7           24
     05:25 PM        0       0        0       0            0       9         3       0       0        12       1       4       0      0            5       5         12       1       0          18           35
     05:30 PM        0       0        0       0            0       9         2       0       0        11       0       4       2      0            6      11          6       0       0          17           34
     05:35 PM        0       0        0       0            0       4         4       0       0         8       0       1       3      0            4       5          2       0       0           7           19
     05:40 PM        0       0        0       0            0       6         5       0       0        11       0       5       1      0            6       4          6       0       0          10           27
     05:45 PM        0       0        0       0            0       3         0       0       0         3       0       3       5      0            8      11          3       0       0          14           25
     05:50 PM        0       0        0       0            0       6         2       0       0         8       0       1       0      1            2       6          2       0       0           8           18
     05:55 PM        0       0        0       0            0       3         4       0       0         7       0       4       4      0            8       7          4       0       0          11           26
          Total      0       0        0       0            0      94        38       6       0       138       2      52      26      1           81      75         56       1       1         133          352

     06:00 PM        0       0        0       0            0        5         1       1       0        7        1       1       3      0          5         8          1      1        0         10           22
     06:05 PM        0       0        0       0            0        9         2       1       0       12        1       2       4      0          7         4          3      0        0          7           26
     06:10 PM        0       0        0       0            0        3         2       0       0        5        0       1       0      0          1         5          2      0        0          7           13
     06:15 PM        0       0        0       0            0        4         2       1       0        7        0       2       3      0          5         8          3      0        0         11           23
     06:20 PM        0       0        0       0            0        2         3       0       0        5        0       1       3      0          4         0          4      0        0          4           13
     06:25 PM        0       0        0       0            0        2         1       1       0        4        0       3       2      0          5         2          5      0        0          7           16
     06:30 PM        0       0        0       0            0        3         0       0       0        3        0       3       1      0          4        12          4      0        0         16           23
     06:35 PM        0       0        0       0            0        0         4       0       0        4        0       2       2      0          4         2          2      0        0          4           12
     06:40 PM        0       0        0       0            0        4         1       0       0        5        0       2       1      0          3         4          5      0        0          9           17
     06:45 PM        0       0        0       0            0        3         1       0       0        4        0       3       2      0          5         1          1      0        0          2           11
     06:50 PM        0       0        0       0            0        4         1       0       0        5        0       1       1      0          2         3          2      0        0          5           12
   Grand Total       0       2        0       0            2     770       576     104        5     1455       90    572     379       9       1050      821      1242       10        5       2078         4585
     Apprch %        0     100        0       0                 52.9      39.6      7.1     0.3               8.6   54.5    36.1     0.9                39.5       59.8     0.5      0.2
       Total %       0       0        0       0           0     16.8      12.6      2.3     0.1      31.7       2   12.5      8.3    0.2        22.9    17.9       27.1     0.2      0.1        45.3
   AUTO/PED          0       2        0       0           2      712       526     101        5     1344       77    554     365       5       1001      786      1122        9        1       1918         4265
 % AUTO/PED          0     100        0       0         100     92.5      91.3    97.1     100       92.4    85.6   96.9    96.3    55.6        95.3    95.7       90.3      90       20        92.3           93
 TRUCK/BIKE          0       0        0       0           0        55        49       3       0       107       9      18      10      4          41       27       120       1        4         152         300
% TRUCK/BIKE         0       0        0       0           0       7.1       8.5     2.9       0        7.4     10     3.1     2.6   44.4         3.9      3.3        9.7     10       80          7.3         6.5
                                                                                           Chittenden County MPO
                                                                                                       30 Kimball Ave., Suite 206
                                                                                                    South Burlington, Vermont 05403
ID : SOBR-05 ~AGGREGATE COUNT                                                                           http://www.ccmpo.org                                                                                   File Name            : sobr05
LOC : SHAMROCK & ETHAN ALLEN                                                                                                                                                                                   Site Code            : 00000005
TOWN : SOUTH BURLINGTON                                                                                                                                                                                        Start Date           : 10/17/2007
COUNT : Bryan-Daryl-Dave-Jason-SOBR DPW                                                                                                                                                                        Page No              :5
                                                                                    Groups Printed- AUTO/PED - TRUCK/BIKE - BUS
                    SHAMROCK                                                  ETHAN ALLEN PKWY                         SHAMROCK                                                                        ETHAN ALLEN PKWY
                       From North                                                   From East                               From South                                                                       From West
            Right   Thru   Left   Bike/Ped   App. Total          Right             Thru            Left   Bike/Ped   App. Total      Right        Thru   Left   Bike/Ped   App. Total        Right      Thru   Left   Bike/Ped   App. Total   Int. Total
      BUS       0      0     0           0               0              3               1            0           0           4            4          0     4           0             8             8       0     0           0           8           20
    % BUS       0      0     0           0               0            0.4             0.2            0           0         0.3          4.4          0   1.1           0           0.8             1       0     0           0         0.4          0.4


                                                                                                                 SHAMROCK
                                                                                                                 Out   In              Total
                                                                                                                 1275     2             1277
                                                                                                                   74     0               74
                                                                                                                     3    0                3
                                                                                                                 1352     2             1354


                                                                                                                   0     2            0      0
                                                                                                                   0     0            0      0
                                                                                                                   0     0            0      0
                                                                                                                   0     2            0      0
                                                                                                               Right Thru         Left Bike/Ped
                                                                 13




                                                                              10
                                                                                 9
                                                                                 1
                                                                                 0
                                                              2809


                                                              3033
                                                               211




                                                                                                                                                          Right Thru




                                                                                                                                                                            ETHAN ALLEN PKWY
                                                              Total




                                                                            Left




                                                                                                                                                            770


                                                                                                                                                            712


                                                                                                                                                                             1332


                                                                                                                                                                             1199
                                                                                                                                                                             Out
                                                                                                                                                             55




                                                                                                                                                                              129
                                                                                                                                                              3
                                             ETHAN ALLEN PKWY




                                                                                                                                                                                 4
                                                                                                                          North
                                                                                       821 1242
                                                                                               0
                                                                                            120
                                                                                       786 1122



                                                                            Bike/Ped Right Thru




                                                                                                                                                                 576


                                                                                                                                                                 526
                                                                                                                10/17/2007 07:00 AM
                                                           8
                                                        152
                                                       1918


                                                       2078




                                                                                                                                                                  49
                                                        In




                                                                                                                                                                    1
                                                                                                                10/17/2007 06:50 PM




                                                                                                                                                                                     1455


                                                                                                                                                                                     1344
                                                                                                                                                                                      In
                                                                                                                                                                                       107
                                                                                         8
                                                                                        27




                                                                                                                                                          Left Bike/Ped




                                                                                                                                                                                         4
                                                                                                                                                           104


                                                                                                                                                           101
                                                                                                                AUTO/PED




                                                                                                                                                              0
                                                                                                                                                              3
                                                   5




                                                                                                                TRUCK/BIKE
                                                 59
                                                891


                                                955
                                               Out




                                                                                                                                                                                           Total
                                                                                  5




                                                                                                                                                                                            2787


                                                                                                                                                                                            2543
                                                                                  1
                                                                                  4
                                                                                  0




                                                                                                                BUS




                                                                                                                                                                                             236
                                                                                                                                                                                               8
                                                                                                                                                                     5
                                                                                                                                                                     0
                                                                                                                                                                     0
                                                                                                                                                                     5
                                                                                                                Left   Thru Right Bike/Ped
                                                                                                                 365    554    77       5
                                                                                                                  10     18     9       4
                                                                                                                     4     0    4       0
                                                                                                                 379    572    90       9


                                                                                                                  889  1001             1890
                                                                                                                   30     41              71
                                                                                                                     8     8              16
                                                                                                                  927  1050             1977
                                                                                                                 Out    In             Total
                                                                                                                 SHAMROCK
