                                                        MoDOT - District #4
                                                                600 NE Colbern Rd
                                                              Lee's Summit, MO 64086
                                                                                                                                      File Name          : MO-7 @ Shaw
                                                                                                                                      Site Code          : 05312007
                                                                                                                                      Start Date         : 5/31/2007
                                                                                                                                      Page No            :1


                                                                Groups Printed-
                        MO-7                               Shaw                   MO-7                                                       Shaw
                     From North                          From East              From South                                                 From West
Start Time Left Thru Right Peds      App. Total   Left Thru    Right   Peds   App. Total   Left   Thru   Right   Peds   App. Total   Left Thru   Right   Peds   App. Total   Int. Total

06:00 AM        3   175     4    0      182        31     1       3      0         35        5     90       7      0       102         0     0    13       0         13         332
06:15 AM        1   174     4    0      179        26     3       5      0         34        8    111       9      0       128         4     1    13       0         18         359
06:30 AM        0   214     5    0      219        34     4       2      0         40       11    158       8      0       177         3     2     7       0         12         448
06:45 AM        0   447    11    0      458        60     0       8      0         68       19    195       7      0       221         3     0    19       0         22         769
     Total      4   1010    24   0     1038       151     8      18       0       177       43    554      31       0       628       10     3     52       0         65       1908

 07:00 AM       6 498        3   0      507        55     3       3       0        61       19    229      24       0      272         4     4     23       1        32         872
 07:15 AM       2 410        7   0      419        64     6       2       0        72       15    240      19       0      274         5     1     25       0        31         796
 07:30 AM       3 393        3   0      399        16    15       5       0        36       14    299      36       4      353         5     1     13       0        19         807
 07:45 AM       2 307        3   0      312        54     3       2       0        59       19    199      18       0      236         5     3     23       0        31         638
      Total    13 1608      16   0     1637       189    27      12       0       228       67    967      97       4     1135        19     9     84       1       113        3113



 11:00 AM       9 224        9   0      242        28    11      12       0        51       37    186     24        0      247        14    11    28        0        53         593
 11:15 AM       0 327        0   0      327        49     7      18       0        74       66    232     56        0      354        10    12    29        0        51         806
 11:30 AM      12 343       11   0      366        56     8      22       0        86       64    219     66        0      349        13    16    48        0        77         878
 11:45 AM       8 412        3   0      423        52    15      25       0        92       46    283     47        0      376        11    10    62        0        83         974
      Total    29 1306      23   0     1358       185    41      77       0       303      213    920    193        0     1326        48    49   167        0       264        3251

 12:00 PM       3 321        7   0      331        26     5       4       0        35       35 273          9       0      317        19     9    37        0        65         748
 12:15 PM       4 309        6   0      319        27     3       5       0        35       32 317         10       0      359        12     3    32        0        47         760
 12:30 PM       8 366        7   0      381        41     8       9       0        58       29 335         28       0      392        21    13    48        0        82         913
 12:45 PM      11 391       26   0      428        49    19       9       0        77       17 345         44       0      406        26    15    66        0       107        1018
     Total     26 1387      46   0     1459       143    35      27       0       205      113 1270        91       0     1474        78    40   183        0       301        3439



 04:00 PM       9 287       12   0      308        25     5       7       0        37       32 374        28        0      434        17     3    28        0        48         827
 04:15 PM      12 394       11   0      417        30     8      19       0        57       57 443        51        0      551        14     6    52        0        72        1097
 04:30 PM      14 357       15   0      386        39     5       9       0        53       18 406        42        0      466        18     6    59        0        83         988
 04:45 PM      13 395       17   0      425        48    13      10       0        71       71 454        59        0      584        16     9    52        0        77        1157
     Total     48 1433      55   0     1536       142    31      45       0       218      178 1677      180        0     2035        65    24   191        0       280        4069

 05:00 PM       9 306        7   0      322        35     5       8       0        48       25 357        37        0      419        20    16    45        0        81         870
 05:15 PM      12 417       18   0      447        61     8      18       0        87       42 473        49        0      564        35    20    66        3       124        1222
 05:30 PM      18 416       22   0      456        58    14      22       0        94       47 533        60        0      640        43    15    75        0       133        1323
 05:45 PM      20 434       19   0      473        61    12      23       0        96       46 461        56        0      563        19    14    61        0        94        1226
     Total     59 1573      66   0     1698       215    39      71       0       325      160 1824      202        0     2186       117    65   247        3       432        4641

Grand Total   179 8317     230   0     8726 1025        181    250        0     1456       774 7212      794        4     8784       337   190   924        4     1455       20421
Apprch %       2.1 95.3    2.6   0                70.4 12.4 17.2         0                 8.8 82.1         9      0                 23.2 13.1 63.5       0.3
 Total %       0.9 40.7    1.1   0     42.7         5   0.9     1.2      0        7.1      3.8 35.3       3.9      0         43      1.7   0.9    4.5       0       7.1
