                                                             MoDOT - District #4
                                                                     600 NE Colbern Rd
                                                                   Lee's Summit, MO 64086
                                                                                                                                         File Name         : MO-7 @ Mock
                                                                                                                                         Site Code         : 05242007
                                                                                                                                         Start Date        : 5/24/2007
                                                                                                                                         Page No           :1


                                                                     Groups Printed-
                        MO-7                                    Mock                   MO-7                                                    Mock
                     From North                               From East              From South                                              From West
 Start Time Left    Thru   Right   Peds   App. Total   Left Thru Right Peds     App. Total   Left   Thru   Right   Peds         Left Thru
                                                                                                                          App. Total               Right   Peds   App. Total   Int. Total

06:00 AM     12     105 18           0      135          3 13 25          0         41         2    180 13           0      195 20      8            6       0        34        405
06:15 AM 31         157 38           0      226          6 10 26          0         42         3    213 19           0      235 29      4            2       0        35        538
06:30 AM 57         189 65           0      311         16 25 24          0         65        12    233 47           0      292 20 10               11       0        41        709
06:45 AM 89         228 116          0      433         40 87 87          0        214        16    304 62           0      382 101 41              23       0       165       1194
      Total 189     679 237          0     1105         65 135 162        0        362        33    930 141          0     1104 170 63              42       0       275       2846

07:00 AM 93         249 156          0       498        64 96        80    0       240        41    337     75       0       453        81   48     38       0       167       1358
07:15 AM 84         297 169          0       550        76 100       89    0       265        83    321     91       0       495        66   71     34       0       171       1481
07:30 AM 29         263 83           0       375        10 20        27    0        57        31    292     24       0       347        26   18     10       0        54        833
07:45 AM 61         263 96           0       420        34 63        64    0       161        51    310     22       0       383        42   34     19       0        95       1059
     Total 267      1072   504        0     1843       184   279    260     0       723      206 1260      212        0     1678       215   171   101        0       487        4731



 11:00 AM      24    213    22        0      259        24    21     40     1        86       16    194      20       0       230       35    23     14       0        72         647
 11:15 AM      25    200    23        0      248        31    25     49     0       105       16    220      22       0       258       25    16     25       0        66         677
 11:30 AM      47    224    25        1      297        31    10     38     0        79       16    221      29       0       266       32    15     17       0        64         706
 11:45 AM      23    205    63        2      293        25    19     40     0        84       25    176      25       0       226       34    17     18       0        69         672
      Total   119    842   133        3     1097       111    75    167     1       354       73    811      96       0       980      126    71     74       0       271        2702

 12:00 PM      30    247    23        0      300        32    16     46     0        94       21 249        46        0      316        39    12    37        0        88         798
 12:15 PM      28    279    27        0      334        43    22     49     0       114       29 285        29        0      343        39    14    39        0        92         883
 12:30 PM      33    219    35        0      287        20    16     32     1        69       11 257        27        0      295        42    26    25        0        93         744
 12:45 PM      40    241    27        0      308        29    16     36     0        81       24 245        33        0      302        45    24    25        0        94         785
     Total    131    986   112        0     1229       124    70    163     1       358       85 1036      135        0     1256       165    76   126        0       367        3210



 04:00 PM      36 343       58        0      437        29    38     66     0       133       10 292         16       0      318        78    26    24        0       128        1016
 04:15 PM      38 307       57        0      402        17    19     56     0        92        7 309         20       0      336        55    23    33        0       111         941
 04:30 PM      36 364       53        0      453        23    27     70     0       120       23 348         29       0      400        69    32    31        0       132        1105
 04:45 PM      39 383       56        0      478        27    17     54     5       103       22 300         18       0      340        60    29    26        2       117        1038
     Total    149 1397     224        0     1770        96   101    246     5       448       62 1249        83       0     1394       262   110   114        2       488        4100

 05:00 PM      38 462       81        0      581        22    30    109     1       162       22 438        31        0      491        53    38    21        0       112        1346
 05:15 PM      47 442       44        0      533        37    26     75     0       138       11 379        28        0      418        59    23    22        0       104        1193
 05:30 PM      45 435       65        0      545        17    17     46     0        80       20 340        32        0      392        49    24    38        0       111        1128
 05:45 PM      62 421       56        0      539        24    20     45     0        89       21 354        25        0      400        39    17    19        0        75        1103
     Total    192 1760     246        0     2198       100    93    275     1       469       74 1511      116        0     1701       200   102   100        0       402        4770

Grand Total 1047 6736 1456            3     9242       680   753 1273       8     2714       533 6797      783        0     8113 1138        593   557        2     2290       22359
Apprch % 11.3 72.9 15.8              0                 25.1 27.7 46.9     0.3                6.6 83.8       9.7      0                 49.7 25.9 24.3       0.1
 Total % 4.7 30.1 6.5                0      41.3         3   3.4    5.7     0     12.1       2.4 30.4       3.5      0      36.3       5.1   2.7    2.5       0     10.2
