                                                       MoDOT - District #4
                                                               600 NE Colbern Rd
                                                             Lee's Summit, MO 64086
                                                                                                                                    File Name       : MO-7 @ Duncan
                                                                                                                                    Site Code       : 06072007
                                                                                                                                    Start Date      : 6/7/2007
                                                                                                                                    Page No         :1


                                                          Groups Printed- All Vehicles
                       MO-7                              Duncan                   MO-7                                                      Duncan
                    From North                          From East              From South                                                  From West
Start Time Left Thru Right Peds            Left Thru
                                    App. Total                Right   Peds   App. Total   Left   Thru   Right   Peds   App. Total   Left Thru    Right   Peds   App. Total   Int. Total

06:00 AM      14 88        8    0      110 50 12               16       0        78         7     66     18       0        91         4     6     12       0        22        301
06:15 AM       4 107      11    0      122 86 15               20       0       121         4     87     13       0       104        20     4     13       0        37        384
06:30 AM       8 99       11    0      118 85 10               23       0       118         5    141      9       0       155        19     3     10       0        32        423
06:45 AM      10 179      13    0      202 64 19               21       0       104         9    221      9       0       239        15     7     12       0        34        579
     Total    36 473      43    0      552 285 56              80       0       421        25    515     49       0       589        58 20        47       0       125       1687

07:00 AM      21   205    31    0     257 78           42      18       0       138        23    261 29           0       313 28           14 44           0        86        794
07:15 AM       9   167    11    0     187 88           17      22       0       127         9    172 14           0       195 15            7 25           0        47        556
07:30 AM       8   221    12    0     241 91           14      23       0       128        15    142 28           0       185 15           13 23           1        52        606
07:45 AM      24   266    29    0     319 67           21      31       0       119        18    215 41           0       274 42           17 49           0       108        820
     Total    62   859    83    0    1004 324          94      94       0       512        65    790 112          0       967 100          51 141          1       293       2776



11:00 AM      12   122 18       0      152 47          17      16       0        80 35           152 42           0      229         26 32 13              0        71        532
11:15 AM      19   214 31       0      264 80          16      24       0       120 28           260 56           0      344         25 31 31              0        87        815
11:30 AM      14   178 22       0      214 51          14      19       0        84 20           192 32           0      244         23 20 28              0        71        613
11:45 AM      13   196 31       0      240 62          28      16       1       107 29           222 37           0      288         25 24 35              0        84        719
     Total    58   710 102      0      870 240         75      75       1       391 112          826 167          0     1105         99 107 107            0       313       2679

12:00 PM      21   254 42       0      317 71 35               26       0       132 38           284 55           0      377 27 32 41                      0       100        926
12:15 PM      20   142 32       0      194 91 41               22       0       154 37           171 55           0      263 24 41 43                      0       108        719
12:30 PM      17   151 32       0      200 57 22               19       0        98 47           207 56           0      310 26 25 33                      0        84        692
12:45 PM      21   214 38       0      273 75 14               23       0       112 31           254 44           0      329 28 20 45                      0        93        807
    Total     79   761 144      0      984 294 112             90       0       496 153          916 210          0     1279 105 118 162                   0       385       3144



04:00 PM      54 324      60    0      438        24   11      21       0         56       13 302        63       0       378        45    24     27       0        96        968
04:15 PM      26 333      45    0      404        44   24      15       0         83       42 320        66       0       428        36    47     27       0       110       1025
04:30 PM      21 318      20    0      359        43   16      21       0         80       51 292        29       0       372        69    50     27       0       146        957

     Total 101 975 125          0    1201 111          51      57       0       219 106 914 158                   0     1178 150 121              81       0       352       2950


05:15 PM  25       318    34    0      377        61    9        0      0         70        0 343        62       0       405        56    25     36       0       117          969
         361
Grand Total        4096   531   0     4988 1315        397    396        1     2109       461 4304      758        0     5523        568   442   574        1     1585       14205
Apprch % 7.2       82.1 10.6    0                62.4 18.8 18.8         0                 8.3 77.9 13.7           0                 35.8 27.9 36.2        0.1
 Total % 2.5       28.8 3.7     0     35.1       9.3   2.8     2.8      0      14.8       3.2 30.3 5.3            0      38.9         4    3.1      4       0     11.2
