                                                      MoDOT - District #4
                                                               600 NE Colbern Rd
                                                             Lee's Summit, MO 64086
                                                                                                                              File Name           : US-40 @ MO-7
                                                                                                                              Site Code           : 02072008
                                                                                                                              Start Date          : 2/7/2008
                                                                                                                              Page No             :1


                                                          Groups Printed- All Vehicles
                     MO-7                                 US-40                   MO-7                                                US-40
                  From North                            From East              From South                                           From West
Start Time Left Thru Right Peds   App. Total   Left   Thru    Right   Peds          Left
                                                                             App. Total    Thru   Right   Peds   App. Total   Left Thru   Right   Peds   App. Total   Int. Total

06:00 AM       3 26     9    0        38         8     61      16       0        85 33     100     14       0       147        15 16        8       0        39        309
06:15 AM       3 28    20    0        51        11     81      14       0       106 51     117      2       0       170        20 19       22       0        61        388
06:30 AM       7 39    21    0        67        22    102      15       0       139 54     130     24       0       208        16 35       14       0        65        479
06:45 AM      15 48    15    0        78        17    125      14       0       156 82     150     28       0       260        21 77        8       0       106        600
     Total    28 141   65    0       234        58    369      59       0       486 220    497     68       0       785        72 147      52       0       271       1776

07:00 AM      22 51     7    0        80 24           141      26       0       191 83     120      9       0       212 13 120 23                   0       156        639
07:15 AM      15 54    18    0        87 36           154      27       0       217 77      90     16       0       183 25 100 36                   0       161        648
07:30 AM       9 70    27    0       106 31           133      18       0       182 80     108     17       0       205 30 56 20                    0       106        599
07:45 AM      16 65    40    0       121 37           152      23       0       212 89     162     15       0       266 35 50 34                    0       119        718
     Total    62 240   92    0       394 128          580      94       0       802 329    480     57       0       866 103 326 113                 0       542       2604



11:00 AM 21      109 38      0       168 47 63                 20       0       130 43     106 22           0       171 42 57 45                    0       144        613
11:15 AM 30       93 62      0       185 56 86                 24       0       166 53      96 30           0       179 43 52 54                    0       149        679
11:30 AM 31      122 56      0       209 57 64                 20       0       141 50     105 30           0       185 49 73 53                    0       175        710
11:45 AM 37      125 53      0       215 47 63                 20       0       130 52     120 38           0       210 58 98 46                    0       202        757
     Total 119   449 209     0       777 207 276               84       0       567 198    427 120          0       745 192 280 198                 0       670       2759

12:00 PM 24      143 58      0       225 54 65                 24       0       143 46     132 37           0       215 47 71 59                    0       177        760
12:15 PM 29      136 55      0       220 49 76                 21       0       146 59     139 26           0       224 54 83 50                    0       187        777
12:30 PM 20      122 48      0       190 38 93                 29       0       160 44     145 42           0       231 66 79 58                    0       203        784
12:45 PM 27      130 54      0       211 53 53                 20       0       126 62     113 21           0       196 56 74 50                    0       180        713
    Total 100    531 215     0       846 194 287               94       0       575 211    529 126          0       866 223 307 217                 0       747       3034



04:00 PM 33      188 69      0      290 69             75      24       0       168 39     182 27           0      248 63          136 74           0      273         979
04:15 PM 38      174 71      0      283 79            119      22       0       220 48     164 43           0      255 55          153 78           0      286        1044
04:30 PM 41      190 64      1      296 74            100      20       0       194 39     184 28           0      251 64          159 83           0      306        1047
04:45 PM 37      212 53      0      302 63            134      22       0       219 57     195 39           0      291 80          163 93           0      336        1148
    Total 149    764 257     1     1171 285           428      88       0       801 183    725 137          0     1045 262         611 328          0     1201        4218

05:00 PM 34      170 55      0      259 67            104      19       0       190 56     178 48           0      282 101 170 81                   0      352        1083
05:15 PM 52      202 54      0      308 80            138      16       0       234 54     186 61           0      301 69 189 99                    0      357        1200
05:30 PM 33      217 46      0      296 74            116      15       0       205 49     133 52           0      234 69 190 102                   0      361        1096
05:45 PM 38      211 39      0      288 89            116      14       0       219 55     155 29           0      239 58 175 104                   0      337        1083
    Total 157    800 194     0     1151 310           474      64       0       848 214    652 190          0     1056 297 724 386                  0     1407        4462

         615 2925 1032
Grand Total                   1     4573 1182 2414            483        0     4079 1355 3310     698        0     5363 1149 2395 1294               0     4838       18853
Apprch % 13.4  64 22.6       0                  29 59.2 11.8            0           25.3 61.7       13      0           23.7 49.5 26.7              0
 Total % 3.3 15.5 5.5        0      24.3       6.3 12.8 2.6             0      21.6 7.2 17.6       3.7      0      28.4 6.1 12.7 6.9                0      25.7
