North & South:   : 2nd Street                                                                                                                           Site:                  4313
Between:         : Lake James & Hobbs                                                                                                                   Date:              3/4/2010
                                                                                                                                                                           Thursday
                                                                                        Daily Speed
                                                                                    Channel: North Bound

                           mph              0-      15 -     20 -       25 -         30 -      35 -     40 -        45 -     50 -     55 -     60 -     65 -      70 -
                                  Total    < 15     < 20     < 25       < 30         < 35      < 40     < 45        < 50     < 55     < 60     < 65     < 70     < 200
                      12:00 AM         9        0        0        0            0          1         3         1          4        0        0        0        0         0
                       1:00 AM         4        0        0        0            0          0         1         3          0        0        0        0        0         0
                       2:00 AM         3        0        0        0            0          1         0         0          1        1        0        0        0         0
                       3:00 AM         2        0        0        0            0          1         0         0          0        0        0        0        0         1
                       4:00 AM         1        0        0        0            0          1         0         0          0        0        0        0        0         0
                       5:00 AM         0        0        0        0            0          0         0         0          0        0        0        0        0         0
                       6:00 AM         4        0        0        0            0          0         2         2          0        0        0        0        0         0
                       7:00 AM        24        0        0        0            0          3        13         3          3        2        0        0        0         0
                       8:00 AM        79        0        0        0            6         18        29        15          9        1        1        0        0         0
                       9:00 AM        60        0        0        0            3         10        16        20          8        2        1        0        0         0
                      10:00 AM        55        2        0        3            3          5        16        12         11        1        2        0        0         0
                      11:00 AM        42        1        0        1            5          9         7        15          3        0        1        0        0         0
                      12:00 PM        72        0        0        1          11          14        23         8         10        2        3        0        0         0
                       1:00 PM        70        0        1        0            5         14        21        17          9        3        0        0        0         0
                       2:00 PM        63        0        0        2            6          9        21        14          9        2        0        0        0         0
                       3:00 PM        97        0        0        2            4         22        36        25          5        2        0        0        0         1
                       4:00 PM        95        0        1        1            9         18        28        24         11        1        1        1        0         0
                       5:00 PM       138        0        1        5            8         30        51        35          8        0        0        0        0         0
                       6:00 PM       132        0        0        2            6         29        45        34         14        2        0        0        0         0
                       7:00 PM        91        0        0        0          11          18        31        16         15        0        0        0        0         0
                       8:00 PM        61        0        0        0            3         11        24        14          8        1        0        0        0         0
                       9:00 PM        40        0        0        1            5         10        14         7          3        0        0        0        0         0
                      10:00 PM        38        0        0        1            3          7        15         9          3        0        0        0        0         0
                      11:00 PM        28        0        0        0            1          9         5         9          3        1        0        0        0         0
                          Total     1208        3        3       19          89         240      401        283        137       21        9        1        0         2
                             %                0.2      0.2      1.6          7.4       19.9      33.2      23.4       11.3      1.7      0.7      0.1      0.0       0.2


                   Percentile Speeds                 10 %     15 %      50 %         85 %     90 %
                   (mph)                              30.1     31.4      38.2         44.5     45.8

                   10 mph Pace Speed                           32.7 - 42.7         Average                     38.1 mph
                   Number in Pace                            743 (61.5 %)          Minimum                      5.8 mph
                                                                                   Maximum                     72.7 mph

                   Speeds Exceeded                  30 mph     45 mph           55 mph        65 mph
                                                    90.6 %     14.1 %            1.0 %         0.2 %
                   Count                              1094        170               12             2
North & South:   : 2nd Street                                                                                                                                 Site:                  4313
Between:         : Lake James & Hobbs                                                                                                                         Date:              3/5/2010
                                                                                                                                                                                    Friday
                                                                                          Daily Speed
                                                                                      Channel: North Bound

                           mph               0-      15 -     20 -       25 -          30 -      35 -     40 -        45 -         50 -     55 -     60 -     65 -      70 -
                                  Total     < 15     < 20     < 25       < 30          < 35      < 40     < 45        < 50         < 55     < 60     < 65     < 70     < 200
                      12:00 AM         15        0        0        1             1          4         4         1              1        2        0        1        0         0
                       1:00 AM         10        0        0        0             0          4         3         0              2        0        1        0        0         0
                       2:00 AM          6        0        1        0             1          0         1         3              0        0        0        0        0         0
                       3:00 AM          4        0        0        0             0          0         3         0              1        0        0        0        0         0
                       4:00 AM          2        0        0        0             0          1         0         1              0        0        0        0        0         0
                       5:00 AM          6        1        0        2             0          1         0         1              1        0        0        0        0         0
                       6:00 AM          8        2        0        0             0          1         3         1              1        0        0        0        0         0
                       7:00 AM         25        0        0        0             1          7         6         5              4        1        1        0        0         0
                       8:00 AM         98        1        1        2             8         19        36        21              7        2        1        0        0         0
                       9:00 AM         45        0        0        0             4         14        14         8              3        1        1        0        0         0
                      10:00 AM         47        0        0        1             6         11        14        11              3        0        1        0        0         0
                      11:00 AM         58        0        0        2             6         13        15        14              2        4        1        1        0         0
                      12:00 PM         71        1        0        3             9         18        18        12              7        2        1        0        0         0
                       1:00 PM         86        1        0        0             8         15        34        16            10         2        0        0        0         0
                       2:00 PM         84        0        0        1             6         18        30        19              7        3        0        0        0         0
                       3:00 PM         79        0        0        4             5         18        29        14              7        2        0        0        0         0
                       4:00 PM       101         0        0        2             8         25        36        22              5        2        1        0        0         0
                       5:00 PM       161         0        1        5           11          47        37        39            10         6        5        0        0         0
                       6:00 PM       142         1        4        5             7         23        54        34            11         2        1        0        0         0
                       7:00 PM         80        0        0        1             7         21        33        10              8        0        0        0        0         0
                       8:00 PM         51        0        0        1             2         14        19         8              6        1        0        0        0         0
                       9:00 PM         39        0        0        0             5          7        17         7              1        0        2        0        0         0
                      10:00 PM         37        0        1        1             3          8         7        11              4        2        0        0        0         0
                      11:00 PM         36        0        0        2             4          3        16         7              4        0        0        0        0         0
                          Total     1291         7        8       33          102         292      429        265           105        32      16         2        0         0
                             %                 0.5      0.6      2.6           7.9       22.6      33.2      20.5            8.1      2.5      1.2      0.2      0.0       0.0


                   Percentile Speeds                  10 %     15 %      50 %          85 %     90 %
                   (mph)                               29.2     30.7      37.7          43.8     45.8

                   10 mph Pace Speed                            32.7 - 42.7          Average                     37.4 mph
                   Number in Pace                             763 (59.1 %)           Minimum                      6.7 mph
                                                                                     Maximum                     60.8 mph

                   Speeds Exceeded                   30 mph     45 mph           55 mph         65 mph
                                                     88.4 %     12.0 %            1.4 %          0.0 %
                   Count                               1141        155               18              0
North & South:   : 2nd Street                                                                                                                            Site:                  4313
Between:         : Lake James & Hobbs                                                                                                                    Date:              3/6/2010
                                                                                                                                                                            Saturday
                                                                                         Daily Speed
                                                                                     Channel: North Bound

                           mph               0-      15 -     20 -       25 -         30 -      35 -     40 -        45 -     50 -     55 -     60 -     65 -      70 -
                                  Total     < 15     < 20     < 25       < 30         < 35      < 40     < 45        < 50     < 55     < 60     < 65     < 70     < 200
                      12:00 AM         24        0        0        0            2          4        12         3          3        0        0        0        0         0
                       1:00 AM         21        0        0        1            0          2         7         6          2        1        1        1        0         0
                       2:00 AM         13        0        0        0            1          2         3         5          2        0        0        0        0         0
                       3:00 AM         19        0        0        0            0          3         8         3          4        1        0        0        0         0
                       4:00 AM          5        0        1        0            0          0         2         2          0        0        0        0        0         0
                       5:00 AM          6        0        0        0            0          2         1         1          1        1        0        0        0         0
                       6:00 AM          5        0        0        0            0          0         2         3          0        0        0        0        0         0
                       7:00 AM         12        0        0        0            2          4         4         2          0        0        0        0        0         0
                       8:00 AM         28        1        0        1            3          7         3         7          5        0        1        0        0         0
                       9:00 AM         37        0        0        2            3          8        14         5          4        1        0        0        0         0
                      10:00 AM         41        0        1        2            5          9        10         6          5        2        1        0        0         0
                      11:00 AM         55        0        0        0            9          8        14        14          7        3        0        0        0         0
                      12:00 PM         68        0        0        4            7         17        19        14          6        1        0        0        0         0
                       1:00 PM         57        0        0        3            5         10        19        13          7        0        0        0        0         0
                       2:00 PM         72        0        0        3            7         16        14        18        13         1        0        0        0         0
                       3:00 PM         85        0        1        4            3         27        25        16          4        4        0        1        0         0
                       4:00 PM         82        0        0        3            7         20        22        21          8        1        0        0        0         0
                       5:00 PM         68        0        1        2            9          9        22        13          6        3        2        1        0         0
                       6:00 PM         65        0        0        2            3         13        24        12          6        4        1        0        0         0
                       7:00 PM         53        0        0        1            8         14        20         6          4        0        0        0        0         0
                       8:00 PM         53        0        0        1            3         13        19        13          3        0        1        0        0         0
                       9:00 PM         38        0        0        1            4          6        22         1          2        2        0        0        0         0
                      10:00 PM         41        0        0        0            3         14        10        11          2        0        1        0        0         0
                      11:00 PM         38        0        0        1            1          7        16         7          5        1        0        0        0         0
                          Total      986         1        4       31          85         215      312        202        99        26        8        3        0         0
                             %                 0.1      0.4      3.1          8.6       21.8      31.6      20.5       10.0      2.6      0.8      0.3      0.0       0.0


                   Percentile Speeds                  10 %     15 %      50 %         85 %     90 %
                   (mph)                               29.2     30.7      37.7         44.5     46.5

                   10 mph Pace Speed                            32.0 - 42.0         Average                     37.5 mph
                   Number in Pace                             580 (58.8 %)          Minimum                     11.1 mph
                                                                                    Maximum                     64.8 mph

                   Speeds Exceeded                   30 mph     45 mph           55 mph        65 mph
                                                     87.7 %     13.8 %            1.1 %         0.0 %
                   Count                                865        136               11             0
North & South:   : 2nd Street                                                                                                                               Site:                  4313
Between:         : Lake James & Hobbs                                                                                                                       Date:              3/7/2010
                                                                                                                                                                                Sunday
                                                                                         Daily Speed
                                                                                     Channel: North Bound

                           mph               0-      15 -     20 -       25 -         30 -      35 -     40 -        45 -        50 -     55 -     60 -     65 -      70 -
                                  Total     < 15     < 20     < 25       < 30         < 35      < 40     < 45        < 50        < 55     < 60     < 65     < 70     < 200
                      12:00 AM         28        0        0        0            4          7         8         6             3        0        0        0        0         0
                       1:00 AM         20        0        0        0            1          7        11         0             0        0        0        0        0         1
                       2:00 AM         15        0        0        0            1          2         5         4             1        1        0        0        0         1
                       3:00 AM         11        0        0        0            0          2         3         4             2        0        0        0        0         0
                       4:00 AM         11        0        0        0            0          1         3         3             1        0        3        0        0         0
                       5:00 AM          4        0        0        0            1          1         1         0             1        0        0        0        0         0
                       6:00 AM          6        0        0        0            0          0         2         1             2        0        1        0        0         0
                       7:00 AM          4        0        0        1            0          2         1         0             0        0        0        0        0         0
                       8:00 AM          9        0        0        1            0          3         0         3             2        0        0        0        0         0
                       9:00 AM         18        0        0        2            3          1         5         5             2        0        0        0        0         0
                      10:00 AM         28        0        0        0            1          9        10         2             4        1        1        0        0         0
                      11:00 AM         27        0        0        0            3          8         8         5             2        1        0        0        0         0
                      12:00 PM         35        0        1        3            4          5        11         6             4        0        1        0        0         0
                       1:00 PM         57        0        1        0            6         19        20         6             3        1        1        0        0         0
                       2:00 PM         46        0        0        4            3         10         9        14             5        1        0        0        0         0
                       3:00 PM         70        0        1        3            4          8        24        19           10         1        0        0        0         0
                       4:00 PM         71        0        1        4            9         16        15        21             3        1        1        0        0         0
                       5:00 PM         79        0        1        2            7         14        19        14           15         6        1        0        0         0
                       6:00 PM         79        0        0        2            9         12        24        27             4        1        0        0        0         0
                       7:00 PM         56        0        0        0            6         16        18        11             4        1        0        0        0         0
                       8:00 PM         35        0        0        1            0         11        12         8             1        2        0        0        0         0
                       9:00 PM         28        0        0        0            2          5        13         5             2        1        0        0        0         0
                      10:00 PM         25        0        0        0            1          6         9         5             3        1        0        0        0         0
                      11:00 PM         19        0        0        0            0          1        10         4             2        2        0        0        0         0
                          Total      781         0        5       23          65         166      241        173           76        21        9        0        0         2
                             %                 0.0      0.6      2.9          8.3       21.3      30.9      22.2           9.7      2.7      1.2      0.0      0.0       0.3


                   Percentile Speeds                  10 %     15 %      50 %         85 %     90 %
                   (mph)                               28.9     30.7      37.7         44.5     46.5

                   10 mph Pace Speed                            32.0 - 42.0         Average                     37.8 mph
                   Number in Pace                             448 (57.4 %)          Minimum                     15.6 mph
                                                                                    Maximum                     80.5 mph

                   Speeds Exceeded                   30 mph     45 mph           55 mph        65 mph
                                                     88.1 %     13.8 %            1.4 %         0.3 %
                   Count                                688        108               11             2
North & South:   : 2nd Street                                                                                                                                Site:                  4313
Between:         : Lake James & Hobbs                                                                                                                        Date:              3/8/2010
                                                                                                                                                                                 Monday
                                                                                         Daily Speed
                                                                                     Channel: North Bound

                           mph               0-      15 -     20 -       25 -         30 -      35 -     40 -        45 -         50 -     55 -     60 -     65 -      70 -
                                  Total     < 15     < 20     < 25       < 30         < 35      < 40     < 45        < 50         < 55     < 60     < 65     < 70     < 200
                      12:00 AM         16        0        0        1            1          4         3         5              2        0        0        0        0         0
                       1:00 AM          4        0        0        0            1          0         1         2              0        0        0        0        0         0
                       2:00 AM          4        0        0        0            0          3         1         0              0        0        0        0        0         0
                       3:00 AM          4        0        0        0            0          0         2         1              0        1        0        0        0         0
                       4:00 AM          0        0        0        0            0          0         0         0              0        0        0        0        0         0
                       5:00 AM          1        0        0        0            0          0         0         1              0        0        0        0        0         0
                       6:00 AM          6        0        2        0            0          1         1         2              0        0        0        0        0         0
                       7:00 AM         25        0        1        0            2          4         9         2              4        3        0        0        0         0
                       8:00 AM         82        0        0        2            6         19        24        24              5        2        0        0        0         0
                       9:00 AM         54        0        0        2            3         16        19         9              5        0        0        0        0         0
                      10:00 AM         56        1        0        2            5         18        17         9              3        1        0        0        0         0
                      11:00 AM         59        2        1        3            7         13        17        11              5        0        0        0        0         0
                      12:00 PM         65        0        0        1            6         15        20        18              5        0        0        0        0         0
                       1:00 PM         82        0        1        1            7         19        22        18              9        5        0        0        0         0
                       2:00 PM         77        0        0        4            5         19        22        16            10         1        0        0        0         0
                       3:00 PM         84        0        0        0            3         19        24        29              5        4        0        0        0         0
                       4:00 PM       102         0        2        3            8         14        29        30            13         2        1        0        0         0
                       5:00 PM       128         0        0        2            6         29        45        33            13         0        0        0        0         0
                       6:00 PM       139         0        0        4            6         24        43        44            15         2        0        0        0         1
                       7:00 PM         83        0        0        1            4         11        34        26              4        1        1        0        0         1
                       8:00 PM         44        0        0        1            5          7        15        12              3        0        0        1        0         0
                       9:00 PM         32        0        1        0            3          6        13         5              3        1        0        0        0         0
                      10:00 PM         28        0        0        1            3          4         7        10              3        0        0        0        0         0
                      11:00 PM         18        0        0        0            2          2         5         7              1        1        0        0        0         0
                          Total     1193         3        8       28          83         247      373        314           108        24        2        1        0         2
                             %                 0.3      0.7      2.3          7.0       20.7      31.3      26.3            9.1      2.0      0.2      0.1      0.0       0.2


                   Percentile Speeds                  10 %     15 %      50 %         85 %     90 %
                   (mph)                               29.8     31.7      37.7         43.8     45.1

                   10 mph Pace Speed                            33.9 - 43.9         Average                     37.8 mph
                   Number in Pace                             739 (61.9 %)          Minimum                      9.4 mph
                                                                                    Maximum                     93.1 mph

                   Speeds Exceeded                   30 mph     45 mph           55 mph        65 mph
                                                     89.8 %     11.5 %            0.4 %         0.2 %
                   Count                               1071        137                5             2
North & South:   : 2nd Street                                                                                                                            Site:                  4313
Between:         : Lake James & Hobbs                                                                                                                    Date:              3/9/2010
                                                                                                                                                                            Tuesday
                                                                                         Daily Speed
                                                                                     Channel: North Bound

                           mph               0-      15 -     20 -       25 -         30 -      35 -     40 -        45 -     50 -     55 -     60 -     65 -      70 -
                                  Total     < 15     < 20     < 25       < 30         < 35      < 40     < 45        < 50     < 55     < 60     < 65     < 70     < 200
                      12:00 AM         14        0        0        1            0          4         6         3          0        0        0        0        0         0
                       1:00 AM          3        0        0        0            0          1         1         0          1        0        0        0        0         0
                       2:00 AM          2        0        0        0            0          0         0         1          1        0        0        0        0         0
                       3:00 AM          0        0        0        0            0          0         0         0          0        0        0        0        0         0
                       4:00 AM          2        0        0        0            0          1         0         0          1        0        0        0        0         0
                       5:00 AM          0        0        0        0            0          0         0         0          0        0        0        0        0         0
                       6:00 AM          6        0        0        0            0          0         3         2          1        0        0        0        0         0
                       7:00 AM         28        0        0        1            4          3        10         6          3        0        1        0        0         0
                       8:00 AM         90        0        0        0          10          18        26        24         12        0        0        0        0         0
                       9:00 AM         56        0        0        1            7         11        12        10          8        6        1        0        0         0
                      10:00 AM         38        0        0        1            9          8         9         9          1        1        0        0        0         0
                      11:00 AM         58        1        0        2            7         13        11        19          5        0        0        0        0         0
                      12:00 PM         60        3        0        2            3         10        19        16          6        1        0        0        0         0
                       1:00 PM         85        0        1        5          13          26        19        14          6        0        1        0        0         0
                       2:00 PM         68        0        0        3            4         14        20        17         10        0        0        0        0         0
                       3:00 PM         96        0        0        0          10          12        38        24         10        2        0        0        0         0
                       4:00 PM       108         0        2        1            8         19        34        30          9        4        1        0        0         0
                       5:00 PM       143         0        1        0            5         16        37        52         25        6        1        0        0         0
                       6:00 PM       129         1        0        1            5         18        41        38         22        2        1        0        0         0
                       7:00 PM         89        0        3        0            1         16        33        28          8        0        0        0        0         0
                       8:00 PM         62        0        0        1            3         13        25        13          6        1        0        0        0         0
                       9:00 PM         55        0        0        0            7         18        16         8          5        1        0        0        0         0
                      10:00 PM         38        0        0        0            1         10        12        10          2        1        2        0        0         0
                      11:00 PM         17        0        0        0            1          5         7         4          0        0        0        0        0         0
                          Total     1247         5        7       19          98         236      379        328        142       25        8        0        0         0
                             %                 0.4      0.6      1.5          7.9       18.9      30.4      26.3       11.4      2.0      0.6      0.0      0.0       0.0


                   Percentile Speeds                  10 %     15 %      50 %         85 %     90 %
                   (mph)                               29.8     31.7      38.2         44.5     45.8

                   10 mph Pace Speed                            32.7 - 42.7         Average                     38.1 mph
                   Number in Pace                             756 (60.6 %)          Minimum                      5.8 mph
                                                                                    Maximum                     59.6 mph

                   Speeds Exceeded                   30 mph     45 mph           55 mph        65 mph
                                                     89.7 %     14.0 %            0.6 %         0.0 %
                   Count                               1118        175                8             0
North & South:   : 2nd Street                                                                                                                                 Site:                  4313
Between:         : Lake James & Hobbs                                                                                                                         Date:              3/4/2010
                                                                                                                                                                                 Thursday
                                                                                            Daily Speed
                                                                                        Channel: West Bound

                           mph                0-      15 -     20 -       25 -          30 -      35 -     40 -        45 -        50 -     55 -     60 -     65 -      70 -
                                  Total      < 15     < 20     < 25       < 30          < 35      < 40     < 45        < 50        < 55     < 60     < 65     < 70     < 200
                      12:00 AM           4        0        0        0             0          3         0        1              0        0        0        0        0         0
                       1:00 AM           2        0        0        0             0          1         0        1              0        0        0        0        0         0
                       2:00 AM           2        0        0        0             0          2         0        0              0        0        0        0        0         0
                       3:00 AM           1        0        0        0             0          0         0        1              0        0        0        0        0         0
                       4:00 AM           1        0        0        0             0          0         1        0              0        0        0        0        0         0
                       5:00 AM           1        0        0        0             0          1         0        0              0        0        0        0        0         0
                       6:00 AM           5        0        0        0             2          3         0        0              0        0        0        0        0         0
                       7:00 AM          30        0        0        2             7         14         5        1              1        0        0        0        0         0
                       8:00 AM          91        1        0        3            14         39        31        3              0        0        0        0        0         0
                       9:00 AM          37        1        1        1            13         11         7        2              1        0        0        0        0         0
                      10:00 AM          41        1        2        2            16         13         7        0              0        0        0        0        0         0
                      11:00 AM          28        0        2        3             2         16         5        0              0        0        0        0        0         0
                      12:00 PM          37        0        0        3            12         11        10        1              0        0        0        0        0         0
                       1:00 PM          33        1        1        2            10         13         5        1              0        0        0        0        0         0
                       2:00 PM          39        0        0        5            14         12         5        3              0        0        0        0        0         0
                       3:00 PM          45        0        0        2            13         18        11        1              0        0        0        0        0         0
                       4:00 PM          46        0        1        7            11         17         8        1              1        0        0        0        0         0
                       5:00 PM          56        0        0        5            20         19        11        1              0        0        0        0        0         0
                       6:00 PM          66        0        0        1            19         30        15        0              1        0        0        0        0         0
                       7:00 PM          33        0        0        0             9         14         7        3              0        0        0        0        0         0
                       8:00 PM          27        0        0        1             8         13         5        0              0        0        0        0        0         0
                       9:00 PM          12        0        0        0             4          6         2        0              0        0        0        0        0         0
                      10:00 PM           9        0        2        0             0          5         2        0              0        0        0        0        0         0
                      11:00 PM           9        0        0        1             2          5         1        0              0        0        0        0        0         0
                          Total        655        4        9       38           176        266      138       20               4        0        0        0        0         0
                             %                  0.6      1.4      5.8          26.9       40.6      21.1      3.1            0.6      0.0      0.0      0.0      0.0       0.0


                   Percentile Speeds                   10 %     15 %      50 %          85 %     90 %
                   (mph)                                25.5     26.6      31.4          36.8     37.7

                   10 mph Pace Speed                             27.3 - 37.3          Average                     31.6 mph
                   Number in Pace                              471 (71.9 %)           Minimum                      6.4 mph
                                                                                      Maximum                     49.6 mph

                   Speeds Exceeded                    30 mph     45 mph           55 mph         65 mph
                                                      65.3 %      0.6 %            0.0 %          0.0 %
                   Count                                 428          4                0              0
North & South:   : 2nd Street                                                                                                                                 Site:                  4313
Between:         : Lake James & Hobbs                                                                                                                         Date:              3/5/2010
                                                                                                                                                                                    Friday
                                                                                            Daily Speed
                                                                                        Channel: West Bound

                           mph                0-      15 -     20 -       25 -          30 -      35 -     40 -        45 -        50 -     55 -     60 -     65 -      70 -
                                  Total      < 15     < 20     < 25       < 30          < 35      < 40     < 45        < 50        < 55     < 60     < 65     < 70     < 200
                      12:00 AM           3        0        0        0             0          2         1        0              0        0        0        0        0         0
                       1:00 AM           3        0        0        0             0          2         1        0              0        0        0        0        0         0
                       2:00 AM           2        0        0        0             1          1         0        0              0        0        0        0        0         0
                       3:00 AM           1        0        0        0             0          1         0        0              0        0        0        0        0         0
                       4:00 AM           0        0        0        0             0          0         0        0              0        0        0        0        0         0
                       5:00 AM           2        0        0        0             0          1         1        0              0        0        0        0        0         0
                       6:00 AM           4        2        1        0             1          0         0        0              0        0        0        0        0         0
                       7:00 AM          37        0        0        1            10         12        10        3              1        0        0        0        0         0
                       8:00 AM          82        0        4        5            18         38        15        1              0        0        0        1        0         0
                       9:00 AM          44        0        1        8            13         16         6        0              0        0        0        0        0         0
                      10:00 AM          31        0        0        5             6         10         8        2              0        0        0        0        0         0
                      11:00 AM          34        0        0        4            11         11         5        3              0        0        0        0        0         0
                      12:00 PM          50        0        4        5             9         18        13        1              0        0        0        0        0         0
                       1:00 PM          30        0        3        2            10          9         4        2              0        0        0        0        0         0
                       2:00 PM          43        2        1        6             9         18         6        1              0        0        0        0        0         0
                       3:00 PM          40        0        1        1             9         18         8        2              0        0        0        0        0         1
                       4:00 PM          51        0        0        2            17         18        11        2              1        0        0        0        0         0
                       5:00 PM          66        1        0        5            21         24        13        1              1        0        0        0        0         0
                       6:00 PM          57        0        0        0            21         22        12        2              0        0        0        0        0         0
                       7:00 PM          36        1        1        2            15          7        10        0              0        0        0        0        0         0
                       8:00 PM          19        0        0        2            10          5         2        0              0        0        0        0        0         0
                       9:00 PM           9        0        0        0             1          5         3        0              0        0        0        0        0         0
                      10:00 PM          17        0        0        2             4         10         1        0              0        0        0        0        0         0
                      11:00 PM           9        0        0        1             1          6         1        0              0        0        0        0        0         0
                          Total        670        6       16       51           187        254      131       20               3        0        0        1        0         1
                             %                  0.9      2.4      7.6          27.9       37.9      19.6      3.0            0.4      0.0      0.0      0.1      0.0       0.1


                   Percentile Speeds                   10 %     15 %      50 %          85 %     90 %
                   (mph)                                24.6     25.9      31.7          36.3     37.2

                   10 mph Pace Speed                             25.9 - 35.9          Average                     31.1 mph
                   Number in Pace                              470 (70.1 %)           Minimum                      5.4 mph
                                                                                      Maximum                     72.7 mph

                   Speeds Exceeded                    30 mph     45 mph           55 mph         65 mph
                                                      61.2 %      0.7 %            0.3 %          0.1 %
                   Count                                 410          5                2              1
North & South:   : 2nd Street                                                                                                                                 Site:                  4313
Between:         : Lake James & Hobbs                                                                                                                         Date:              3/6/2010
                                                                                                                                                                                 Saturday
                                                                                            Daily Speed
                                                                                        Channel: West Bound

                           mph                0-      15 -     20 -       25 -          30 -      35 -     40 -        45 -        50 -     55 -     60 -     65 -      70 -
                                  Total      < 15     < 20     < 25       < 30          < 35      < 40     < 45        < 50        < 55     < 60     < 65     < 70     < 200
                      12:00 AM           8        0        0        0             2          3         2        0              1        0        0        0        0         0
                       1:00 AM           6        0        0        0             3          1         1        0              0        1        0        0        0         0
                       2:00 AM           4        0        0        1             0          3         0        0              0        0        0        0        0         0
                       3:00 AM           4        0        0        0             1          2         1        0              0        0        0        0        0         0
                       4:00 AM           2        0        0        0             1          1         0        0              0        0        0        0        0         0
                       5:00 AM           2        0        0        0             1          0         0        1              0        0        0        0        0         0
                       6:00 AM           3        0        1        0             0          1         0        1              0        0        0        0        0         0
                       7:00 AM           5        0        1        0             1          3         0        0              0        0        0        0        0         0
                       8:00 AM          25        0        1        2             7          9         6        0              0        0        0        0        0         0
                       9:00 AM          33        0        1        1            10         10        10        1              0        0        0        0        0         0
                      10:00 AM          25        0        1        2             5         11         2        3              0        0        0        0        0         1
                      11:00 AM          35        0        0        2             9         15         9        0              0        0        0        0        0         0
                      12:00 PM          39        0        0        5            13         12         7        2              0        0        0        0        0         0
                       1:00 PM          35        0        0        9            10          9         5        1              1        0        0        0        0         0
                       2:00 PM          18        0        0        2             7          9         0        0              0        0        0        0        0         0
                       3:00 PM          21        0        2        2             2          9         6        0              0        0        0        0        0         0
                       4:00 PM          37        1        0        4             8         15         6        1              0        1        0        0        0         1
                       5:00 PM          35        0        1        3             8         14         6        2              1        0        0        0        0         0
                       6:00 PM          20        0        0        1             7          8         2        2              0        0        0        0        0         0
                       7:00 PM          18        0        0        0             3          8         5        0              1        0        0        0        0         1
                       8:00 PM          19        0        0        4             7          7         0        1              0        0        0        0        0         0
                       9:00 PM          10        0        0        1             3          2         4        0              0        0        0        0        0         0
                      10:00 PM           8        0        0        1             2          4         1        0              0        0        0        0        0         0
                      11:00 PM          10        0        0        1             2          4         2        1              0        0        0        0        0         0
                          Total        422        1        8       41           112        160        75      16               4        2        0        0        0         3
                             %                  0.2      1.9      9.7          26.5       37.9      17.8      3.8            0.9      0.5      0.0      0.0      0.0       0.7


                   Percentile Speeds                   10 %     15 %      50 %          85 %     90 %
                   (mph)                                24.0     25.7      31.7          36.3     38.2

                   10 mph Pace Speed                             26.4 - 36.4          Average                     31.6 mph
                   Number in Pace                              286 (67.8 %)           Minimum                     14.3 mph
                                                                                      Maximum                     76.4 mph

                   Speeds Exceeded                    30 mph     45 mph           55 mph         65 mph
                                                      61.6 %      2.1 %            0.7 %          0.7 %
                   Count                                 260          9                3              3
North & South:   : 2nd Street                                                                                                                                 Site:                  4313
Between:         : Lake James & Hobbs                                                                                                                         Date:              3/7/2010
                                                                                                                                                                                  Sunday
                                                                                            Daily Speed
                                                                                        Channel: West Bound

                           mph                0-      15 -     20 -       25 -          30 -      35 -     40 -        45 -        50 -     55 -     60 -     65 -      70 -
                                  Total      < 15     < 20     < 25       < 30          < 35      < 40     < 45        < 50        < 55     < 60     < 65     < 70     < 200
                      12:00 AM           9        0        0        0             3          3         2        0              0        1        0        0        0         0
                       1:00 AM           3        0        0        0             0          3         0        0              0        0        0        0        0         0
                       2:00 AM           8        0        0        0             0          5         2        1              0        0        0        0        0         0
                       3:00 AM           4        0        0        0             0          0         3        1              0        0        0        0        0         0
                       4:00 AM           3        0        0        0             0          2         1        0              0        0        0        0        0         0
                       5:00 AM           2        0        0        0             0          2         0        0              0        0        0        0        0         0
                       6:00 AM           6        0        0        1             0          1         3        1              0        0        0        0        0         0
                       7:00 AM           1        0        0        0             0          0         0        1              0        0        0        0        0         0
                       8:00 AM           6        0        0        1             0          2         2        1              0        0        0        0        0         0
                       9:00 AM          14        0        0        1             4          4         3        1              0        1        0        0        0         0
                      10:00 AM          20        0        0        0             7          8         5        0              0        0        0        0        0         0
                      11:00 AM          19        0        0        3             2         12         1        1              0        0        0        0        0         0
                      12:00 PM          22        0        0        1             7          8         5        1              0        0        0        0        0         0
                       1:00 PM          26        0        2        2             5         12         3        1              1        0        0        0        0         0
                       2:00 PM          27        0        1        4             8          9         4        1              0        0        0        0        0         0
                       3:00 PM          30        1        0        4             7         12         6        0              0        0        0        0        0         0
                       4:00 PM          18        0        1        0             4          9         3        1              0        0        0        0        0         0
                       5:00 PM          35        0        2        4             7         11        10        1              0        0        0        0        0         0
                       6:00 PM          31        0        2        2            10         10         4        3              0        0        0        0        0         0
                       7:00 PM          22        0        0        3             6          4         6        3              0        0        0        0        0         0
                       8:00 PM          11        0        0        3             1          6         0        1              0        0        0        0        0         0
                       9:00 PM          12        0        0        1             5          4         1        0              1        0        0        0        0         0
                      10:00 PM           9        0        0        1             2          4         2        0              0        0        0        0        0         0
                      11:00 PM           4        0        1        0             1          2         0        0              0        0        0        0        0         0
                          Total        342        1        9       31            79        133        66      19               2        2        0        0        0         0
                             %                  0.3      2.6      9.1          23.1       38.9      19.3      5.6            0.6      0.6      0.0      0.0      0.0       0.0


                   Percentile Speeds                   10 %     15 %      50 %          85 %     90 %
                   (mph)                                24.4     25.7      31.4          37.2     38.7

                   10 mph Pace Speed                             26.4 - 36.4          Average                     31.5 mph
                   Number in Pace                              229 (67.0 %)           Minimum                     12.2 mph
                                                                                      Maximum                     50.5 mph

                   Speeds Exceeded                    30 mph     45 mph           55 mph         65 mph
                                                      64.9 %      1.2 %            0.0 %          0.0 %
                   Count                                 222          4                0              0
North & South:   : 2nd Street                                                                                                                                 Site:                  4313
Between:         : Lake James & Hobbs                                                                                                                         Date:              3/8/2010
                                                                                                                                                                                  Monday
                                                                                            Daily Speed
                                                                                        Channel: West Bound

                           mph                0-      15 -     20 -       25 -          30 -      35 -     40 -        45 -        50 -     55 -     60 -     65 -      70 -
                                  Total      < 15     < 20     < 25       < 30          < 35      < 40     < 45        < 50        < 55     < 60     < 65     < 70     < 200
                      12:00 AM           6        0        0        0             0          3         3        0              0        0        0        0        0         0
                       1:00 AM           0        0        0        0             0          0         0        0              0        0        0        0        0         0
                       2:00 AM           5        0        0        0             2          0         2        1              0        0        0        0        0         0
                       3:00 AM           1        0        0        0             0          0         0        1              0        0        0        0        0         0
                       4:00 AM           1        0        0        0             0          1         0        0              0        0        0        0        0         0
                       5:00 AM           3        0        0        0             2          0         1        0              0        0        0        0        0         0
                       6:00 AM           6        0        0        1             2          1         1        1              0        0        0        0        0         0
                       7:00 AM          25        0        0        1            11         10         3        0              0        0        0        0        0         0
                       8:00 AM          82        0        0        6            21         33        17        5              0        0        0        0        0         0
                       9:00 AM          46        0        0       10            16         14         6        0              0        0        0        0        0         0
                      10:00 AM          24        0        3        3             7         11         0        0              0        0        0        0        0         0
                      11:00 AM          24        3        0        3             8          6         4        0              0        0        0        0        0         0
                      12:00 PM          38        1        0        4            11         13         8        1              0        0        0        0        0         0
                       1:00 PM          44        0        0        3            14         15        11        1              0        0        0        0        0         0
                       2:00 PM          32        0        0        4            10         10         8        0              0        0        0        0        0         0
                       3:00 PM          35        0        1        2            12         14         5        1              0        0        0        0        0         0
                       4:00 PM          44        0        0        4            15         11         9        4              0        0        1        0        0         0
                       5:00 PM          60        0        2        3            16         23        14        2              0        0        0        0        0         0
                       6:00 PM          39        0        1        2            12         19         5        0              0        0        0        0        0         0
                       7:00 PM          31        0        0        3            13         10         4        1              0        0        0        0        0         0
                       8:00 PM          13        0        0        1             7          3         2        0              0        0        0        0        0         0
                       9:00 PM          16        0        1        1             7          4         2        0              1        0        0        0        0         0
                      10:00 PM          11        0        0        3             2          4         2        0              0        0        0        0        0         0
                      11:00 PM           8        0        0        0             3          1         4        0              0        0        0        0        0         0
                          Total        594        4        8       54           191        206      111       18               1        0        1        0        0         0
                             %                  0.7      1.3      9.1          32.2       34.7      18.7      3.0            0.2      0.0      0.2      0.0      0.0       0.0


                   Percentile Speeds                   10 %     15 %      50 %          85 %     90 %
                   (mph)                                24.4     25.9      30.7          35.9     36.8

                   10 mph Pace Speed                             26.8 - 36.8          Average                     30.9 mph
                   Number in Pace                              425 (71.5 %)           Minimum                     11.7 mph
                                                                                      Maximum                     55.2 mph

                   Speeds Exceeded                    30 mph     45 mph           55 mph         65 mph
                                                      56.7 %      0.3 %            0.2 %          0.0 %
                   Count                                 337          2                1              0
North & South:   : 2nd Street                                                                                                                                 Site:                  4313
Between:         : Lake James & Hobbs                                                                                                                         Date:              3/9/2010
                                                                                                                                                                                 Tuesday
                                                                                            Daily Speed
                                                                                        Channel: West Bound

                           mph                0-      15 -     20 -       25 -          30 -      35 -     40 -        45 -        50 -     55 -     60 -     65 -      70 -
                                  Total      < 15     < 20     < 25       < 30          < 35      < 40     < 45        < 50        < 55     < 60     < 65     < 70     < 200
                      12:00 AM           2        0        0        0             1          1         0        0              0        0        0        0        0         0
                       1:00 AM           1        0        0        1             0          0         0        0              0        0        0        0        0         0
                       2:00 AM           1        0        0        0             0          0         1        0              0        0        0        0        0         0
                       3:00 AM           2        0        0        0             0          1         1        0              0        0        0        0        0         0
                       4:00 AM           2        0        0        0             0          0         1        1              0        0        0        0        0         0
                       5:00 AM           2        0        0        0             0          1         1        0              0        0        0        0        0         0
                       6:00 AM           7        0        0        1             4          1         0        1              0        0        0        0        0         0
                       7:00 AM          28        0        0        3             6         13         4        2              0        0        0        0        0         0
                       8:00 AM          77        0        0        3            13         40        18        3              0        0        0        0        0         0
                       9:00 AM          42        1        1        4            13         12         9        2              0        0        0        0        0         0
                      10:00 AM          35        0        0        8             6         10        10        1              0        0        0        0        0         0
                      11:00 AM          41        1        1        4            14         16         3        2              0        0        0        0        0         0
                      12:00 PM          46        0        2        4            11         16        11        2              0        0        0        0        0         0
                       1:00 PM          31        1        2        3             7         12         6        0              0        0        0        0        0         0
                       2:00 PM          27        0        1        2             6         12         5        1              0        0        0        0        0         0
                       3:00 PM          40        4        0        1             6         17         7        4              1        0        0        0        0         0
                       4:00 PM          63        0        0        3            11         19        26        3              0        0        0        0        0         1
                       5:00 PM          78        0        1        1            12         40        22        2              0        0        0        0        0         0
                       6:00 PM          62        0        0        2            14         28        16        2              0        0        0        0        0         0
                       7:00 PM          51        1        2        4            14         16        13        1              0        0        0        0        0         0
                       8:00 PM          22        0        1        4             5          8         3        1              0        0        0        0        0         0
                       9:00 PM          13        0        1        0             4          4         4        0              0        0        0        0        0         0
                      10:00 PM          10        0        0        0             3          6         1        0              0        0        0        0        0         0
                      11:00 PM           7        0        0        0             1          3         3        0              0        0        0        0        0         0
                          Total        690        8       12       48           151        276      165       28               1        0        0        0        0         1
                             %                  1.2      1.7      7.0          21.9       40.0      23.9      4.1            0.1      0.0      0.0      0.0      0.0       0.1


                   Percentile Speeds                   10 %     15 %      50 %          85 %     90 %
                   (mph)                                25.0     26.6      32.0          37.2     38.2

                   10 mph Pace Speed                             27.8 - 37.8          Average                     31.8 mph
                   Number in Pace                              480 (69.6 %)           Minimum                      8.3 mph
                                                                                      Maximum                     76.4 mph

                   Speeds Exceeded                    30 mph     45 mph           55 mph         65 mph
                                                      68.3 %      0.3 %            0.1 %          0.1 %
                   Count                                 471          2                1              1
