                                                                    Chittenden County MPO
                                                                   30 Kimball Ave., Suite 206
BURL-82: North Winooski & US 7                                     South Burlington, VT 05403                                                   File Name      :    burl82
Counted By: BB & CG                                                  http://www.ccmpo.org/                                                      Site Code      :    00000082
Weather:                                                                                                                                        Start Date     :    08/01/2002
AUTO Count                                                                                                                                      Page No        :    1
                                                                          Groups Printed- 1 - Unshifted
                                 NO WINOOSKI                         US 7                                 NO WINOOSKI                          US 7
                                  From North                      From East                                From South                       From West
           Start Time    Right    Thru     Left    Peds   Right   Thru       Left     Peds       Right     Thru     Left     Peds   Right   Thru        Left   Peds      Int. Total
               Factor      1.0     1.0     1.0      1.0     1.0    1.0        1.0      1.0         1.0      1.0      1.0      1.0     1.0    1.0         1.0    1.0
                07:00        0       0       0        0       0     35        35         0          19        0        0        0       0     84           0      1           174
                07:15        0       0       0        0       0     70        59         0          21        0        1        4       2    109           0      6           272
                07:30        0       0       0        0       0    102        80         1          36        0        0        8       0    113           0      6           346
                07:45        0       0       0        0       1     98       101         2          49        0        1        4       1    127           0      4           388
                 Total       0       0       0        0       1    305       275         3        125         0        2       16       3    433           0     17          1180

                08:00       0        0         0     0       1      81        94          4        36         0         0       1      1     117          0         4         339
                08:15       0        0         0     1       0      57       111          1        47         0         1       2      6      99          0         2         327
                08:30       0        0         0     2       0      93        77          3        37         0         0       5      2     113          0        16         348
                08:45       0        0         0     0       0      88        59          3        35         0         0       4      3      99          0         6         297
                Total       0        0         0     3       1     319       341         11       155         0         1      12     12     428          0        28        1311

*** BREAK ***

                16:00       1        1         1     1       1     132        81          0        68         0          4     0       3     120          1         1         415
                16:15       2        2         0     0       3     108        64          0        58         0          2     0       8     111          2         0         360
                16:30       1        0         2     1       0     132        63          6        85         0          3     0       6     126          0         0         425
                16:45       0        0         1     0       2     123        69          0        71         0          1     0       7     104          1         0         379
                Total       4        3         4     2       6     495       277          6       282         0         10     0      24     461          4         1        1579

                17:00       1        2         0     0       1     116        87          2       103         1          3     0       9     112          0         1         438
                17:15       1        0         3     0       0     127        72          2        81         0          2     0       3     127          0         2         420
                17:30       0        0         1     0       0     139        93          0        58         0          2     0       5      97          1         1         397
                17:45       0        0         0     0       0     117        65          0        46         0          5     0       4      97          0         1         335
                Total       2        2         4     0       1     499       317          4       288         1         12     0      21     433          1         5        1590

          Grand Total       6         5      8        5      9    1618      1210         24       850         1     25         28     60    1755          5        51        5660
           Apprch %      25.0      20.8   33.3     20.8    0.3    56.6       42.3       0.8       94.0      0.1     2.8       3.1     3.2    93.8       0.3        2.7
             Total %      0.1       0.1    0.1      0.1    0.2    28.6       21.4       0.4       15.0      0.0     0.4       0.5     1.1    31.0       0.1        0.9
