                                                                  Chittenden County MPO
                                                                 30 Kimball Ave., Suite 206
Station ID: SOBR-79                                              South Burlington, VT 05403                                                File Name      :   sobr79
Location: Spear St. & Swift St.                                    http://www.ccmpo.org/                                                   Site Code      :   00000079
Town: South Burlington                                                                                                                     Start Date     :   06/18/2003
AUTO Count                                                                                                                                 Page No        :   1
                                                                         Groups Printed- Unshifted
                               Spear St.                        Swift St.                             Spear St.                         Swift St.
                              From North                       From East                             From South                        From West
        Start Time    Right   Thru       Left   Peds   Right   Thru       Left    Peds      Right    Thru       Left   Peds    Right   Thru       Left   Peds     Int. Total
            Factor      1.0    1.0        1.0    1.0     1.0    1.0       1.0       1.0       1.0      1.0      1.0      1.0     1.0     1.0      1.0      1.0
             07:00       13     22          2      0      17     27        11         0        12      60        21        3       7       9        7        0         211
             07:15        6     34          3      0      15     39        16         0        23      52        39        0     15      13        10        2         267
             07:30        7     32        10       0      31     56        19         0        25      85        60        0     14      18         9        1         367
             07:45       19     51        10       1      31     87        36         0        39     117        76        1     21      23        26        1         539
              Total      45    139        25       1      94    209        82         0        99     314       196        4     57      63        52        4        1384

             08:00      14      38         6       0     25     68        36          0       33      102        75       1      18      26        13         0        455
             08:15      17      38         8       0     21     58        37          0       30       64        50       0      25      25        12         1        386
             08:30       6      35         2       0     19     56        25          0       30       92        59       1      22      23        10         1        381
             08:45      17      34         4       1     19     53        18          0       38       80        57       0      27      27        13         0        388
             Total      54     145        20       1     84    235       116          0      131      338       241       2      92     101        48         2       1610

*** BREAK ***

             16:00      19      68        13       0      7     32        34          0       31       36        37       1      52      51         6         0        387
             16:15      16      59        15       0      9     27        48          0       41       49        29       0      69      42        14         1        419
             16:30      24      79        22       0     12     39        51          0       50       42        41       0      66      49        10         1        486
             16:45      17     101        22       0      8     29        55          0       33       41        48       0      73      61        14         0        502
             Total      76     307        72       0     36    127       188          0      155      168       155       1     260     203        44         2       1794

             17:00      17      96        19       0      8     34        44          0       43       37        40       5      68      66        13         0        490
             17:15      14      71        11       0      7     39        56          0       54       57        66       2     101      60        14         3        555
             17:30      12      81        13       2     12     32        44          0       43       53        48       2      86      81        13         3        525
             17:45      15      82        35       0     10     24        57          0       46       48        38       2      95      71        13         2        538
             Total      58     330        78       2     37    129       201          0      186      195       192      11     350     278        53         8       2108

      Grand Total     233     921       195        4   251     700       587          0      571     1015      784      18     759     645       197      16          6896
        Apprch %      17.2    68.1      14.4     0.3   16.3    45.5      38.2       0.0      23.9    42.5      32.8     0.8    46.9    39.9      12.2     1.0
         Total %       3.4    13.4       2.8     0.1    3.6    10.2       8.5       0.0       8.3    14.7      11.4     0.3    11.0     9.4       2.9     0.2
