                                                              City of High Point
                                                         Department of Transportation
                                                             Summer Count Program
                                                                High Point, NC
Counted By: Corey Richards &                                                                                    File Name    :   BakerRdBus85NBRmp
Issac Snyder                                                                                                    Site Code    :   0074
Weather: Clear                                                                                                  Start Date   :   8/6/2008
                                                                                                                Page No      :   1


                                                      Groups Printed- Cars - Trucks - Freight
                       BAKER ROAD                     BUS 85 NB RAMP                  BAKER ROAD                     BUS 85 NB RAMP
                       Southbound                        Westbound                    Northbound                        Eastbound
  Start Time   Left   Thru Right    App. Total   Left   Thru Right App. Total Left   Thru Right    App. Total   Left   Thru Right App.   Total   Int. Total
       06:00      2     13      0         15        0      0      0         0    0     13      4         17        6      0      4         10          42
       06:15      7     25      0         32        0      0      0         0    0     13     12         25        8      0      2         10          67
       06:30      7     35      0         42        0      0      0         0    0     28      8         36        9      0     16         25         103
       06:45     15     44      0         59        0      0      0         0    0     34      7         41       20      0     12         32         132
       Total     31    117      0        148        0      0      0         0    0     88     31        119       43      0     34         77         344

       07:00     13     23      0         36       0      0      0        0      0     18     10         28       10     0        4        14          78
       07:15     21     31      0         52       0      0      0        0      0     26     17         43       14     0        7        21         116
       07:30     18     26      0         44       0      0      0        0      0     24     10         34        8     0        5        13          91
       07:45     16     35      0         51       0      0      0        0      0     28     12         40       11     0        8        19         110
       Total     68    115      0        183       0      0      0        0      0     96     49        145       43     0       24        67         395

       08:00      8     32      0         40       0      0      0        0      0     24     10         34       13     0       10        23          97
       08:15      7     25      0         32       0      0      0        0      0     24      8         32        6     0        9        15          79
       08:30      8     31      0         39       0      0      0        0      0     15      6         21        5     0        8        13          73
       08:45      3     25      0         28       0      0      0        0      0     23     13         36        8     0       10        18          82
       Total     26    113      0        139       0      0      0        0      0     86     37        123       32     0       37        69         331

       09:00      9     21      0         30       0      0      0        0      0     11     12         23        4     0        0         4          57
       09:15      9     15      0         24       0      0      0        0      0     22      8         30        6     0        4        10          64
       09:30      7     23      0         30       0      0      0        0      0     32     11         43        5     0        5        10          83
       09:45      8     20      0         28       0      0      0        0      0     20      6         26        9     0        9        18          72
       Total     33     79      0        112       0      0      0        0      0     85     37        122       24     0       18        42         276

       10:00     11     17      0         28       0      0      0        0      0     15     18          33       6     0        6        12          73
       10:15      5     15      0         20       0      0      0        0      0     17      4          21      11     0        6        17          58
       10:30     11     20      0         31       0      0      0        0      0     11     11          22      12     0        2        14          67
       10:45     11     37      0         48       0      0      0        0      0     17      6          23       7     0        7        14          85
       Total     38     89      0        127       0      0      0        0      0     60     39          99      36     0       21        57         283

       11:00      8     22      0         30       0      0      0        0      0     23      8         31        6     0        4        10          71
       11:15      9     28      0         37       0      0      0        0      0     13      5         18        7     0        8        15          70
       11:30      9     19      0         28       0      0      0        0      0     18      6         24        8     0        6        14          66
       11:45      7     22      0         29       0      0      0        0      0     23      4         27       13     0        5        18          74
       Total     33     91      0        124       0      0      0        0      0     77     23        100       34     0       23        57         281

       12:00      9     23      0         32       0      0      0        0      0     38      9         47       17     0        6        23         102
       12:15     10     36      0         46       0      0      0        0      0     21      7         28       11     0        5        16          90
       12:30      8     25      0         33       0      0      0        0      0     13      1         14        5     0        5        10          57
       12:45     15     25      0         40       0      0      0        0      0     29     11         40       12     0        7        19          99
       Total     42    109      0        151       0      0      0        0      0    101     28        129       45     0       23        68         348

       13:00      9     20      0         29       0      0      0        0      0     15     11         26       10     0        6        16          71
       13:15     12     18      0         30       0      0      0        0      0     16      8         24        5     0        5        10          64
       13:30     11     28      0         39       0      0      0        0      0     18     11         29       11     0       15        26          94
       13:45     12     24      0         36       0      0      0        0      0     21      5         26       12     0        8        20          82
       Total     44     90      0        134       0      0      0        0      0     70     35        105       38     0       34        72         311

       14:00     12     27      0         39       0      0      0        0      0     19      4          23       9     0        7        16          78
       14:15      5     21      0         26       0      0      0        0      0     24      2          26      16     0        5        21          73
       14:30      8     30      0         38       0      0      0        0      0     20      5          25      12     0        3        15          78
       14:45      9     26      0         35       0      0      0        0      0     23      1          24      11     0        6        17          76
       Total     34    104      0        138       0      0      0        0      0     86     12          98      48     0       21        69         305

       15:00     11     39      0         50       0      0      0        0      0     22      4         26       15     0        3        18          94
       15:15     10     30      0         40       0      0      0        0      0     31      2         33       11     0        6        17          90
       15:30      5     32      0         37       0      0      0        0      0     43      9         52       21     0        6        27         116
       15:45     10     39      0         49       0      0      0        0      0     37      7         44       18     0        3        21         114
       Total     36    140      0        176       0      0      0        0      0    133     22        155       65     0       18        83         414

       16:00     15     32      0         47       0      0      0        0      0     28     14         42       17     0        3        20         109
       16:15     14     33      0         47       0      0      0        0      0     42     14         56       12     0       14        26         129
       16:30     18     40      0         58       0      0      0        0      0     24      9         33       22     0        8        30         121
       16:45     16     46      0         62       0      0      0        0      0     23     12         35       12     0       10        22         119
       Total     63    151      0        214       0      0      0        0      0    117     49        166       63     0       35        98         478

       17:00     18     46      0         64       0      0      0        0      0     29     13         42       23     0       10        33         139
       17:15     17     45      0         62       0      0      0        0      0     26     17         43       20     0       15        35         140
       17:30     21     49      0         70       0      0      0        0      0     28     24         52       17     0        7        24         146
       17:45      4     27      0         31       0      0      0        0      0     31      7         38       17     0        4        21          90
       Total     60    167      0        227       0      0      0        0      0    114     61        175       77     0       36       113         515

 Grand Total    508   1365      0       1873       0      0      0        0      0   1113    423       1536      548     0    324         872        4281
    Apprch %   27.1   72.9      0                  0      0      0               0   72.5   27.5                62.8     0   37.2
     Total %   11.9   31.9      0       43.8       0      0      0        0      0     26    9.9       35.9     12.8     0    7.6        20.4
        Cars    459   1266      0       1725       0      0      0        0      0   1023    368       1391      524     0    260         784        3900
      % Cars   90.4   92.7      0       92.1       0      0      0        0      0   91.9     87       90.6     95.6     0   80.2        89.9        91.1
      Trucks     33     59      0         92       0      0      0        0      0     56     30         86       12     0     37          49         227
    % Trucks    6.5    4.3      0        4.9       0      0      0        0      0      5    7.1        5.6      2.2     0   11.4         5.6         5.3
     Freight     16     40      0         56       0      0      0        0      0     34     25         59       12     0     27          39         154
   % Freight    3.1    2.9      0          3       0      0      0        0      0    3.1    5.9        3.8      2.2     0    8.3         4.5         3.6
                                                              City of High Point
                                                         Department of Transportation
                                                             Summer Count Program
                                                                High Point, NC
Counted By: Corey Richards &                                                                           File Name              :   BakerRdBus85NBRmp
Issac Snyder                                                                                           Site Code              :   0074
Weather: Clear                                                                                         Start Date             :   8/6/2008
                                                                                                       Page No                :   2

                                                                   BAKER ROAD
                                                               Out      In    Total
                                                               1547    1725    3272
                                                                 68       92    160
                                                                 46       56    102
                                                               1661    1873    3534


                                                                    0 1266         459
                                                                    0    59         33
                                                                    0    40         16
                                                                    0 1365         508
                                                                Right Thru        Left
                                      49
                                      39
                                    784


                                    872
                                   Total




                                                                                                       Out
                                                                                                        931


                                                                                                        827
                                            548
                                             12
                                             12
                                            524




                                                                                         Right Thru




                                                                                                         41
                                                                                                         63
                                           Left




                                                                                                         BUS 85 NB RAMP
                     BUS 85 NB RAMP




                                                                        North




                                                                                             0
                                                                                             0
                                                                                             0
                                                                                             0
                                                               8/6/2008 06:00
                               49
                               39
                             784


                             872




                                                     0
                                                     0
                                                     0
                                                     0

                                           Right Thru
                             In




                                                               8/6/2008 17:45




                                                                                                                In
                                                                                                   0
                                                                                                   0
                                                                                                   0
                                                                                                   0


                                                                                                                   0
                                                                                                                   0
                                                                                                                   0
                                                                                                                   0
                                                               Cars
                                             324
                                              37
                                              27
                                             260




                                                                                         Left
                                                               Trucks
                        0
                        0
                        0
                        0
                    Out




                                                                                                                      Total
                                                               Freight




                                                                                                0
                                                                                                0
                                                                                                0
                                                                                                0


                                                                                                                        931


                                                                                                                        827
                                                                                                                         41
                                                                                                                         63
                                                                 Left       Thru Right
                                                                        0   1023   368
                                                                        0     56    30
                                                                        0     34    25
                                                                        0   1113   423


                                                               1526    1391    2917
                                                                 96       86    182
                                                                 67       59    126
                                                               1689    1536    3225
                                                               Out      In    Total
                                                                   BAKER ROAD
                                                              City of High Point
                                                         Department of Transportation
                                                             Summer Count Program
                                                                High Point, NC
Counted By: Corey Richards &                                                                                     File Name     :   BakerRdBus85NBRmp
Issac Snyder                                                                                                     Site Code     :   0074
Weather: Clear                                                                                                   Start Date    :   8/6/2008
                                                                                                                 Page No       :   3


                         BAKER ROAD                  BUS 85 NB RAMP                    BAKER ROAD                     BUS 85 NB RAMP
                         Southbound                     Westbound                      Northbound                        Eastbound
   Start Time    Left   Thru Right App. Total   Left   Thru Right App. Total   Left   Thru Right    App. Total   Left   Thru Right App.   Total   Int. Total
Peak Hour Analysis From 06:00 to 09:45 - Peak 1 of 1
Peak Hour for Entire Intersection Begins at 06:30
        06:30       7     35      0       42       0      0      0         0      0     28      8         36        9      0     16         25         103
        06:45      15     44      0       59       0      0      0         0      0     34      7         41       20      0     12         32         132
        07:00      13     23      0       36       0      0      0         0      0     18     10         28       10      0      4         14          78
        07:15      21     31      0       52       0      0      0         0      0     26     17         43       14      0      7         21         116
 Total Volume      56    133      0      189       0      0      0         0      0    106     42        148       53      0     39         92         429
 % App. Total    29.6   70.4      0                0      0      0                0   71.6   28.4                57.6      0   42.4
          PHF    .667   .756   .000     .801   .000   .000    .000    .000     .000   .779   .618       .860     .663   .000   .609       .719        .813

Peak Hour Analysis From 10:00 to 13:45 - Peak 1 of 1
Peak Hour for Entire Intersection Begins at 12:00
        12:00      9     23      0       32      0      0        0        0       0     38      9         47       17      0      6         23         102
        12:15     10     36      0       46      0      0        0        0       0     21      7         28       11      0      5         16          90
        12:30      8     25      0       33      0      0        0        0       0     13      1         14        5      0      5         10          57
        12:45     15     25      0       40      0      0        0        0       0     29     11         40       12      0      7         19          99
 Total Volume     42    109      0      151      0      0        0        0       0    101     28        129       45      0     23         68         348
 % App. Total   27.8   72.2      0               0      0        0                0   78.3   21.7                66.2      0   33.8
          PHF   .700   .757   .000     .821   .000   .000     .000     .000    .000   .664   .636       .686     .662   .000   .821       .739        .853

Peak Hour Analysis From 14:00 to 17:45 - Peak 1 of 1
Peak Hour for Entire Intersection Begins at 16:45
        16:45     16     46      0       62      0      0        0        0       0     23     12         35       12      0     10         22         119
        17:00     18     46      0       64      0      0        0        0       0     29     13         42       23      0     10         33         139
        17:15     17     45      0       62      0      0        0        0       0     26     17         43       20      0     15         35         140
        17:30     21     49      0       70      0      0        0        0       0     28     24         52       17      0      7         24         146
 Total Volume     72    186      0      258      0      0        0        0       0    106     66        172       72      0     42        114         544
 % App. Total   27.9   72.1      0               0      0        0                0   61.6   38.4                63.2      0   36.8
          PHF   .857   .949   .000     .921   .000   .000     .000     .000    .000   .914   .688       .827     .783   .000   .700       .814        .932
