                                                                 City of High Point
                                                            Department of Transportation
                                                                Summer Count Program
                                                                   High Point, NC
Counted By: Robert Amaral &                                                                                        File Name       :   BakerRdSprngfldRd
Devin Kuneff                                                                                                       Site Code       :   0073
Weather: Clear                                                                                                     Start Date      :   8/5/2008
                                                                                                                   Page No         :   1


                                                         Groups Printed- Cars - Trucks - Freight
                       BAKER ROAD                       SPRINGFIELD ROAD                 BAKER ROAD                       SPRINGFIELD ROAD
                       Southbound                           Westbound                    Northbound                           Eastbound
  Start Time   Left   Thru Right    App. Total   Left      Thru Right App. Total Left   Thru Right    App. Total   Left      Thru Right App.   Total   Int. Total
       06:00      7     12      2         21        1         3      3         7    2     34      0         36        7         0      0          7          71
       06:15      5     20      0         25        1         4     15       20     0     58      3         61        2         1      6          9         115
       06:30     12     12      4         28        3         6     16       25     5     64      4         73        1         5      3          9         135
       06:45     24     20      6         50        5        10     18       33     5     75      8         88        5         8      2         15         186
       Total     48     64     12        124       10        23     52       85    12    231     15        258       15        14     11         40         507

       07:00     14     24      2         40        2       11     11      24      2     24      3          29        2        8        3        13         106
       07:15      7     25      4         36        2        9     11      22      4     49      5          58        1        8        4        13         129
       07:30      9     29      3         41        3       13     14      30      6     60      2          68        2        2        1         5         144
       07:45      4     31      1         36        2        6     13      21      4     72      6          82        2        3        7        12         151
       Total     34    109     10        153        9       39     49      97     16    205     16         237        7       21       15        43         530

       08:00      6     28      1         35        2       10     10      22      6     47      3          56        0        5        7        12         125
       08:15      8     19      4         31        0        2      8      10      1     53      1          55        0        7        3        10         106
       08:30      4     38      6         48        2        5      7      14      5     33      2          40        4        5        4        13         115
       08:45      2     31      1         34        0       11      7      18      3     32      5          40        3        1        3         7          99
       Total     20    116     12        148        4       28     32      64     15    165     11         191        7       18       17        42         445

       09:00      2     35      2         39        2        7      9      18      0     33      2          35        4        1        0         5          97
       09:15     10     27      1         38        4        4      8      16      6     30      2          38        3        3        3         9         101
       09:30      7     24      6         37        4        5     10      19      4     30      3          37        5        5        4        14         107
       09:45      3     38      6         47        2        2     10      14      4     34      1          39        1        0        3         4         104
       Total     22    124     15        161       12       18     37      67     14    127      8         149       13        9       10        32         409

       10:00     10     29      0         39        2        3      4       9      0     29      3          32        8        6        3        17          97
       10:15      1     30      3         34        5        9      5      19      7     28      3          38        1        4        6        11         102
       10:30      2     29      4         35        0        9      6      15      2     23      1          26        3        6        2        11          87
       10:45      7     24      1         32        6        5      3      14      5     31      3          39        1        5        1         7          92
       Total     20    112      8        140       13       26     18      57     14    111     10         135       13       21       12        46         378

       11:00      5     42      4         51        2        6      4      12      5     26      4          35        3       12        3        18         116
       11:15      5     28      4         37        2        5      8      15      3     30      3          36        3        4        4        11          99
       11:30      8     46      5         59        8       12      9      29      2     46      9          57        1       12        5        18         163
       11:45     10     69      5         84        8        7     10      25      3     45      8          56        5       11       10        26         191
       Total     28    185     18        231       20       30     31      81     13    147     24         184       12       39       22        73         569

       12:00      7     74      2         83        8        8     10      26      4     41      5          50        5        6        8        19         178
       12:15      7     48      8         63        4        6      5      15      7     40      7          54        7        9        7        23         155
       12:30      7     41      3         51        5        6      9      20      4     45      4          53        5        9        5        19         143
       12:45     11     38      6         55        4        6      9      19      4     50      3          57        4       11        7        22         153
       Total     32    201     19        252       21       26     33      80     19    176     19         214       21       35       27        83         629

       13:00      9     31      4         44        4        6      3      13      3     49      5          57        9        5        7        21         135
       13:15      6     37      5         48        4        3      4      11      3     34      3          40        1        8        3        12         111
       13:30     11     36      4         51        2        5      5      12      1     46      2          49        5        8        3        16         128
       13:45      8     46      6         60        2        6     15      23      5     40      3          48        6        7        1        14         145
       Total     34    150     19        203       12       20     27      59     12    169     13         194       21       28       14        63         519

       14:00     11     35      2         48        1        4      6      11      2     38      1          41        6        5        5        16         116
       14:15      3     32      5         40        1        5     12      18      4     27      7          38       10       14        1        25         121
       14:30     10     48      2         60        3       10      8      21      3     40      3          46        4       10        3        17         144
       14:45     11     41      4         56        2        2      9      13      5     28      3          36        0        6        1         7         112
       Total     35    156     13        204        7       21     35      63     14    133     14         161       20       35       10        65         493

       15:00      6     39      1         46        4        7      9      20      5     45      1          51        5        6        4        15         132
       15:15      7     44      4         55        0        3      6       9      2     31      4          37        1        4        5        10         111
       15:30     17     64      7         88        8       21     14      43      3     45      5          53        3        7        4        14         198
       15:45     12     52      7         71        4        7     11      22      6     41      1          48        5        9        3        17         158
       Total     42    199     19        260       16       38     40      94     16    162     11         189       14       26       16        56         599

       16:00     11     77      4         92        1        8     13      22      8     38      6          52        5       14       10        29         195
       16:15     13     51      5         69        4        5      6      15      3     36      4          43        5       15        2        22         149
       16:30     19     81      5        105        4        7      7      18      8     45      5          58        3        7        6        16         197
       16:45     16     48      5         69        4        6      8      18      6     33      4          43        5       16        5        26         156
       Total     59    257     19        335       13       26     34      73     25    152     19         196       18       52       23        93         697

       17:00     24     93      9        126        3        6     13      22     16     46      3          65        3       11       10        24         237
       17:15     17     72     11        100        1        6     14      21      4     54      5          63        3       13        7        23         207
       17:30     25    118      8        151        1        7     12      20     12     47      2          61        5       10       11        26         258
       17:45     12     54      6         72        5        7      6      18      6     42      8          56        3       13        2        18         164
       Total     78    337     34        449       10       26     45      81     38    189     18         245       14       47       30        91         866

 Grand Total    452   2010    198       2660      147      321    433     901    208   1967    178        2353      175      345    207         727        6641
    Apprch %     17   75.6    7.4                16.3     35.6   48.1            8.8   83.6    7.6                 24.1     47.5   28.5
     Total %    6.8   30.3      3       40.1      2.2      4.8    6.5    13.6    3.1   29.6    2.7        35.4      2.6      5.2    3.1        10.9
        Cars    409   1845    179       2433      133      301    390     824    188   1835    158        2181      161      329    187         677        6115
      % Cars   90.5   91.8   90.4       91.5     90.5     93.8   90.1    91.5   90.4   93.3   88.8        92.7       92     95.4   90.3        93.1        92.1
      Trucks     19     97     10        126        5       12     21      38     12     90      9         111        8        8     14          30         305
    % Trucks    4.2    4.8    5.1        4.7      3.4      3.7    4.8     4.2    5.8    4.6    5.1         4.7      4.6      2.3    6.8         4.1         4.6
     Freight     24     68      9        101        9        8     22      39      8     42     11          61        6        8      6          20         221
   % Freight    5.3    3.4    4.5        3.8      6.1      2.5    5.1     4.3    3.8    2.1    6.2         2.6      3.4      2.3    2.9         2.8         3.3
                                                              City of High Point
                                                         Department of Transportation
                                                             Summer Count Program
                                                                High Point, NC
Counted By: Robert Amaral &                                                                           File Name             :   BakerRdSprngfldRd
Devin Kuneff                                                                                          Site Code             :   0073
Weather: Clear                                                                                        Start Date            :   8/5/2008
                                                                                                      Page No               :   2

                                                                   BAKER ROAD
                                                               Out      In    Total
                                                               2386    2433    4819
                                                                119      126    245
                                                                 70      101    171
                                                               2575    2660    5235


                                                                  179 1845       409
                                                                   10    97       19
                                                                    9    68       24
                                                                  198 2010       452
                                                                Right Thru      Left
                                      64
                                      45
                                   1345


                                   1454
                                   Total




                                                                                                      Out
                                                                                                      SPRINGFIELD ROAD
                    SPRINGFIELD ROAD




                                                                                                       975


                                                                                                       896
                                            175
                                                8
                                                6
                                            161




                                                                                        Right Thru




                                                                                                        43
                                                                                                        36
                                           Left




                                                                                          433


                                                                                          390
                                                                        North




                                                                                           22
                                                                                           21
                                                               8/5/2008 06:00
                               30
                               20
                             677


                             727




                                                  345
                                                     8
                                                     8
                                                  329



                                           Right Thru
                             In




                                                               8/5/2008 17:45




                                                                                                             In
                                                                                               321


                                                                                               301


                                                                                                              901


                                                                                                              824
                                                                                                12




                                                                                                               39
                                                                                                               38
                                                                                                  8
                                                               Cars
                                             207
                                               6
                                              14
                                             187




                                                                                        Left
                                                               Trucks
                      34
                      25
                     668


                     727




                                                                                         147


                                                                                         133
                    Out




                                                                                                                    Total
                                                               Freight




                                                                                                                    1876


                                                                                                                    1720
                                                                                             9
                                                                                             5




                                                                                                                       82
                                                                                                                       74
                                                                 Left   Thru Right
                                                                  188 1835     158
                                                                   12     90     9
                                                                      8   42    11
                                                                  208 1967     178


                                                               2165    2181    4346
                                                                116      111    227
                                                                 83       61    144
                                                               2364    2353    4717
                                                               Out      In    Total
                                                                   BAKER ROAD
                                                               City of High Point
                                                          Department of Transportation
                                                              Summer Count Program
                                                                 High Point, NC
Counted By: Robert Amaral &                                                                                       File Name     :   BakerRdSprngfldRd
Devin Kuneff                                                                                                      Site Code     :   0073
Weather: Clear                                                                                                    Start Date    :   8/5/2008
                                                                                                                  Page No       :   3


                         BAKER ROAD                  SPRINGFIELD ROAD                   BAKER ROAD                     SPRINGFIELD ROAD
                         Southbound                      Westbound                      Northbound                         Eastbound
   Start Time    Left   Thru Right App. Total   Left    Thru Right App. Total   Left   Thru Right    App. Total   Left    Thru Right App.   Total   Int. Total
Peak Hour Analysis From 06:00 to 09:45 - Peak 1 of 1
Peak Hour for Entire Intersection Begins at 06:45
        06:45      24     20      6       50       5      10     18       33       5     75      8         88        5      8      2          15         186
        07:00      14     24      2       40       2      11     11       24       2     24      3         29        2      8      3          13         106
        07:15       7     25      4       36       2       9     11       22       4     49      5         58        1      8      4          13         129
        07:30       9     29      3       41       3      13     14       30       6     60      2         68        2      2      1           5         144
 Total Volume      54     98     15      167      12      43     54      109      17    208     18        243       10     26     10          46         565
 % App. Total    32.3   58.7      9               11   39.4    49.5                7   85.6    7.4                21.7   56.5   21.7
          PHF    .563   .845   .625     .835   .600    .827    .750    .826     .708   .693   .563       .690     .500   .813   .625        .767        .759

Peak Hour Analysis From 10:00 to 13:45 - Peak 1 of 1
Peak Hour for Entire Intersection Begins at 11:30
        11:30      8     46      5       59      8     12         9       29       2     46      9         57        1     12      5          18         163
        11:45     10     69      5       84      8      7        10       25       3     45      8         56        5     11     10          26         191
        12:00      7     74      2       83      8      8        10       26       4     41      5         50        5      6      8          19         178
        12:15      7     48      8       63      4      6         5       15       7     40      7         54        7      9      7          23         155
 Total Volume     32    237     20      289     28     33        34       95      16    172     29        217       18     38     30          86         687
 % App. Total   11.1     82    6.9            29.5   34.7      35.8              7.4   79.3   13.4                20.9   44.2   34.9
          PHF   .800   .801   .625     .860   .875   .688      .850     .819    .571   .935   .806       .952     .643   .792   .750        .827        .899

Peak Hour Analysis From 14:00 to 17:45 - Peak 1 of 1
Peak Hour for Entire Intersection Begins at 17:00
        17:00     24     93      9      126      3      6        13       22      16     46      3         65        3     11     10          24         237
        17:15     17     72     11      100      1      6        14       21       4     54      5         63        3     13      7          23         207
        17:30     25    118      8      151      1      7        12       20      12     47      2         61        5     10     11          26         258
        17:45     12     54      6       72      5      7         6       18       6     42      8         56        3     13      2          18         164
 Total Volume     78    337     34      449     10     26        45       81      38    189     18        245       14     47     30          91         866
 % App. Total   17.4   75.1    7.6            12.3   32.1      55.6             15.5   77.1    7.3                15.4   51.6     33
          PHF   .780   .714   .773     .743   .500   .929      .804     .920    .594   .875   .563       .942     .700   .904   .682        .875        .839
