                                                             City of High Point
                                                        Department of Transportation
                                                            Summer Count Program
                                                               High Point, NC
Counted By: Corey Richards &                                                                                    File Name      :   BrntwoodStFFieldRd
Issac Snyder                                                                                                    Site Code      :   0071
Weather: Clear                                                                                                  Start Date     :   8/5/2008
                                                                                                                Page No        :   1


                                                     Groups Printed- Cars - Trucks - Freight
                      BRENTWOOD STREET               FAIRFIELD ROAD                PRIVATE DRIVE                      FAIRFIELD ROAD
                         Southbound                     Westbound                    Northbound                          Eastbound
  Start Time   Left     Thru Right App. Total   Left   Thru Right App. Total Left   Thru Right     App. Total    Left   Thru Right App. Total   Int. Total
       06:00     11        0     26       37       0     46      7       53     0      0      0            0       40     17      0       57         147
       06:15      9        0     18       27       0     59      9       68     0      0      0            0       38     31      0       69         164
       06:30     12        0     27       39       1     71     18       90     0      0      0            0       39     34      0       73         202
       06:45      9        0     37       46       0     75     27      102     0      0      0            0       52     25      0       77         225
       Total     41        0    108      149       1    251     61      313     0      0      0            0      169    107      0      276         738

       07:00      7        0     35       42      0     67     32       99      0      0     0             0       51     26         1     78        219
       07:15     11        0     37       48      0     70     30      100      0      0     1             1       82     15         0     97        246
       07:30     16        0     60       76      1     81     51      133      0      0     0             0       99     27         0    126        335
       07:45     14        0     48       62      2     85     42      129      1      0     2             3       76     31         0    107        301
       Total     48        0    180      228      3    303    155      461      1      0     3             4      308     99         1    408       1101

       08:00     10        0     40       50      0     66     29       95      0      0     1             1       45     24         0     69        215
       08:15      9        0     49       58      0     83     22      105      0      0     0             0       72     31         0    103        266
       08:30      8        0     40       48      0     64     20       84      0      0     0             0       62     31         0     93        225
       08:45     18        0     51       69      1     47     24       72      0      0     0             0       49     24         0     73        214
       Total     45        0    180      225      1    260     95      356      0      0     1             1      228    110         0    338        920

       09:00     11        0     46       57      1     51     17       69      0      0     1             1       45     43         0     88        215
       09:15      5        0     43       48      0     53     20       73      0      0     0             0       47     38         0     85        206
       09:30     12        0     49       61      0     48     18       66      0      0     0             0       62     35         0     97        224
       09:45     19        0     36       55      0     63     10       73      0      0     0             0       50     38         0     88        216
       Total     47        0    174      221      1    215     65      281      0      0     1             1      204    154         0    358        861

       10:00     14        0     48       62      0     52     10       62      0      0     1             1       56     46         1    103        228
       10:15     15        0     41       56      2     56     13       71      0      0     1             1       57     34         0     91        219
       10:30     13        1     55       69      1     53     20       74      0      0     3             3       47     47         0     94        240
       10:45     13        0     53       66      1     58     11       70      2      0     1             3       44     58         1    103        242
       Total     55        1    197      253      4    219     54      277      2      0     6             8      204    185         2    391        929

       11:00     11        1     51       63      1     52     15       68      0      0     2             2       55     47         0    102        235
       11:15     13        0     63       76      2     59     17       78      0      1     1             2       42     58         0    100        256
       11:30     10        0     58       68      0     68     13       81      0      0     3             3       52     70         0    122        274
       11:45     22        0     65       87      1     70      9       80      0      0     1             1       53     72         1    126        294
       Total     56        1    237      294      4    249     54      307      0      1     7             8      202    247         1    450       1059

       12:00     19        0     95      114      0    105     14      119      0      1     0             1       56     79         0    135        369
       12:15     21        0     82      103      0     71     14       85      0      0     0             0       65     81         0    146        334
       12:30     13        0     58       71      0     65     20       85      0      0     0             0       61     73         0    134        290
       12:45     13        0     64       77      1     63     18       82      0      1     1             2       73     70         0    143        304
       Total     66        0    299      365      1    304     66      371      0      2     1             3      255    303         0    558       1297

       13:00     20        0     78       98      0     49     17       66      0      0     1             1       78     63         0    141        306
       13:15     23        0     56       79      0     70     14       84      0      2     2             4       77     52         1    130        297
       13:30     22        0     53       75      2     47     19       68      0      0     0             0       60     56         0    116        259
       13:45     22        0     54       76      1     50     10       61      0      0     2             2       66     56         0    122        261
       Total     87        0    241      328      3    216     60      279      0      2     5             7      281    227         1    509       1123

       14:00     13        0     54       67      0     68     16       84      0      0     0             0       58     67         1    126        277
       14:15     21        0     49       70      1     54     18       73      0      2     1             3       53     54         0    107        253
       14:30     19        1     62       82      1     74     14       89      0      0     1             1       72     58         0    130        302
       14:45     20        0     74       94      0     58     15       73      0      0     0             0       53     65         0    118        285
       Total     73        1    239      313      2    254     63      319      0      2     2             4      236    244         1    481       1117

       15:00     16        0     56       72      0     60     14       74      1      0     1             2       64     71         0    135        283
       15:15     20        0     67       87      0     54     15       69      0      1     1             2       59     74         0    133        291
       15:30     15        0     56       71      0     67     17       84      0      1     1             2       81     89         0    170        327
       15:45     24        1     80      105      0     61     22       83      0      0     0             0       83     91         0    174        362
       Total     75        1    259      335      0    242     68      310      1      2     3             6      287    325         0    612       1263

       16:00     18        1     72       91      0     63     24       87      0      0     3             3       76    114         0    190        371
       16:15     37        0     91      128      1     67     23       91      0      0     2             2       78     82         0    160        381
       16:30     43        0    104      147      0     62     19       81      0      0     2             2       83     97         0    180        410
       16:45     44        2     87      133      2     69     26       97      0      1     0             1       89     98         1    188        419
       Total    142        3    354      499      3    261     92      356      0      1     7             8      326    391         1    718       1581

       17:00     63        1     88      152      2     54     20       76      0      2      1            3      103    101         0    204        435
       17:15     55        1     78      134      1     70     24       95      0      0      2            2       91    115         0    206        437
       17:30     57        1     91      149      1     92     22      115      0      0      5            5      100     99         2    201        470
       17:45     35        2     71      108      1     67     17       85      0      0      2            2       71     88         1    160        355
       Total    210        5    328      543      5    283     83      371      0      2     10           12      365    403         3    771       1697

 Grand Total    945       12   2796     3753     28   3057    916     4001      4     12     46           62     3065   2795        10   5870     13686
    Apprch %   25.2      0.3   74.5             0.7   76.4   22.9             6.5   19.4   74.2                  52.2   47.6       0.2
     Total %    6.9      0.1   20.4     27.4    0.2   22.3    6.7     29.2      0    0.1    0.3         0.5      22.4   20.4       0.1   42.9
        Cars    905       12   2639     3556     28   2938    885     3851      3      8     41          52      2887   2684         6   5577     13036
      % Cars   95.8      100   94.4     94.8    100   96.1   96.6     96.3     75   66.7   89.1        83.9      94.2     96        60     95      95.3
      Trucks     35        0    108      143      0     87     23      110      1      1      5           7       138     79         2    219       479
    % Trucks    3.7        0    3.9      3.8      0    2.8    2.5      2.7     25    8.3   10.9        11.3       4.5    2.8        20    3.7       3.5
     Freight      5        0     49       54      0     32      8       40      0      3      0           3        40     32         2     74       171
   % Freight    0.5        0    1.8      1.4      0      1    0.9        1      0     25      0         4.8       1.3    1.1        20    1.3       1.2
                                                              City of High Point
                                                         Department of Transportation
                                                             Summer Count Program
                                                                High Point, NC
Counted By: Corey Richards &                                                                            File Name               :   BrntwoodStFFieldRd
Issac Snyder                                                                                            Site Code               :   0071
Weather: Clear                                                                                          Start Date              :   8/5/2008
                                                                                                        Page No                 :   2

                                                               BRENTWOOD STREET
                                                               Out    In    Total
                                                               3780  3556    7336
                                                                162    143    305
                                                                 51     54    105
                                                               3993  3753    7746


                                                                 2639    12        905
                                                                  108     0         35
                                                                   49     0            5
                                                                 2796    12        945
                                                                Right Thru        Left
                                     415
                                     155
                                   11157


                                   11727
                                    Total




                                                                                                         3786


                                                                                                         3630
                                                                                                         Out
                                                                                                          119
                                            3065
                                              40
                                             138
                                            2887




                                                                                           Right Thru




                                                                                                           37
                                            Left




                                                                                                           FAIRFIELD ROAD
                     FAIRFIELD ROAD




                                                                                             916 3057


                                                                                             885 2938
                                                                        North




                                                                                              23
                                                                                               8
                                                               8/5/2008 06:00
                               74
                             219
                            5577


                            5870




                                               10 2795
                                                6 2684
                                                    79
                                                    32

                                            Right Thru
                             In




                                                               8/5/2008 17:45




                                                                                                                 4001


                                                                                                                 3851
                                                                                                                  In
                                                                                                                  110
                                                                                                   32
                                                                                                   87




                                                                                                                    40
                                                               Cars
                                                2
                                                2




                                                                                           Left
                                                               Trucks
                      81
                     196
                    5580


                    5857
                    Out




                                                                                                                        Total
                                                                                             28


                                                                                             28
                                                               Freight




                                                                                                                        7787


                                                                                                                        7481
                                                                                                0
                                                                                                0




                                                                                                                          229
                                                                                                                           77
                                                                 Left       Thru Right
                                                                        3       8   41
                                                                        1       1    5
                                                                        0       3    0
                                                                        4     12    46


                                                                 46       52     98
                                                                   2       7      9
                                                                   2       3      5
                                                                 50       62    112
                                                               Out      In    Total
                                                                  PRIVATE DRIVE
                                                              City of High Point
                                                         Department of Transportation
                                                             Summer Count Program
                                                                High Point, NC
Counted By: Corey Richards &                                                                                       File Name      :   BrntwoodStFFieldRd
Issac Snyder                                                                                                       Site Code      :   0071
Weather: Clear                                                                                                     Start Date     :   8/5/2008
                                                                                                                   Page No        :   3


                      BRENTWOOD STREET               FAIRFIELD ROAD                   PRIVATE DRIVE                      FAIRFIELD ROAD
                         Southbound                     Westbound                       Northbound                          Eastbound
   Start Time    Left   Thru Right App. Total   Left   Thru Right App. Total   Left    Thru Right     App. Total    Left   Thru Right App.   Total   Int. Total
Peak Hour Analysis From 06:00 to 09:45 - Peak 1 of 1
Peak Hour for Entire Intersection Begins at 07:30
        07:30      16      0     60       76       1     81     51      133       0      0      0             0       99     27      0        126         335
        07:45      14      0     48       62       2     85     42      129       1      0      2             3       76     31      0        107         301
        08:00      10      0     40       50       0     66     29       95       0      0      1             1       45     24      0         69         215
        08:15       9      0     49       58       0     83     22      105       0      0      0             0       72     31      0        103         266
 Total Volume      49      0    197      246       3    315    144      462       1      0      3             4      292    113      0        405        1117
 % App. Total    19.9      0   80.1              0.6  68.2    31.2               25      0     75                   72.1   27.9      0
          PHF    .766   .000   .821     .809   .375   .926    .706    .868     .250   .000   .375         .333      .737   .911   .000       .804        .834

Peak Hour Analysis From 10:00 to 13:45 - Peak 1 of 1
Peak Hour for Entire Intersection Begins at 12:00
        12:00     19      0     95      114      0    105       14      119       0      1      0             1       56     79      0        135         369
        12:15     21      0     82      103      0     71       14       85       0      0      0             0       65     81      0        146         334
        12:30     13      0     58       71      0     65       20       85       0      0      0             0       61     73      0        134         290
        12:45     13      0     64       77      1     63       18       82       0      1      1             2       73     70      0        143         304
 Total Volume     66      0    299      365      1    304       66      371       0      2      1             3      255    303      0        558        1297
 % App. Total   18.1      0   81.9             0.3   81.9     17.8                0   66.7   33.3                   45.7   54.3      0
          PHF   .786   .000   .787     .800   .250   .724     .825     .779    .000   .500   .250         .375      .873   .935   .000       .955        .879

Peak Hour Analysis From 14:00 to 17:45 - Peak 1 of 1
Peak Hour for Entire Intersection Begins at 16:45
        16:45     44      2     87      133      2     69       26       97       0      1      0             1       89     98      1        188         419
        17:00     63      1     88      152      2     54       20       76       0      2      1             3      103    101      0        204         435
        17:15     55      1     78      134      1     70       24       95       0      0      2             2       91    115      0        206         437
        17:30     57      1     91      149      1     92       22      115       0      0      5             5      100     99      2        201         470
 Total Volume    219      5    344      568      6    285       92      383       0      3      8            11      383    413      3        799        1761
 % App. Total   38.6    0.9   60.6             1.6   74.4       24                0   27.3   72.7                   47.9   51.7    0.4
          PHF   .869   .625   .945     .934   .750   .774     .885     .833    .000   .375   .400         .550      .930   .898   .375       .970        .937
