                                                              City of High Point
                                                         Department of Transportation
                                                             Summer Count Program
                                                                High Point, NC
Counted By: Issac Snyder &                                                                                       File Name     :     Bus85NBRmpKvttDr
Corey Richards                                                                                                   Site Code     :     0069
Weather: PM Showers                                                                                              Start Date    :     7/31/2008
                                                                                                                 Page No       :     1


                                                       Groups Printed- Cars - Trucks - Freight
                      BUS 85 NB RAMP              KIVETT DRIVE                      BUS 85 NB RAMP                     KIVETT DRIVE
                        Southbound                       Westbound                     Northbound                        Eastbound
  Start Time   Left    Thru Right App.   Total   Left   Thru Right App. Total  Left   Thru Right App.   Total   Left    Thru Right    App. Total   Int. Total
       06:00      0       0      0          0       0     12      1       13      5      0      3          8       3       5     16         24           45
       06:15      0       0      0          0       0     39      4       43     11      0      6         17       2      12     20         34           94
       06:30      0       0      0          0       0     52      3       55     11      0      4         15       2      24     31         57          127
       06:45      0       0      0          0       0     52      2       54     16      0     16         32       4      43     21         68          154
       Total      0       0      0          0       0    155     10      165     43      0     29         72      11      84     88        183          420

       07:00      0       0     0           0      0     44      2       46     13      0      4          17       2     15     31          48          111
       07:15      0       0     0           0      0     50      4       54     20      0      5          25       1     23     35          59          138
       07:30      0       0     0           0      0     67      3       70      6      0      2           8       4     32     34          70          148
       07:45      0       0     0           0      0     70      4       74     13      0      8          21       5     25     34          64          159
       Total      0       0     0           0      0    231     13      244     52      0     19          71      12     95    134         241          556

       08:00      0       0     0           0      0     51      2       53      9      0     12          21       4     18     23          45          119
       08:15      0       0     0           0      0     43      4       47     13      0     18          31       1     27     18          46          124
       08:30      0       0     0           0      0     29      7       36      6      0      3           9       1     31     15          47           92
       08:45      0       0     0           0      0     36      1       37      9      0      7          16       8     21     14          43           96
       Total      0       0     0           0      0    159     14      173     37      0     40          77      14     97     70         181          431

       09:00      0       0     0           0      0     32      4       36      9      0     10          19       4     20     22          46          101
       09:15      0       0     0           0      0     35      0       35     15      0     10          25       4     24     20          48          108
       09:30      0       0     0           0      0     36      6       42     17      0     11          28       2     28     25          55          125
       09:45      0       0     0           0      0     38      1       39      5      0     11          16       6     27     19          52          107
       Total      0       0     0           0      0    141     11      152     46      0     42          88      16     99     86         201          441

       10:00      0       0     0           0      0     40      1       41      9      0     16          25       2     26     27          55          121
       10:15      0       0     0           0      0     40      5       45     11      1      9          21       3     28     17          48          114
       10:30      0       0     0           0      0     33      3       36      6      1     11          18       1     41     16          58          112
       10:45      0       0     0           0      0     24      1       25      6      0     14          20       2     27     20          49           94
       Total      0       0     0           0      0    137     10      147     32      2     50          84       8    122     80         210          441

       11:00      0       0     0           0      0     34      3       37     17      0      3          20       4     28     22          54          111
       11:15      0       0     0           0      0     36      3       39     10      0     12          22       1     22     16          39          100
       11:30      0       0     0           0      0     42      2       44     10      0      8          18       0     34     16          50          112
       11:45      0       0     0           0      0     30      4       34     20      0      9          29       2     33     18          53          116
       Total      0       0     0           0      0    142     12      154     57      0     32          89       7    117     72         196          439

       12:00      0       0     0           0      0     35      2       37     20      0     20          40       1     48     15          64          141
       12:15      0       0     0           0      0     44      5       49     15      0      6          21       4     34     20          58          128
       12:30      0       0     0           0      0     29      2       31      8      0      9          17       7     34     15          56          104
       12:45      0       0     0           0      0     51      0       51      3      0     10          13       1     36     17          54          118
       Total      0       0     0           0      0    159      9      168     46      0     45          91      13    152     67         232          491

       13:00      0       0     0           0      0     45      5       50      5      0      8          13       4     31     14          49          112
       13:15      0       0     0           0      0     28      6       34     11      1     11          23       3     43      9          55          112
       13:30      0       0     0           0      0     52      7       59      7      0     12          19       1     22      8          31          109
       13:45      0       0     0           0      0     34      1       35     13      1      9          23       5     28     11          44          102
       Total      0       0     0           0      0    159     19      178     36      2     40          78      13    124     42         179          435

       14:00      0       0     0           0      0     43      5       48     13      1      6          20       4     48     12          64          132
       14:15      0       0     0           0      0     37      7       44      9      0      5          14       1     39     12          52          110
       14:30      0       0     0           0      0     34      3       37      6      0      6          12       1     38      8          47           96
       14:45      0       0     0           0      0     29      6       35      9      0      5          14       4     27     16          47           96
       Total      0       0     0           0      0    143     21      164     37      1     22          60      10    152     48         210          434

       15:00      0       0     0           0      0     22      2       24      4      1      9          14       4     36     18          58           96
       15:15      0       0     0           0      0     29      3       32     11      0      7          18       1     47     18          66          116
       15:30      0       0     0           0      0     30      3       33     13      0     21          34       4     44     31          79          146
       15:45      0       0     0           0      0     23      5       28     16      0     13          29       7     34     30          71          128
       Total      0       0     0           0      0    104     13      117     44      1     50          95      16    161     97         274          486

       16:00      0       0     0           0      0     45      8       53     26      0     17          43       1     52     22          75          171
       16:15      0       0     0           0      0     40      4       44     17      0     13          30       5     66     24          95          169
       16:30      0       0     0           0      0     36      8       44     23      0     12          35       4     60     40         104          183
       16:45      0       0     0           0      0     34      4       38     23      1     15          39       7     57     48         112          189
       Total      0       0     0           0      0    155     24      179     89      1     57         147      17    235    134         386          712

       17:00      0       0     0           0      0     43      8       51     29      0     23          52       3     95     45         143          246
       17:15      0       0     0           0      0     47      7       54     22      0     27          49       3     69     50         122          225
       17:30      0       0     0           0      0     47      5       52     21      0     21          42       5     65     42         112          206
       17:45      0       0     0           0      0     35      1       36     14      0     17          31       7     53     34          94          161
       Total      0       0     0           0      0    172     21      193     86      0     88         174      18    282    171         471          838

 Grand Total      0       0     0           0      0   1857    177     2034    605      7    514        1126     155   1720   1089        2964         6124
    Apprch %      0       0     0                  0   91.3    8.7            53.7    0.6   45.6                 5.2     58   36.7
     Total %      0       0     0           0      0   30.3    2.9     33.2    9.9    0.1    8.4        18.4     2.5   28.1   17.8        48.4
        Cars      0       0     0           0      0   1573    129     1702    535      6    382         923     153   1503   1020        2676         5301
      % Cars      0       0     0           0      0   84.7   72.9     83.7   88.4   85.7   74.3          82    98.7   87.4   93.7        90.3         86.6
      Trucks      0       0     0           0      0    234     12      246     36      1     97         134       2    179     45         226          606
    % Trucks      0       0     0           0      0   12.6    6.8     12.1      6   14.3   18.9        11.9     1.3   10.4    4.1         7.6          9.9
     Freight      0       0     0           0      0     50     36       86     34      0     35          69       0     38     24          62          217
   % Freight      0       0     0           0      0    2.7   20.3      4.2    5.6      0    6.8         6.1       0    2.2    2.2         2.1          3.5
                                                             City of High Point
                                                        Department of Transportation
                                                            Summer Count Program
                                                               High Point, NC
Counted By: Issac Snyder &                                                                             File Name       :   Bus85NBRmpKvttDr
Corey Richards                                                                                         Site Code       :   0069
Weather: PM Showers                                                                                    Start Date      :   7/31/2008
                                                                                                       Page No         :   2

                                                                BUS 85 NB RAMP
                                                              Out      In    Total
                                                               288        0    288
                                                                15        0     15
                                                                36        0     36
                                                               339        0    339


                                                                   0     0            0
                                                                   0     0            0
                                                                   0     0            0
                                                                   0     0            0
                                                               Right Thru      Left
                                    496
                                    146
                                   4784


                                   5426
                                   Total




                                                                                                       2234


                                                                                                       1885
                                                                                                       Out
                                                                                                       KIVETT DRIVE
                                                                                                        276
                                            155
                                                2
                                                0
                                            153




                                                                                          Right Thru




                                                                                                         73
                                           Left




                                                                                            177 1857


                                                                                            129 1573
                                                                      North
                      KIVETT DRIVE




                                                                                             36
                                                                                             12
                                                             7/31/2008 06:00
                               62
                             226
                            2676


                            2964




                                           1089 1720
                                                  179
                                           1020 1503

                                                   38

                                           Right Thru
                             In




                                                             7/31/2008 17:45




                                                                                                               2034


                                                                                                               1702
                                                                                                                In
                                                                                                 234




                                                                                                                246
                                                                                                  50




                                                                                                                  86
                                                             Cars
                                              45
                                              24




                                                                                          Left
                                                             Trucks
                      84
                     270
                    2108


                    2462
                    Out




                                                                                                       Total
                                                             Freight




                                                                                                       4268


                                                                                                       3587
                                                                                                 0
                                                                                                 0
                                                                                                 0
                                                                                                 0



                                                                                                        159
                                                                                                        522
                                                                Left Thru Right
                                                                 535     6  382
                                                                  36     1   97
                                                                  34     0   35
                                                                 605     7  514


                                                              1020      923   1943
                                                                45      134    179
                                                                24       69     93
                                                              1089    1126    2215
                                                              Out      In    Total
                                                                BUS 85 NB RAMP
                                                             City of High Point
                                                        Department of Transportation
                                                            Summer Count Program
                                                               High Point, NC
Counted By: Issac Snyder &                                                                                          File Name     :     Bus85NBRmpKvttDr
Corey Richards                                                                                                      Site Code     :     0069
Weather: PM Showers                                                                                                 Start Date    :     7/31/2008
                                                                                                                    Page No       :     3


                       BUS 85 NB RAMP            KIVETT DRIVE                          BUS 85 NB RAMP                     KIVETT DRIVE
                         Southbound                     Westbound                         Northbound                        Eastbound
   Start Time    Left   Thru Right App. Total   Left   Thru Right    App. Total   Left   Thru Right App.   Total   Left    Thru Right    App. Total   Int. Total
Peak Hour Analysis From 06:00 to 09:45 - Peak 1 of 1
Peak Hour for Entire Intersection Begins at 07:15
        07:15       0      0      0         0      0     50      4         54       20      0      5         25       1     23     35          59          138
        07:30       0      0      0         0      0     67      3         70        6      0      2          8       4     32     34          70          148
        07:45       0      0      0         0      0     70      4         74       13      0      8         21       5     25     34          64          159
        08:00       0      0      0         0      0     51      2         53        9      0     12         21       4     18     23          45          119
 Total Volume       0      0      0         0      0    238     13        251       48      0     27         75      14     98    126         238          564
 % App. Total       0      0      0                0   94.8    5.2                  64      0     36                5.9   41.2   52.9
          PHF    .000   .000   .000     .000   .000    .850   .813       .848     .600   .000   .563       .750    .700   .766   .900        .850         .887

Peak Hour Analysis From 10:00 to 13:45 - Peak 1 of 1
Peak Hour for Entire Intersection Begins at 11:30
        11:30      0      0      0        0      0     42       2          44       10      0      8         18       0     34     16          50          112
        11:45      0      0      0        0      0     30       4          34       20      0      9         29       2     33     18          53          116
        12:00      0      0      0        0      0     35       2          37       20      0     20         40       1     48     15          64          141
        12:15      0      0      0        0      0     44       5          49       15      0      6         21       4     34     20          58          128
 Total Volume      0      0      0        0      0    151      13         164       65      0     43        108       7    149     69         225          497
 % App. Total      0      0      0               0   92.1     7.9                 60.2      0   39.8                3.1   66.2   30.7
          PHF   .000   .000   .000     .000   .000   .858    .650        .837     .813   .000   .538       .675    .438   .776   .863        .879         .881

Peak Hour Analysis From 14:00 to 17:45 - Peak 1 of 1
Peak Hour for Entire Intersection Begins at 16:45
        16:45      0      0      0        0      0     34       4          38       23      1     15         39       7     57     48         112          189
        17:00      0      0      0        0      0     43       8          51       29      0     23         52       3     95     45         143          246
        17:15      0      0      0        0      0     47       7          54       22      0     27         49       3     69     50         122          225
        17:30      0      0      0        0      0     47       5          52       21      0     21         42       5     65     42         112          206
 Total Volume      0      0      0        0      0    171      24         195       95      1     86        182      18    286    185         489          866
 % App. Total      0      0      0               0   87.7    12.3                 52.2    0.5   47.3                3.7   58.5   37.8
          PHF   .000   .000   .000     .000   .000   .910    .750        .903     .819   .250   .796       .875    .643   .753   .925        .855         .880
