                                                                City of High Point
                                                           Department of Transportation
                                                               Summer Count Program
                                                                  High Point, NC
Counted By: Brandon Massey &                                                                                              File Name      :   ElmStWstwdAve
Issac Snyder                                                                                                              Site Code      :   0053
Weather: Clear                                                                                                            Start Date     :   7/22/2008
                                                                                                                          Page No        :   1


                                                         Groups Printed- Cars - Trucks - Freight
                       ELM STREET                       WESTWOOD AVENUE                  ELM STREET                       WESTWOOD AVENUE
                       Southbound                          Westbound                     Northbound                          Eastbound
  Start Time   Left   Thru Right    App. Total   Left     Thru Right App. Total  Left   Thru Right    App. Total   Left     Thru Right App.   Total   Int. Total
       06:00      0      7      0           7       0        0      1         1     2      8      1         11        1        5      0          6          25
       06:15      0      5      1           6       1        5      0         6     4      6      2         12        1        1      0          2          26
       06:30      0     13      0          13       5        8      0       13      5     25      0         30        0        6      2          8          64
       06:45      0     15      3          18       0        7      0         7    10     35      3         48        4        2      2          8          81
       Total      0     40      4          44       6       20      1       27     21     74      6        101        6       14      4         24         196

       07:00      0      7      6         13        1       3      0        4      7     18      2          27        2       1      2           5          49
       07:15      0     17     11         28        1      11      0       12      9      8      5          22        1       6      2           9          71
       07:30      0     24      6         30        1      19      1       21     18     29      0          47        1      10      9          20         118
       07:45      1     54     14         69        0      34      0       34     43     42      8          93        6      19      2          27         223
       Total      1    102     37        140        3      67      1       71     77     97     15         189       10      36     15          61         461

       08:00      1     26      5         32        4      10      0       14     11     28      3          42        0       6      2           8          96
       08:15      0     36     14         50        1      16      1       18     18     30      7          55        7       7      5          19         142
       08:30      1     29      7         37        4      17      0       21     18     28      3          49        1      10     11          22         129
       08:45      3     28      7         38        1      20      0       21     12     24      2          38        8      12      6          26         123
       Total      5    119     33        157       10      63      1       74     59    110     15         184       16      35     24          75         490

       09:00      2     33      3         38        2      20      0       22     24     17      3          44        5      14      8          27         131
       09:15      1     25      3         29        3      10      0       13     21     26      2          49        4      21      4          29         120
       09:30      1     23      5         29        3      21      0       24     11     18      3          32        9      15     15          39         124
       09:45      2     21      7         30        4      20      2       26     10     21      1          32        9       7      6          22         110
       Total      6    102     18        126       12      71      2       85     66     82      9         157       27      57     33         117         485

       10:00      3     41      7         51        3      15      1       19     17     24      2          43       13      20      7          40         153
       10:15      2     25      7         34        2      26      2       30     13     29      4          46        9      22     12          43         153
       10:30      4     29      8         41        6      25      5       36     16     27      3          46        6      30      8          44         167
       10:45      1     22      9         32        5      33      3       41     13     41      1          55        7      24     15          46         174
       Total     10    117     31        158       16      99     11      126     59    121     10         190       35      96     42         173         647

       11:00      2     33      7         42        4      20      1       25     18     17      5          40       10      18     13          41         148
       11:15      3     29     11         43        3      18      0       21     12     26      3          41       11      35      9          55         160
       11:30      2     40      8         50        1      18      2       21     16     32      1          49       10      38     11          59         179
       11:45      2     25      6         33        2      23      0       25     11     28      0          39        7      31     11          49         146
       Total      9    127     32        168       10      79      3       92     57    103      9         169       38     122     44         204         633

       12:00      3     36      1         40        3      15      1       19     12     36      3          51        9      35     11          55         165
       12:15      3     29      3         35        4      18      1       23     11     38      4          53       11      23      8          42         153
       12:30      4     30      7         41        6      15      3       24     12     31      5          48        6      25      8          39         152
       12:45      9     47      7         63        0      18      1       19     14     26      5          45        4      18      7          29         156
       Total     19    142     18        179       13      66      6       85     49    131     17         197       30     101     34         165         626

       13:00      3     48     12         63        3      30      0       33     12     48      9          69        8      27     12          47         212
       13:15      0     41     12         53        5      25      2       32     17     33      4          54       12      26     15          53         192
       13:30      2     41      6         49        4      28      0       32     13     36      9          58       15      21     15          51         190
       13:45      6     52      9         67        3      32      0       35     19     50      8          77       11      31     14          56         235
       Total     11    182     39        232       15     115      2      132     61    167     30         258       46     105     56         207         829

       14:00      1     38      6         45        3      18      0       21     14     29      1          44       10      14     16          40         150
       14:15      2     45      1         48        0      17      0       17     13     22      0          35        6      17      7          30         130
       14:30      0     34      3         37        3      21      0       24      7     13      1          21        7      27     11          45         127
       14:45      2     40      0         42        3      24      1       28     12     26      0          38        8      16     14          38         146
       Total      5    157     10        172        9      80      1       90     46     90      2         138       31      74     48         153         553

       15:00      1     46      4         51        6      12      0       18     10     19      1          30        5      28     11          44         143
       15:15      3     48      6         57        6      18      0       24      7     28      2          37        9      16     15          40         158
       15:30      3     57      8         68        6      18      2       26     14     30      6          50       14      13     13          40         184
       15:45      1     28      4         33        3      20      1       24     10     24      4          38       10      20      8          38         133
       Total      8    179     22        209       21      68      3       92     41    101     13         155       38      77     47         162         618

       16:00      2     38      4         44        9      26      0       35      9     36      3          48        7      24     17          48         175
       16:15      4     16      7         27        3      10      0       13     11     41      8          60        7      29      9          45         145
       16:30      1     42      5         48        3      16      0       19      6     35      6          47       15      31     16          62         176
       16:45      2     28      6         36        4       7      4       15      7     48      6          61        5      25     23          53         165
       Total      9    124     22        155       19      59      4       82     33    160     23         216       34     109     65         208         661

       17:00      2     67     12         81        8      18      0       26      6     57      3          66       16      40     17          73         246
       17:15      0     36      5         41        4      16      1       21      8     39      3          50       13      21     14          48         160
       17:30      0     32      4         36        1       8      1       10      9     30      1          40        3       8      4          15         101
       17:45      0     21      4         25        3      15      0       18      5     23      0          28        7      11      6          24          95
       Total      2    156     25        183       16      57      2       75     28    149      7         184       39      80     41         160         602

 Grand Total     85   1547    291       1923      150     844     37     1031    597   1385    156        2138      350     906    453        1709        6801
    Apprch %    4.4   80.4   15.1                14.5    81.9    3.6            27.9   64.8    7.3                 20.5      53   26.5
     Total %    1.2   22.7    4.3       28.3      2.2    12.4    0.5     15.2    8.8   20.4    2.3        31.4      5.1    13.3    6.7        25.1
        Cars     84   1535    289       1908      146     840     37     1023    588   1363    153        2104      350     901    443        1694        6729
      % Cars   98.8   99.2   99.3       99.2     97.3    99.5    100     99.2   98.5   98.4   98.1        98.4      100    99.4   97.8        99.1        98.9
      Trucks      1     11      2         14        4       4      0        8      9     22      3          34        0       5     10          15          71
    % Trucks    1.2    0.7    0.7        0.7      2.7     0.5      0      0.8    1.5    1.6    1.9         1.6        0     0.6    2.2         0.9           1
     Freight      0      1      0          1        0       0      0        0      0      0      0           0        0       0      0           0           1
   % Freight      0    0.1      0        0.1        0       0      0        0      0      0      0           0        0       0      0           0           0
                                                            City of High Point
                                                       Department of Transportation
                                                           Summer Count Program
                                                              High Point, NC
Counted By: Brandon Massey &                                                                              File Name      :   ElmStWstwdAve
Issac Snyder                                                                                              Site Code      :   0053
Weather: Clear                                                                                            Start Date     :   7/22/2008
                                                                                                          Page No        :   2

                                                                  ELM STREET
                                                             Out       In    Total
                                                             1750     1908    3658
                                                               22        14     36
                                                                 0        1      1
                                                             1772     1923    3695


                                                                289 1535        84
                                                                  2    11          1
                                                                  0     1          0
                                                                291 1547        85
                                                              Right Thru      Left
                                     0
                                    30
                                  3411


                                  3441
                                 Total




                                                                                                     1147


                                                                                                     1138
                                                                                                     Out
                                                                                                     WESTWOOD AVENUE
                    WESTWOOD AVENUE




                                          350
                                              0
                                              0
                                          350




                                                                                       Right Thru
                                         Left




                                                                                                         0
                                                                                                         9
                                                                     North




                                                                                          37


                                                                                          37
                                                                                           0
                                                                                           0
                                                            7/22/2008 06:00
                               0
                              15
                           1694


                           1709




                                                906
                                                   5
                                                   0
                                                901



                                         Right Thru
                            In




                                                            7/22/2008 17:45




                                                                                                           1031


                                                                                                           1023
                                                                                                            In
                                                                                              844


                                                                                              840
                                                                                                 0
                                                                                                 4




                                                                                                               0
                                                                                                               8
                                                            Cars
                                           453
                                             0
                                            10
                                           443




                                                                                       Left
                                                            Trucks
                         0
                       15
                     1717


                     1732




                                                                                        150


                                                                                        146
                     Out




                                                                                                                 Total
                                                            Freight




                                                                                                                  2178


                                                                                                                  2161
                                                                                            0
                                                                                            4




                                                                                                                    17
                                                                                                                     0
                                                               Left   Thru Right
                                                                588 1363     153
                                                                    9   22     3
                                                                    0     0    0
                                                                597 1385     156


                                                             2124     2104    4228
                                                               25        34     59
                                                                 1        0      1
                                                             2150     2138    4288
                                                             Out       In    Total
                                                                  ELM STREET
                                                              City of High Point
                                                         Department of Transportation
                                                             Summer Count Program
                                                                High Point, NC
Counted By: Brandon Massey &                                                                                            File Name      :   ElmStWstwdAve
Issac Snyder                                                                                                            Site Code      :   0053
Weather: Clear                                                                                                          Start Date     :   7/22/2008
                                                                                                                        Page No        :   3


                         ELM STREET                  WESTWOOD AVENUE                   ELM STREET                     WESTWOOD AVENUE
                         Southbound                     Westbound                      Northbound                        Eastbound
   Start Time    Left   Thru Right App. Total   Left   Thru Right App. Total   Left   Thru Right    App. Total   Left   Thru Right App.     Total   Int. Total
Peak Hour Analysis From 06:00 to 09:45 - Peak 1 of 1
Peak Hour for Entire Intersection Begins at 07:45
        07:45       1     54     14       69       0     34      0       34      43     42      8         93        6      19      2          27         223
        08:00       1     26      5       32       4     10      0       14      11     28      3         42        0       6      2           8          96
        08:15       0     36     14       50       1     16      1       18      18     30      7         55        7       7      5          19         142
        08:30       1     29      7       37       4     17      0       21      18     28      3         49        1      10     11          22         129
 Total Volume       3    145     40      188       9     77      1       87      90    128     21        239       14      42     20          76         590
 % App. Total     1.6   77.1   21.3            10.3    88.5    1.1             37.7   53.6    8.8                18.4    55.3   26.3
          PHF    .750   .671   .714     .681   .563    .566   .250    .640     .523   .762   .656       .642     .500    .553   .455       .704         .661

Peak Hour Analysis From 10:00 to 13:45 - Peak 1 of 1
Peak Hour for Entire Intersection Begins at 13:00
        13:00      3     48     12       63      3     30        0       33      12     48      9         69        8      27     12         47          212
        13:15      0     41     12       53      5     25        2       32      17     33      4         54       12      26     15         53          192
        13:30      2     41      6       49      4     28        0       32      13     36      9         58       15      21     15         51          190
        13:45      6     52      9       67      3     32        0       35      19     50      8         77       11      31     14         56          235
 Total Volume     11    182     39      232     15    115        2      132      61    167     30        258       46     105     56        207          829
 % App. Total    4.7   78.4   16.8            11.4   87.1      1.5             23.6   64.7   11.6                22.2    50.7   27.1
          PHF   .458   .875   .813     .866   .750   .898     .250     .943    .803   .835   .833       .838     .767    .847   .933       .924         .882

Peak Hour Analysis From 14:00 to 17:45 - Peak 1 of 1
Peak Hour for Entire Intersection Begins at 16:30
        16:30      1     42      5       48      3     16        0       19       6     35      6         47       15      31     16         62          176
        16:45      2     28      6       36      4      7        4       15       7     48      6         61        5      25     23         53          165
        17:00      2     67     12       81      8     18        0       26       6     57      3         66       16      40     17         73          246
        17:15      0     36      5       41      4     16        1       21       8     39      3         50       13      21     14         48          160
 Total Volume      5    173     28      206     19     57        5       81      27    179     18        224       49     117     70        236          747
 % App. Total    2.4     84   13.6            23.5   70.4      6.2             12.1   79.9      8                20.8    49.6   29.7
          PHF   .625   .646   .583     .636   .594   .792     .313     .779    .844   .785   .750       .848     .766    .731   .761       .808         .759
