                                                                City of High Point
                                                           Department of Transportation
                                                               Summer Count Program
                                                                  High Point, NC
Counted By: Issac Snyder &                                                                                               File Name        :   ElmStRayAve
Corey Richards                                                                                                           Site Code        :   0045
Weather: Clear                                                                                                           Start Date       :   7/15/2008
                                                                                                                         Page No          :   1


                                                        Groups Printed- Cars - Trucks - Freight
                       ELM STREET                         RAY AVENUE             ELM STREET                               RAY AVENUE
                       Southbound                          Westbound                    Northbound                         Eastbound
  Start Time   Left   Thru Right    App. Total   Left    Thru Right App. Total  Left   Thru Right    App. Total   Left   Thru Right     App. Total   Int. Total
       06:00      0      5      2           7       1        6      0        7     3      1      2           6       2       4      4          10          30
       06:15      0      7      1           8       0       10      1      11      5      5      1          11       2       6      3          11          41
       06:30      1     14      7          22       2       25      2      29     23      5      1          29       3       4      5          12          92
       06:45      0     27      8          35       1       34      2      37     20     10      3          33       1       4      3           8         113
       Total      1     53     18          72       4       75      5      84     51     21      7          79       8      18     15          41         276

       07:00      0     16      0         16       4        6      2      12      6      6      5          17        2      7      8           17          62
       07:15      1     31      3         35       1        4      3       8      3     10      5          18        1     10      5           16          77
       07:30      1     34      3         38       0        5      5      10      3     22      3          28        2     16     10           28         104
       07:45      2     59      7         68       4       14      1      19     14     33      7          54        4     12     12           28         169
       Total      4    140     13        157       9       29     11      49     26     71     20         117        9     45     35           89         412

       08:00      3     50      7         60       3        6      2      11      9     22      7          38        2      6      6           14         123
       08:15      1     52      6         59       5        5      0      10     11     25      4          40        3      8     11           22         131
       08:30      0     43      7         50       1        6      1       8      6     30      3          39        3      8     10           21         118
       08:45      0     55      2         57       3        6      2      11      5     32      7          44        4      9      9           22         134
       Total      4    200     22        226      12       23      5      40     31    109     21         161       12     31     36           79         506

       09:00      0     36      4         40       0        6      4      10      3     19      3          25        3      4      5           12          87
       09:15      1     41      4         46       4        4      2      10      7     37      5          49        6      8      8           22         127
       09:30      2     29      7         38       6        8      1      15      6     30      7          43        1      4      7           12         108
       09:45      4     31      4         39       3       11      3      17      5     32      5          42        4     10      9           23         121
       Total      7    137     19        163      13       29     10      52     21    118     20         159       14     26     29           69         443

       10:00      1     34      7         42       2        3      1       6      7     43      4          54        2      8     10           20         122
       10:15      1     32      6         39       6        6      1      13      9     38      6          53        1      7     11           19         124
       10:30      0     31      6         37       1        7      1       9     11     37      2          50        6      4      6           16         112
       10:45      1     46      7         54       2        4      1       7      3     46      4          53        6      7      5           18         132
       Total      3    143     26        172      11       20      4      35     30    164     16         210       15     26     32           73         490

       11:00      1     26      9         36       2        3      1       6      8     41      4          53        3     10     10           23         118
       11:15      1     28      4         33       4        6      0      10      6     41      1          48        5      7     11           23         114
       11:30      2     24      5         31       2        7      1      10      5     44      8          57        8      6     11           25         123
       11:45      2     37      7         46       2        7      1      10      3     67      3          73        4      7     10           21         150
       Total      6    115     25        146      10       23      3      36     22    193     16         231       20     30     42           92         505

       12:00      2     50      6         58       3        4      5      12      7     95      5         107        9      5      4           18         195
       12:15      0     53      3         56       2       10      1      13      9     57      2          68        7     12     10           29         166
       12:30      1     42      6         49       2        6      1       9      6     39      7          52        7      6      7           20         130
       12:45      1     48      7         56       5        6      4      15      6     41      0          47        1      8      6           15         133
       Total      4    193     22        219      12       26     11      49     28    232     14         274       24     31     27           82         624

       13:00      1     53      7         61       3        4      6      13      5     54      3          62        5     10      6           21         157
       13:15      1     39      8         48       3        7      1      11      3     37      1          41        4      6      5           15         115
       13:30      0     41      4         45       2        8      2      12      6     40      2          48       10      5      9           24         129
       13:45      2     57      0         59       7        6      2      15     13     51      6          70        9     11     11           31         175
       Total      4    190     19        213      15       25     11      51     27    182     12         221       28     32     31           91         576

       14:00      3     45      7         55       1        6      0       7     11     39      0          50        4      3      7           14         126
       14:15      0     40      3         43       4       12      3      19      8     41      3          52        4      6     15           25         139
       14:30      1     48      5         54       5        7      3      15     18     53      0          71        9      9      6           24         164
       14:45      3     38      6         47       8       19      2      29     12     51      9          72        4      6     12           22         170
       Total      7    171     21        199      18       44      8      70     49    184     12         245       21     24     40           85         599

       15:00      2     38      5         45       2        8      2      12      5     53      3          61        9     11     13           33         151
       15:15      1     42      4         47       2       12      1      15     10     63      5          78        5     18      9           32         172
       15:30      0     35      6         41       5        6      4      15      9     50      4          63       23     26     32           81         200
       15:45      2     41      4         47       5        5      2      12      9     50      5          64        8     10     16           34         157
       Total      5    156     19        180      14       31      9      54     33    216     17         266       45     65     70          180         680

       16:00      0     33      8         41       5        5      4      14      4     48      5          57        7     11     21           39         151
       16:15      2     33      8         43       3        6      1      10      8     51      6          65        8     12     12           32         150
       16:30      2     20      2         24       5        8      2      15      7     59      5          71        6      7     13           26         136
       16:45      1     30      4         35       5        4      5      14     14     74      2          90       14     12     14           40         179
       Total      5    116     22        143      18       23     12      53     33    232     18         283       35     42     60          137         616

       17:00      0     48      4         52       4       13      2      19      8    111      2         121       11      7     21           39         231
       17:15      2     30      3         35       4        7      4      15      6     58      4          68        5      5     11           21         139
       17:30      0     19      6         25       5        8      4      17     11     41      2          54        5      5      9           19         115
       17:45      0     20      7         27       3        5      1       9      7     42      3          52        3      9      8           20         108
       Total      2    117     20        139      16       33     11      60     32    252     11         295       24     26     49           99         593

 Grand Total     52   1731    246       2029     152      381    100     633    383   1974    184        2541      255    396    466        1117         6320
    Apprch %    2.6   85.3   12.1                 24     60.2   15.8           15.1   77.7    7.2                 22.8   35.5   41.7
     Total %    0.8   27.4    3.9       32.1     2.4        6    1.6      10    6.1   31.2    2.9        40.2        4    6.3    7.4        17.7
        Cars     52   1705    231       1988     149      365     96     610    361   1946    182        2489      237    380    444        1061         6148
      % Cars    100   98.5   93.9         98      98     95.8     96    96.4   94.3   98.6   98.9          98     92.9     96   95.3          95         97.3
      Trucks      0     26     13         39       2       16      4      22     20     28      2          50       17     16     19          52          163
    % Trucks      0    1.5    5.3        1.9     1.3      4.2      4     3.5    5.2    1.4    1.1           2      6.7      4    4.1         4.7          2.6
     Freight      0      0      2          2       1        0      0       1      2      0      0           2        1      0      3           4            9
   % Freight      0      0    0.8        0.1     0.7        0      0     0.2    0.5      0      0         0.1      0.4      0    0.6         0.4          0.1
                                                             City of High Point
                                                        Department of Transportation
                                                            Summer Count Program
                                                               High Point, NC
Counted By: Issac Snyder &                                                                                         File Name    :   ElmStRayAve
Corey Richards                                                                                                     Site Code    :   0045
Weather: Clear                                                                                                     Start Date   :   7/15/2008
                                                                                                                   Page No      :   2

                                                                   ELM STREET
                                                              Out       In    Total
                                                              2279     1988    4267
                                                                49        39     88
                                                                  1        2      3
                                                              2329     2029    4358


                                                                 231 1705        52
                                                                  13    26          0
                                                                   2     0          0
                                                                 246 1731        52
                                                               Right Thru      Left
                                      8
                                   101
                                  2018


                                  2127
                                  Total




                                                                                                       Out
                                                                                                        632


                                                                                                        614
                                           255
                                               1
                                            17
                                           237




                                                                                         Right Thru




                                                                                                         18
                                          Left




                                                                                           100




                                                                                                           0
                                                                      North




                                                                                                            RAY AVENUE
                       RAY AVENUE




                                                                                            96
                                                                                             0
                                                                                             4
                                                             7/15/2008 06:00
                                4
                               52
                            1061


                            1117




                                                 396
                                                    0
                                                 380
                                                  16


                                          Right Thru
                             In




                                                             7/15/2008 17:45




                                                                                                                 In
                                                                                                381


                                                                                                365


                                                                                                                 633


                                                                                                                 610
                                                                                                 16




                                                                                                                   22
                                                                                                   0




                                                                                                                    1
                                                             Cars
                                            466
                                              3
                                             19
                                            444




                                                                                         Left
                                                             Trucks
                        4
                      49
                     957


                    1010




                                                                                          152


                                                                                          149
                    Out




                                                                                                                       Total
                                                             Freight




                                                                                                                       1265


                                                                                                                       1224
                                                                                              1
                                                                                              2




                                                                                                                          40
                                                                                                                           1
                                                                Left   Thru Right
                                                                 361 1946     182
                                                                  20     28     2
                                                                     2     0    0
                                                                 383 1974     184


                                                              2298    2489        4787
                                                                47       50         97
                                                                  4       2          6
                                                              2349    2541        4890
                                                              Out      In        Total
                                                               ELM STREET
                                                             City of High Point
                                                        Department of Transportation
                                                            Summer Count Program
                                                               High Point, NC
Counted By: Issac Snyder &                                                                                                 File Name       :   ElmStRayAve
Corey Richards                                                                                                             Site Code       :   0045
Weather: Clear                                                                                                             Start Date      :   7/15/2008
                                                                                                                           Page No         :   3


                         ELM STREET                     RAY AVENUE                 ELM STREET                               RAY AVENUE
                         Southbound                      Westbound                        Northbound                         Eastbound
   Start Time    Left   Thru Right App. Total   Left   Thru Right    App. Total   Left   Thru Right    App. Total   Left   Thru Right    App. Total   Int. Total
Peak Hour Analysis From 06:00 to 09:45 - Peak 1 of 1
Peak Hour for Entire Intersection Begins at 07:45
        07:45       2     59      7       68       4     14      1          19      14     33      7         54        4     12     12          28         169
        08:00       3     50      7       60       3      6      2          11       9     22      7         38        2      6      6          14         123
        08:15       1     52      6       59       5      5      0          10      11     25      4         40        3      8     11          22         131
        08:30       0     43      7       50       1      6      1           8       6     30      3         39        3      8     10          21         118
 Total Volume       6    204     27      237      13     31      4          48      40    110     21        171       12     34     39          85         541
 % App. Total     2.5   86.1   11.4            27.1    64.6    8.3                23.4   64.3   12.3                14.1     40   45.9
          PHF    .500   .864   .964     .871   .650    .554   .500       .632     .714   .833   .750       .792     .750   .708   .813       .759         .800

Peak Hour Analysis From 10:00 to 13:45 - Peak 1 of 1
Peak Hour for Entire Intersection Begins at 11:45
        11:45      2     37      7       46      2      7        1          10       3     67      3         73        4      7     10          21         150
        12:00      2     50      6       58      3      4        5          12       7     95      5        107        9      5      4          18         195
        12:15      0     53      3       56      2     10        1          13       9     57      2         68        7     12     10          29         166
        12:30      1     42      6       49      2      6        1           9       6     39      7         52        7      6      7          20         130
 Total Volume      5    182     22      209      9     27        8          44      25    258     17        300       27     30     31          88         641
 % App. Total    2.4   87.1   10.5            20.5   61.4     18.2                 8.3     86    5.7                30.7   34.1   35.2
          PHF   .625   .858   .786     .901   .750   .675     .400       .846     .694   .679   .607       .701     .750   .625   .775       .759         .822

Peak Hour Analysis From 14:00 to 17:45 - Peak 1 of 1
Peak Hour for Entire Intersection Begins at 16:15
        16:15      2     33      8       43      3      6        1          10       8     51      6         65        8     12     12          32         150
        16:30      2     20      2       24      5      8        2          15       7     59      5         71        6      7     13          26         136
        16:45      1     30      4       35      5      4        5          14      14     74      2         90       14     12     14          40         179
        17:00      0     48      4       52      4     13        2          19       8    111      2        121       11      7     21          39         231
 Total Volume      5    131     18      154     17     31       10          58      37    295     15        347       39     38     60         137         696
 % App. Total    3.2   85.1   11.7            29.3   53.4     17.2                10.7     85    4.3                28.5   27.7   43.8
          PHF   .625   .682   .563     .740   .850   .596     .500       .763     .661   .664   .625       .717     .696   .792   .714       .856         .753
