                                                                City of High Point
                                                           Department of Transportation
                                                               Summer Count Program
                                                                  High Point, NC
Counted By: Sam Hopkins &                                                                                             File Name         :    EnglshRdWrdAve
Robert Amaral                                                                                                         Site Code         :    0061
Weather: Clear                                                                                                        Start Date        :    7/24/2008
                                                                                                                      Page No           :    1


                                                         Groups Printed- Cars - Trucks - Freight
                      ENGLISH ROAD                        WARD AVENUE                  ENGLISH ROAD                       WARD AVENUE
                       Southbound                          Westbound                     Northbound                        Eastbound
  Start Time   Left   Thru Right     App. Total   Left    Thru Right App. Total  Left   Thru Right    App. Total   Left   Thru Right        App. Total   Int. Total
       06:00      6     15      2          23        6      12      8       26      0     18      4         22        1     10      2              13          84
       06:15     11     28      4          43        5       7      3       15      0     34      9         43        4     11      0              15         116
       06:30      4     26      5          35        5      12      7       24      0     60     14         74        6     24      1              31         164
       06:45     10     30      6          46       15       7      6       28      0     71     28         99        4     31      4              39         212
       Total     31     99     17         147       31      38     24       93      0    183     55        238       15     76      7              98         576

       07:00      9     24      3          36        4       7      6      17      2     50     14          66        6     25      2             33          152
       07:15     10     31      4          45        2       6      4      12      2     77     18          97        8     25      1             34          188
       07:30     10     39      5          54       17      15      9      41      1     94     15         110        6     29      3             38          243
       07:45      5     40      8          53        6       9      4      19      3    154     11         168        5     26      5             36          276
       Total     34    134     20         188       29      37     23      89      8    375     58         441       25    105     11            141          859

       08:00      6     37      2          45       11      15      6      32      0     84     16         100        2     22      2             26          203
       08:15      5     36      3          44       14      13      3      30      1     80     19         100        7     14      1             22          196
       08:30      5     39      1          45        2      11      3      16      1     74     10          85        4     18      2             24          170
       08:45      5     31      7          43        9      12     12      33      1     82      7          90        6     22      3             31          197
       Total     21    143     13         177       36      51     24     111      3    320     52         375       19     76      8            103          766

       09:00      3     31      3          37       14      16      7      37      4     48     13          65        1     11      0              12         151
       09:15      5     44      2          51       12      19      3      34      2     58     12          72        4     16      1              21         178
       09:30     10     47      3          60        7       7      7      21      0     62      8          70        3     12      0              15         166
       09:45      7     42      8          57       13      17      1      31      1     49      8          58        1      8      2              11         157
       Total     25    164     16         205       46      59     18     123      7    217     41         265        9     47      3              59         652

       10:00     10     44      4          58       12       9      8      29      0     45     13          58        6     15      1              22         167
       10:15      7     44      7          58       10      18      4      32      2     34     15          51        2      8      0              10         151
       10:30      7     56      6          69       13      17      7      37      0     45     10          55        4     16      1              21         182
       10:45      3     57      5          65       12      22      9      43      3     63     11          77       12     16      0              28         213
       Total     27    201     22         250       47      66     28     141      5    187     49         241       24     55      2              81         713

       11:00     11     65      9          85       13      28      5      46      3     64     10          77        5     22      2             29          237
       11:15      6     61      8          75       13      15      7      35      3     41     11          55        5     19      3             27          192
       11:30      5     47     11          63        6      45     11      62      2     39     13          54        5     18      3             26          205
       11:45     10     69     10          89       20      38      6      64      5     52     10          67        8     24      1             33          253
       Total     32    242     38         312       52     126     29     207     13    196     44         253       23     83      9            115          887

       12:00      9     78     22         109       24      63      4      91      3     65     13          81       12     42      2             56          337
       12:15     17     56     11          84        8      35      3      46      0     75     20          95       15     43      2             60          285
       12:30     11     63     13          87       15      22      3      40      3     57     14          74       15     29      1             45          246
       12:45      8     74     13          95       12      29      3      44      3     61     23          87        7     33      1             41          267
       Total     45    271     59         375       59     149     13     221      9    258     70         337       49    147      6            202         1135

       13:00      9     71     17          97       12      18     10      40      2     59      9          70       11     28      4             43          250
       13:15     10     50     10          70        5      18      5      28      2     60     16          78        6     21      2             29          205
       13:30      7     58     12          77       13      21      6      40      2     64     15          81       10     27      2             39          237
       13:45      7     50      6          63       17      15      4      36      2     58     13          73        5     29      3             37          209
       Total     33    229     45         307       47      72     25     144      8    241     53         302       32    105     11            148          901

       14:00     15     49      7          71       17      23      1      41      4     75     11          90        8     12      1             21          223
       14:15     13     67      8          88       17      18      4      39      3     64     22          89        9     28      4             41          257
       14:30     20     79     13         112       21      39      7      67      3     63     15          81        3     17      2             22          282
       14:45      4     59     11          74       27      36      6      69      1     55     10          66        5     19      1             25          234
       Total     52    254     39         345       82     116     18     216     11    257     58         326       25     76      8            109          996

       15:00      5     77      4          86       17      24      7      48      2     48     12          62       11     18      0             29          225
       15:15      9     82      7          98       16      20     11      47      1     49     17          67        3     14      1             18          230
       15:30     12     78      8          98       34      51      6      91      5     68     12          85        6     20      3             29          303
       15:45     12     86     12         110       18      38     14      70      3     74     13          90       10     18      0             28          298
       Total     38    323     31         392       85     133     38     256     11    239     54         304       30     70      4            104         1056

       16:00      6     79     11          96       19      46      4      69      0     40     17          57        8     15      1             24          246
       16:15     10     85     12         107       11      30      2      43      3     56     13          72        8     22      2             32          254
       16:30     11     97     11         119       32      33      3      68      1     56     12          69        8     21      0             29          285
       16:45     12     74      9          95       22      35     12      69      1     54     20          75        7     25      4             36          275
       Total     39    335     43         417       84     144     21     249      5    206     62         273       31     83      7            121         1060

       17:00     23    171      8         202       30      36     15      81      3     56     16          75        6     21      0             27          385
       17:15     16    132     15         163       14      37      4      55      0     66     13          79        9     14      0             23          320
       17:30     13     73     15         101       12      21      4      37      1     36     16          53       12     23      1             36          227
       17:45     12     58     14          84       18      30      9      57      3     38     18          59        6     29      0             35          235
       Total     64    434     52         550       74     124     32     230      7    196     63         266       33     87      1            121         1167

 Grand Total    441   2829    395        3665      672    1115    293    2080     87   2875    659        3621      315   1010     77           1402       10768
    Apprch %     12   77.2   10.8                 32.3    53.6   14.1            2.4   79.4   18.2                 22.5     72    5.5
     Total %    4.1   26.3    3.7          34      6.2    10.4    2.7    19.3    0.8   26.7    6.1        33.6      2.9    9.4    0.7             13
        Cars    414   2713    388        3515      640    1089    272    2001     83   2765    637        3485      309    989     76           1374       10375
      % Cars   93.9   95.9   98.2        95.9     95.2    97.7   92.8    96.2   95.4   96.2   96.7        96.2     98.1   97.9   98.7             98        96.4
      Trucks     26     73      6         105       28      25     21      74      3     64     21          88        3     20      1             24         291
    % Trucks    5.9    2.6    1.5         2.9      4.2     2.2    7.2     3.6    3.4    2.2    3.2         2.4        1      2    1.3            1.7         2.7
     Freight      1     43      1          45        4       1      0       5      1     46      1          48        3      1      0              4         102
   % Freight    0.2    1.5    0.3         1.2      0.6     0.1      0     0.2    1.1    1.6    0.2         1.3        1    0.1      0            0.3         0.9
                                                             City of High Point
                                                        Department of Transportation
                                                            Summer Count Program
                                                               High Point, NC
Counted By: Sam Hopkins &                                                                                 File Name         :   EnglshRdWrdAve
Robert Amaral                                                                                             Site Code         :   0061
Weather: Clear                                                                                            Start Date        :   7/24/2008
                                                                                                          Page No           :   2

                                                                 ENGLISH ROAD
                                                              Out      In   Total
                                                              3346    3515   6861
                                                                88      105   193
                                                                49       45    94
                                                              3483    3665   7148


                                                                 388 2713       414
                                                                   6    73       26
                                                                   1    43          1
                                                                 395 2829       441
                                                               Right Thru      Left
                                      7
                                     58
                                  2934


                                  2999
                                  Total




                                                                                                      2110


                                                                                                      2040
                                                                                                      Out
                                           315
                                               3
                                               3
                                           309




                                                                                        Right Thru




                                                                                                        67
                                          Left




                                                                                                         WARD AVENUE
                                                                                          293 1115


                                                                                          272 1089



                                                                                                          3
                      WARD AVENUE




                                                                      North




                                                                                           21
                                                                                            0
                                                             7/24/2008 06:00
                               4
                              24
                           1374


                           1402




                                             77 1010
                                                    1
                                                 989
                                                  20


                                          Right Thru
                            In




                                                             7/24/2008 17:45




                                                                                                             2080


                                                                                                             2001
                                                                                                              In
                                                                                                25




                                                                                                                74
                                                                                                  1




                                                                                                                 5
                                                             Cars
                                              1
                                              0
                                             76




                                                                                        Left
                                                             Trucks
                        3
                      34
                    1560


                    1597




                                                                                         672


                                                                                         640
                    Out




                                                                                                                    Total
                                                                                          28
                                                             Freight




                                                                                                                     4190


                                                                                                                     4041
                                                                                             4




                                                                                                                      141
                                                                                                                        8
                                                                Left   Thru Right
                                                                  83 2765     637
                                                                     3   64    21
                                                                     1   46     1
                                                                  87 2875     659


                                                              3429    3485   6914
                                                               102       88   190
                                                                47       48    95
                                                              3578    3621   7199
                                                              Out      In   Total
                                                                 ENGLISH ROAD
                                                             City of High Point
                                                        Department of Transportation
                                                            Summer Count Program
                                                               High Point, NC
Counted By: Sam Hopkins &                                                                                               File Name         :    EnglshRdWrdAve
Robert Amaral                                                                                                           Site Code         :    0061
Weather: Clear                                                                                                          Start Date        :    7/24/2008
                                                                                                                        Page No           :    3


                        ENGLISH ROAD                   WARD AVENUE                       ENGLISH ROAD                       WARD AVENUE
                         Southbound                     Westbound                          Northbound                        Eastbound
   Start Time    Left   Thru Right App. Total   Left   Thru Right    App. Total   Left    Thru Right    App. Total   Left   Thru Right        App. Total   Int. Total
Peak Hour Analysis From 06:00 to 09:45 - Peak 1 of 1
Peak Hour for Entire Intersection Begins at 07:30
        07:30      10     39      5       54      17     15      9         41        1     94     15         110        6     29      3             38          243
        07:45       5     40      8       53       6      9      4         19        3    154     11         168        5     26      5             36          276
        08:00       6     37      2       45      11     15      6         32        0     84     16         100        2     22      2             26          203
        08:15       5     36      3       44      14     13      3         30        1     80     19         100        7     14      1             22          196
 Total Volume      26    152     18      196      48     52     22        122        5    412     61         478       20     91     11            122          918
 % App. Total    13.3   77.6    9.2            39.3    42.6     18                   1   86.2   12.8                 16.4   74.6      9
          PHF    .650   .950   .563     .907   .706    .867   .611       .744     .417   .669   .803        .711     .714   .784   .550           .803         .832

Peak Hour Analysis From 10:00 to 13:45 - Peak 1 of 1
Peak Hour for Entire Intersection Begins at 12:00
        12:00      9     78     22      109     24     63        4         91        3     65     13          81       12     42      2             56          337
        12:15     17     56     11       84      8     35        3         46        0     75     20          95       15     43      2             60          285
        12:30     11     63     13       87     15     22        3         40        3     57     14          74       15     29      1             45          246
        12:45      8     74     13       95     12     29        3         44        3     61     23          87        7     33      1             41          267
 Total Volume     45    271     59      375     59    149       13        221        9    258     70         337       49    147      6            202         1135
 % App. Total     12   72.3   15.7            26.7   67.4      5.9                 2.7   76.6   20.8                 24.3   72.8      3
          PHF   .662   .869   .670     .860   .615   .591     .813       .607     .750   .860   .761        .887     .817   .855   .750           .842         .842

Peak Hour Analysis From 14:00 to 17:45 - Peak 1 of 1
Peak Hour for Entire Intersection Begins at 16:30
        16:30     11     97     11      119     32     33        3         68        1     56     12          69        8     21      0             29          285
        16:45     12     74      9       95     22     35       12         69        1     54     20          75        7     25      4             36          275
        17:00     23    171      8      202     30     36       15         81        3     56     16          75        6     21      0             27          385
        17:15     16    132     15      163     14     37        4         55        0     66     13          79        9     14      0             23          320
 Total Volume     62    474     43      579     98    141       34        273        5    232     61         298       30     81      4            115         1265
 % App. Total   10.7   81.9    7.4            35.9   51.6     12.5                 1.7   77.9   20.5                 26.1   70.4    3.5
          PHF   .674   .693   .717     .717   .766   .953     .567       .843     .417   .879   .763        .943     .833   .810   .250           .799         .821
