                                                                City of High Point
                                                           Department of Transportation
                                                               Summer Count Program
                                                                  High Point, NC
Counted By: Brandon Massey &                                                                                        File Name      :    EnglshRdSouthRd
Issac Snyder                                                                                                        Site Code      :    0059
Weather: Clear                                                                                                      Start Date     :    7/24/2008
                                                                                                                    Page No        :    1


                                                        Groups Printed- Cars - Trucks - Freight
                       SOUTH ROAD                        ENGLISH ROAD                   SOUTH ROAD                       ENGLISH ROAD
                       Southbound                          Westbound                    Northbound                         Eastbound
  Start Time   Left   Thru Right    App. Total   Left     Thru Right  App. Total Left  Thru Right    App. Total   Left    Thru Right    App. Total   Int. Total
       06:00      1      0      1           2       2       23      0        25     0     1      3           4       0      61      0         61           92
       06:15      4      1      0           5       5       36      0        41     0     0      9           9       1      71      0         72          127
       06:30      6      4      3          13       6       44      2        52     1     1      2           4       3     112      0        115          184
       06:45      7      0      1           8      11       46      0        57     0     2     14          16       1     125      2        128          209
       Total     18      5      5          28      24      149      2       175     1     4     28          33       5     369      2        376          612

       07:00      4      1      2           7      4       60      2      66      1      2      2            5       1    114      1         116          194
       07:15      4      1      1           6      8       64      2      74      1      2      8           11       3    142      0         145          236
       07:30      3      0      1           4      4       78      3      85      0      2      8           10       4    185      1         190          289
       07:45     10      1      2          13     11       76      2      89      0      1     14           15       0    212      0         212          329
       Total     21      3      6          30     27      278      9     314      2      7     32           41       8    653      2         663         1048

       08:00      5      1      1           7      9       70      3      82      0      0      6            6       3    128      0         131          226
       08:15      4      0      3           7      4       81      0      85      0      1      7            8       1    134      1         136          236
       08:30      1      0      3           4      7       64      1      72      1      0      8            9       3    133      1         137          222
       08:45      6      0      3           9      5       73      0      78      0      0     14           14       3    116      2         121          222
       Total     16      1     10          27     25      288      4     317      1      1     35           37      10    511      4         525          906

       09:00      0      0      2           2      8       77      2      87      1      1      5            7       1     98      1         100          196
       09:15      1      1      1           3      2       84      4      90      0      1     10           11       1    116      2         119          223
       09:30      2      0      4           6      3       84      3      90      1      2     10           13       2    119      1         122          231
       09:45      1      1      5           7      6       80      2      88      0      0      8            8       2    110      1         113          216
       Total      4      2     12          18     19      325     11     355      2      4     33           39       6    443      5         454          866

       10:00      3      0      4           7      7       87      1      95      1      3     10           14       3     92      2          97          213
       10:15      3      1      2           6      6      111      2     119      0      4     10           14       5     96      1         102          241
       10:30      2      0      4           6     11       98      2     111      2      0      6            8       1     97      0          98          223
       10:45      2      1      2           5      4      102      2     108      2      1      5            8       4    112      1         117          238
       Total     10      2     12          24     28      398      7     433      5      8     31           44      13    397      4         414          915

       11:00      1      3      0           4      8       94      4     106      0      0     11           11       1    105      0         106          227
       11:15      2      0      5           7      5      110      0     115      0      0      5            5       8    108      0         116          243
       11:30      2      2      6          10     12      111      1     124      2      0      9           11       1    115      0         116          261
       11:45      5      2      4          11     14      120      3     137      2      9     22           33       0    112      2         114          295
       Total     10      7     15          32     39      435      8     482      4      9     47           60      10    440      2         452         1026

       12:00      4      1      1           6      8      142      1     151      8      5     13           26       2    124      4         130          313
       12:15      3      6      5          14      5      131      1     137      2      0      9           11       4    133      5         142          304
       12:30      4      3      1           8      8      104      1     113      2      0      7            9       4    121      0         125          255
       12:45      3      3      2           8      8      103      2     113      1      1     10           12       1    121      0         122          255
       Total     14     13      9          36     29      480      5     514     13      6     39           58      11    499      9         519         1127

       13:00      1      1      3           5      8      125      3     136      0      1      4            5       1    109      2         112          258
       13:15      0      2      4           6      3      132      4     139      0      1     12           13       1    120      2         123          281
       13:30      4      2      4          10      9      127      2     138      1      0      9           10       3    120      0         123          281
       13:45      5      3      5          13     11      118      1     130      0      1      5            6       4    117      1         122          271
       Total     10      8     16          34     31      502     10     543      1      3     30           34       9    466      5         480         1091

       14:00      2      2      8          12      5      126      3     134      1      2     11           14       4     99      2         105          265
       14:15      3      0      2           5      6      114      2     122      2      1      4            7       4    125      0         129          263
       14:30      6      0      5          11     12      129      3     144      0      1      9           10       4    123      1         128          293
       14:45      9      2      5          16      7      150      5     162      2      2     12           16       2     97      0          99          293
       Total     20      4     20          44     30      519     13     562      5      6     36           47      14    444      3         461         1114

       15:00      4      0      3           7      8      130      3     141      0      0     10           10       5    107      0         112          270
       15:15      5      3      4          12     11      140      5     156      1      2      7           10       4    106      5         115          293
       15:30      6      2      6          14      8      176      3     187      2      4     25           31       7    100      1         108          340
       15:45      8      4      2          14      7      175      3     185      1      1     14           16       3    127      0         130          345
       Total     23      9     15          47     34      621     14     669      4      7     56           67      19    440      6         465         1248

       16:00      7      4      2          13      5      183      3     191      1      3     17           21       4     93      0          97          322
       16:15      3      5      3          11     10      166      2     178      4      6     18           28       3    109      1         113          330
       16:30      2      0      8          10      8      206      8     222      0      0     24           24       9    126      4         139          395
       16:45      4      2     11          17     12      169      7     188      1      1      8           10       2    116      2         120          335
       Total     16     11     24          51     35      724     20     779      6     10     67           83      18    444      7         469         1382

       17:00      5      1      8          14     17      257      7     281      2      3     15           20       0    138      2         140          455
       17:15      3      0      8          11     10      221      5     236      3      1     11           15       3    115      3         121          383
       17:30      5      4      4          13      7      162      4     173      1      0      4            5       6    119      3         128          319
       17:45      4      0      2           6      6      145      5     156      1      3     13           17       5     98      0         103          282
       Total     17      5     22          44     40      785     21     846      7      7     43           57      14    470      8         492         1439

 Grand Total    179     70    166        415      361    5504    124    5989     51     72    477         600      137   5576     57        5770       12774
    Apprch %   43.1   16.9     40                   6    91.9    2.1            8.5     12   79.5                  2.4   96.6      1
     Total %    1.4    0.5    1.3        3.2      2.8    43.1      1    46.9    0.4    0.6    3.7         4.7      1.1   43.7    0.4        45.2
        Cars    173     69    164        406      337    5395    120    5852     46     69    439         554      135   5468     52        5655       12467
      % Cars   96.6   98.6   98.8       97.8     93.4      98   96.8    97.7   90.2   95.8     92        92.3     98.5   98.1   91.2          98        97.6
      Trucks      6      1      2          9       14      75      4      93      3      3     20          26        2     69      3          74         202
    % Trucks    3.4    1.4    1.2        2.2      3.9     1.4    3.2     1.6    5.9    4.2    4.2         4.3      1.5    1.2    5.3         1.3         1.6
     Freight      0      0      0          0       10      34      0      44      2      0     18          20        0     39      2          41         105
   % Freight      0      0      0          0      2.8     0.6      0     0.7    3.9      0    3.8         3.3        0    0.7    3.5         0.7         0.8
                                                              City of High Point
                                                         Department of Transportation
                                                             Summer Count Program
                                                                High Point, NC
Counted By: Brandon Massey &                                                                             File Name            :   EnglshRdSouthRd
Issac Snyder                                                                                             Site Code            :   0059
Weather: Clear                                                                                           Start Date           :   7/24/2008
                                                                                                         Page No              :   2

                                                                    SOUTH ROAD
                                                               Out      In     Total
                                                                324      406     730
                                                                   9       9      18
                                                                   0       0       0
                                                                333      415     748


                                                                   164   69       173
                                                                     2     1          6
                                                                     0     0          0
                                                                   166   70       179
                                                                 Right Thru      Left
                                       77
                                     154
                                   11260


                                   11491
                                    Total




                                                                                                       6232


                                                                                                       6080
                                                                                                       Out
                                             137
                                                 2
                                                 0
                                             135




                                                                                          Right Thru




                                                                                                         57
                                                                                                         95
                                            Left




                                                                                                          ENGLISH ROAD
                      ENGLISH ROAD




                                                                                            124 5504


                                                                                            120 5395
                                                                        North




                                                                                              0
                                                                                              4
                                                               7/24/2008 06:00
                               74
                               41
                            5655


                            5770




                                               57 5576
                                                    69
                                                    39
                                               52 5468



                                            Right Thru
                             In




                                                               7/24/2008 17:45




                                                                                                               5989


                                                                                                               5852
                                                                                                                In
                                                                                                  34
                                                                                                  75




                                                                                                                  44
                                                                                                                  93
                                                               Cars
                                                3
                                                2




                                                                                          Left
                                                               Trucks
                      80
                      36
                    5605


                    5721




                                                                                           361


                                                                                           337


                                                                                                                     12221


                                                                                                                     11932
                    Out




                                                                                                                      Total
                                                                                            10
                                                                                            14
                                                               Freight




                                                                                                                       101
                                                                                                                       188
                                                                  Left   Thru Right
                                                                    46     69   439
                                                                       3     3   20
                                                                       2     0   18
                                                                    51      72  477


                                                                458     554    1012
                                                                 18      26      44
                                                                 12      20      32
                                                                488     600    1088
                                                               Out     In     Total
                                                                   SOUTH ROAD
                                                              City of High Point
                                                         Department of Transportation
                                                             Summer Count Program
                                                                High Point, NC
Counted By: Brandon Massey &                                                                                           File Name      :    EnglshRdSouthRd
Issac Snyder                                                                                                           Site Code      :    0059
Weather: Clear                                                                                                         Start Date     :    7/24/2008
                                                                                                                       Page No        :    3


                         SOUTH ROAD                    ENGLISH ROAD                        SOUTH ROAD                       ENGLISH ROAD
                         Southbound                      Westbound                         Northbound                         Eastbound
   Start Time    Left   Thru Right App. Total   Left    Thru Right    App. Total   Left   Thru Right    App. Total   Left    Thru Right    App. Total   Int. Total
Peak Hour Analysis From 06:00 to 09:45 - Peak 1 of 1
Peak Hour for Entire Intersection Begins at 07:15
        07:15       4      1      1         6      8     64      2          74        1      2      8          11       3    142      0         145          236
        07:30       3      0      1         4      4     78      3          85        0      2      8          10       4    185      1         190          289
        07:45      10      1      2       13      11     76      2          89        0      1     14          15       0    212      0         212          329
        08:00       5      1      1         7      9     70      3          82        0      0      6           6       3    128      0         131          226
 Total Volume      22      3      5       30      32    288     10         330        1      5     36          42      10    667      1         678         1080
 % App. Total    73.3     10   16.7              9.7   87.3      3                  2.4   11.9   85.7                 1.5   98.4    0.1
          PHF    .550   .750   .625     .577    .727   .923   .833        .927     .250   .625   .643       .700     .625   .787   .250        .800         .821

Peak Hour Analysis From 10:00 to 13:45 - Peak 1 of 1
Peak Hour for Entire Intersection Begins at 11:30
        11:30      2      2      6       10     12    111        1         124        2      0      9          11       1    115      0         116          261
        11:45      5      2      4       11     14    120        3         137        2      9     22          33       0    112      2         114          295
        12:00      4      1      1        6      8    142        1         151        8      5     13          26       2    124      4         130          313
        12:15      3      6      5       14      5    131        1         137        2      0      9          11       4    133      5         142          304
 Total Volume     14     11     16       41     39    504        6         549       14     14     53          81       7    484     11         502         1173
 % App. Total   34.1   26.8     39             7.1   91.8      1.1                 17.3   17.3   65.4                 1.4   96.4    2.2
          PHF   .700   .458   .667     .732   .696   .887     .500        .909     .438   .389   .602       .614     .438   .910   .550        .884         .937

Peak Hour Analysis From 14:00 to 17:45 - Peak 1 of 1
Peak Hour for Entire Intersection Begins at 16:30
        16:30      2      0      8       10      8    206        8         222        0      0     24          24       9    126      4         139          395
        16:45      4      2     11       17     12    169        7         188        1      1      8          10       2    116      2         120          335
        17:00      5      1      8       14     17    257        7         281        2      3     15          20       0    138      2         140          455
        17:15      3      0      8       11     10    221        5         236        3      1     11          15       3    115      3         121          383
 Total Volume     14      3     35       52     47    853       27         927        6      5     58          69      14    495     11         520         1568
 % App. Total   26.9    5.8   67.3             5.1     92      2.9                  8.7    7.2   84.1                 2.7   95.2    2.1
          PHF   .700   .375   .795     .765   .691   .830     .844        .825     .500   .417   .604       .719     .389   .897   .688        .929         .862
