                                                             City of High Point
                                                        Department of Transportation
Counted by: Janessa Johnson &                               Summer Count Program                                      File Name        :   COLLMONT
Kelly Earnhardt                                                High Point, NC                                         Site Code        :   00000130
Weather: Sunny                                                                                                        Start Date       :   7/31/2002
                                                                                                                      Page No          :   1
                                                           Groups Printed- Cars - Trucks
                      COLLEGE DRIVE                  MONTLIEU AVENUE                COLLEGE DRIVE                  MONTLIEU AVENUE
                        Southbound                      Westbound                     Northbound                      Eastbound
                                       App.                            App.                          App.                             App.     Int.
  Start Time   Left   Thru   Right            Left     Thru Right             Left   Thru Right             Left    Thru   Right
                                      Total                           Total                         Total                            Total    Total
   06:00 AM       0     37       3       40     13       11      1       25      4     36     10       50      0       5       8        13      128
   06:15 AM       0     70       3       73     22       12      2       36      7     46      9       62      1       9       8        18      189
   06:30 AM       4    104       4      112     53       22      6       81     16     77     25      118      1      11      12        24      335
   06:45 AM       3    104       7      114     50       27      6       83      3     86     16      105      2      12       7        21      323
      Total       7    315      17      339    138       72     15      225     30    245     60      335      4      37      35        76      975

   07:00 AM       5     68       6      79      24      21      1       46      7     92     29       128      1       9       3        13      266
   07:15 AM       1     83       8      92      28      20      1       49      6    106     23       135      3      18       8        29      305
   07:30 AM       5    126       3     134      47      39      1       87      1    125     34       160      3      20       2        25      406
   07:45 AM      10    158       5     173      46      51      5      102     10    131     26       167      1      24      10        35      477
      Total      21    435      22     478     145     131      8      284     24    454    112       590      8      71      23       102     1454

   08:00 AM       6    129       9     144      33      40      2       75     11    124     30       165      3      18       7        28      412
   08:15 AM       3     94       7     104      37      37      4       78      6    120     18       144      2      19      10        31      357
   08:30 AM       2    103       6     111      21      42      2       65     18    110     13       141      3      21      11        35      352
   08:45 AM       5     86       6      97      38      54      2       94     20    104     19       143      4      28      14        46      380
      Total      16    412      28     456     129     173     10      312     55    458     80       593     12      86      42       140     1501

   09:00 AM       2     56      10      68      22      30      4       56      9     67     17        93      3      15      12        30      247
   09:15 AM       5     58       6      69      28      28      7       63     10     90     16       116      4      28       8        40      288
   09:30 AM       5     61       8      74      21      38      5       64     12    100     13       125      3      30      11        44      307
   09:45 AM      11     76       6      93      10      37      6       53     11     95     16       122      5      26       7        38      306
      Total      23    251      30     304      81     133     22      236     42    352     62       456     15      99      38       152     1148

   10:00 AM       6     65      10      81      13      35      5       53      9     91     18       118      3      25      15        43      295
   10:15 AM       8     72       4      84      23      30      7       60     16     70     15       101      9      38       9        56      301
   10:30 AM       4     78       5      87      16      34      4       54     13     83     16       112      6      29      12        47      300
   10:45 AM       6     74       5      85      17      39      7       63     15     94     18       127      5      27       6        38      313
      Total      24    289      24     337      69     138     23      230     53    338     67       458     23     119      42       184     1209

   11:00 AM       5     70      10      85      17      31      5       53      8     66     19        93      6      25      12        43      274
   11:15 AM       4     85      11     100      20      25     12       57     17    104     21       142      2      32      12        46      345
   11:30 AM       9    101       5     115      22      28     11       61     12     94     26       132      5      27      16        48      356
   11:45 AM       3     80       7      90      26      41     14       81      8    109     16       133      3      32       8        43      347
      Total      21    336      33     390      85     125     42      252     45    373     82       500     16     116      48       180     1322

   12:00 PM       5    105     10      120      20      38     10       68     27    137     19       183     12      50       6        68      439
   12:15 PM       9     98     14      121      26      26     10       62     19    109     26       154      9      34       8        51      388
   12:30 PM      10    112     12      134      16      29      9       54      9    106     23       138      6      30      12        48      374
   12:45 PM      11    139      8      158      19      31      9       59     12    100     22       134      2      36       9        47      398
      Total      35    454     44      533      81     124     38      243     67    452     90       609     29     150      35       214     1599

   01:00 PM      13     98       9     120      16      31      8       55     14     92     23       129      5      43      11        59      363
   01:15 PM       8    115      11     134      22      34      5       61     11     97     20       128      5      35      11        51      374
   01:30 PM      10     97      10     117      28      35      6       69     14     98     22       134      4      29       5        38      358
   01:45 PM       3    112      12     127      17      39      3       59     11    100     23       134      4      36       8        48      368
      Total      34    422      42     498      83     139     22      244     50    387     88       525     18     143      35       196     1463

   02:00 PM       8    119       9     136      26      35      6       67     15     93     21       129      2      38      27        67      399
   02:15 PM       9    113       3     125      21      35      3       59      9    109     20       138      9      35      10        54      376
   02:30 PM       5    107       9     121      32      42      7       81     12    104     26       142      2      26       9        37      381
   02:45 PM       9    107      13     129      15      48      9       72     17    101     17       135     13      45      11        69      405
      Total      31    446      34     511      94     160     25      279     53    407     84       544     26     144      57       227     1561

   03:00 PM      11    115       9     135      37      25      8       70     12    113     22       147     11      38      10        59      411
   03:15 PM       6     90      10     106      26      35      9       70     16    100     25       141      7      30      10        47      364
   03:30 PM      10    111       8     129      24      39      9       72     16    126     21       163     10      37      12        59      423
   03:45 PM       9     99      11     119      21      35     13       69     20    115     28       163      5      46      15        66      417
      Total      36    415      38     489     108     134     39      281     64    454     96       614     33     151      47       231     1615

   04:00 PM      11    104       4     119      28      37     12       77     18    124     36       178      6      32      10        48      422
   04:15 PM       5    122       8     135      30      38      6       74     16    133     23       172      7      38      18        63      444
   04:30 PM      27    155       8     190      24      29      9       62     15    187     23       225      7      42      13        62      539
   04:45 PM      10    130       7     147      32      28      7       67     26    155     23       204      8      49      13        70      488
      Total      53    511      27     591     114     132     34      280     75    599    105       779     28     161      54       243     1893

   05:00 PM      14    140     10      164      30      39     10       79     12    181     40       233     13      83      11       107      583
   05:15 PM      10    163      8      181      24      26     17       67     23    188     65       276      7      51       6        64      588
   05:30 PM      10    156      8      174      31      37     17       85     27    159     46       232      9      48       6        63      554
   05:45 PM      12    114      8      134      29      28     12       69     16    178     35       229     13      32       5        50      482
      Total      46    573     34      653     114     130     56      300     78    706    186       970     42     214      28       284     2207

 Grand Total   347    4859    373     5579    1241    1591    334     3166    636   5225   1112     6973     254    1491    484      2229     17947
    Apprch %   6.2    87.1    6.7             39.2    50.3   10.5             9.1   74.9   15.9             11.4    66.9   21.7
     Total %   1.9    27.1    2.1     31.1     6.9     8.9    1.9     17.6    3.5   29.1    6.2     38.9     1.4     8.3    2.7      12.4
                                                           City of High Point
                                                      Department of Transportation
Counted by: Janessa Johnson &                             Summer Count Program                               File Name    :   COLLMONT
Kelly Earnhardt                                              High Point, NC                                  Site Code    :   00000130
Weather: Sunny                                                                                               Start Date   :   7/31/2002
                                                                                                             Page No      :   2

                                                              COLLEGE DRIVE
                                                            Out     In    Total
                                                            5520   5301   10821
                                                             293     278    571
                                                            5813   5579   11392


                                                                362 4597      342
                                                                 11  262         5
                                                                373 4859      347
                                                              Right Thru     Left
                                 4689

                                 4829
                                  140
                                 Total




                                                                                                  2950

                                                                                                  2873
                                                                                                  Out
                   MONTLIEU AVENUE




                                                                                                   MONTLIEU AVENUE
                                          254
                                          246
                                             8




                                                                                     Right Thru
                                         Left




                                                                                                    77
                                                                     North




                                                                                       334 1591

                                                                                       330 1541
                                                                                         4
                          2169

                          2229
                             60




                                                            7/31/2002 6:00:00 AM
                                           484 1491
                                           475 1448
                                                 43

                                         Right Thru
                           In




                                                                                                         3166

                                                                                                         3077
                                                            7/31/2002 5:45:00 PM




                                                                                                          In
                                                                                             50




                                                                                                            89
                                                            Cars
                                             9




                                                                                     1241

                                                                                     1206
                   2520

                   2600




                                                                                     Left
                     80




                                                            Trucks
                   Out




                                                                                                                Total
                                                                                       35



                                                                                                                6116

                                                                                                                5950
                                                                                                                 166
                                                              Left Thru Right
                                                               617 4944 1083
                                                                19  281    29
                                                               636 5225 1112


                                                            6278   6644   12922
                                                             306     329    635
                                                            6584   6973   13557
                                                            Out     In    Total
                                                              COLLEGE DRIVE
                                                                 City of High Point
                                                            Department of Transportation
Counted by: Janessa Johnson &                                   Summer Count Program                                           File Name      :   COLLMONT
Kelly Earnhardt                                                    High Point, NC                                              Site Code      :   00000130
Weather: Sunny                                                                                                                 Start Date     :   7/31/2002
                                                                                                                               Page No        :   3


                        COLLEGE DRIVE                 MONTLIEU AVENUE                     COLLEGE DRIVE                   MONTLIEU AVENUE
                          Southbound                     Westbound                          Northbound                       Eastbound
                                        App.                               App.                            App.                              App.     Int.
  Start Time    Left     Thru   Right          Left        Thru   Right            Left   Thru   Right             Left      Thru   Right
                                       Total                              Total                           Total                             Total    Total
Peak Hour From 06:00   AM to 09:45 AM - Peak 1 of 1
 Intersection 07:30    AM
       Volume     24       507    24     555    163         167      12     342      28    500    108       636       9        81     29      119     1652
      Percent    4.3      91.4   4.3           47.7        48.8     3.5             4.4   78.6   17.0               7.6      68.1   24.4
 07:45 Volume     10       158     5     173     46          51       5     102      10    131     26       167       1        24     10       35      477
  Peak Factor                                                                                                                                        0.866
    High Int. 07:45 AM                          07:45 AM                          07:45 AM                        07:45 AM
       Volume     10   158          5     173      46        51       5     102      10    131      26      167       1        24      10      35
  Peak Factor                           0.802                             0.838                           0.952                             0.850

Peak Hour From 10:00 AM to 01:45 PM - Peak 1 of 1
 Intersection 12:00 PM
       Volume     35    454     44     533     81     124           38      243      67    452     90       609      29       150     35      214     1599
      Percent    6.6   85.2    8.3           33.3    51.0         15.6             11.0   74.2   14.8              13.6      70.1   16.4
 12:00 Volume      5    105     10     120     20      38           10       68      27    137     19       183      12        50      6       68      439
  Peak Factor                                                                                                                                        0.911
    High Int. 12:45 PM                      12:00 PM                              12:00 PM                        12:00 PM
       Volume     11    139      8     158     20      38            10      68      27    137      19      183      12        50       6      68
  Peak Factor                        0.843                                0.893                           0.832                             0.787

Peak Hour From 02:00 PM to 05:45 PM - Peak 1 of 1
 Intersection 04:45 PM
       Volume     44    589     33     666    117     130           51      298      88    683    174       945      37       231     36      304     2213
      Percent    6.6   88.4    5.0           39.3    43.6         17.1              9.3   72.3   18.4              12.2      76.0   11.8
 05:15 Volume     10    163      8     181     24      26           17       67      23    188     65       276       7        51      6       64      588
  Peak Factor                                                                                                                                        0.941
    High Int. 05:15 PM                      05:30 PM                              05:15 PM                        05:00 PM
       Volume     10    163      8     181     31      37            17      85      23    188      65      276      13        83      11     107
  Peak Factor                        0.920                                0.876                           0.856                             0.710
