                                                           City of High Point
                                                      Department of Transportation
Counted by: Steven Nance &                                Summer Count Program                                    File Name      :   DILMAINJ1
John Graves                                                  High Point, NC                                       Site Code      :   00000068
Weather: Sunny                                                                                                    Start Date     :   6/25/2002
                                                                                                                  Page No        :   1
                                                         Groups Printed- Cars - Trucks
                      RAGSDALE ROAD                  MAIN STREET                   DILLON ROAD                  MAIN STREET
                        Southbound                    Westbound                     Northbound                   Eastbound
                                       App.                          App.                         App.                          App.     Int.
  Start Time   Left   Thru   Right            Left   Thru Right             Left  Thru Right             Left   Thru   Right
                                      Total                         Total                        Total                         Total    Total
   06:00 AM       0      0       1        1      5     20      0       25      4      1     15      20      2     19       3      24       70
   06:15 AM       0      2       0        2      6     18      2       26      4      0     17      21      1     45       1      47       96
   06:30 AM       0      1       2        3      7     38      0       45     10      2     39      51      4     60       4      68      167
   06:45 AM       1      1       2        4     12     46      0       58      6      2     14      22      2     70       8      80      164
      Total       1      4       5       10     30    122      2      154     24      5     85     114      9    194      16     219      497

   07:00 AM       0      3       4       7       7     56      1      64     11      2     28       41      3     71       2      76      188
   07:15 AM       3     14       4      21      10     51      1      62      9      7     23       39      3    102      15     120      242
   07:30 AM       4     63       9      76       8     41      1      50     16     50     28       94     14     61      31     106      326
   07:45 AM       2      9       7      18      29     94      4     127     18      7     38       63      7    151      13     171      379
      Total       9     89      24     122      54    242      7     303     54     66    117      237     27    385      61     473     1135

   08:00 AM       4      3       4      11      21    109     1      131     19      8     46       73      4    105       7     116      331
   08:15 AM       6      1       9      16      22    100     4      126      8      6     40       54      6     99       5     110      306
   08:30 AM       2      5      11      18      16    122     7      145     15      4     42       61     11    109       6     126      350
   08:45 AM       0      2      17      19       8    115     6      129     11      7     34       52      7     99       7     113      313
      Total      12     11      41      64      67    446    18      531     53     25    162      240     28    412      25     465     1300

   09:00 AM       0      4       8      12      14    101     2      117      6      6     36       48      3     98       2     103      280
   09:15 AM       2      7       8      17      10     86     2       98      7      4     23       34      7     96       6     109      258
   09:30 AM       1      1       8      10      18     91     4      113      6      7     19       32      6    110       7     123      278
   09:45 AM       2      6       3      11      17     94     2      113     10      9     24       43      3    104       8     115      282
      Total       5     18      27      50      59    372    10      441     29     26    102      157     19    408      23     450     1098

   10:00 AM       2      7      14      23      16     88     3      107      9      3     18       30      4     83       7      94      254
   10:15 AM       3      3       9      15      15     76     3       94     15      5     29       49      6     96       7     109      267
   10:30 AM       2      3      13      18      15     90     3      108     10      2     24       36      9     73      18     100      262
   10:45 AM       3      3       7      13       9    109     1      119     10      3     23       36      4    125      12     141      309
      Total      10     16      43      69      55    363    10      428     44     13     94      151     23    377      44     444     1092

   11:00 AM       3     11      16      30      17     76     3       96     14      5     15       34      5     80      11      96      256
   11:15 AM       3      6       4      13      19     89    11      119      7     15     17       39      8     91      12     111      282
   11:30 AM       3      6       5      14      25    110     1      136      9      6     27       42      4     89       4      97      289
   11:45 AM       1     16      18      35      19    115     3      137     17      5     29       51      7     99       6     112      335
      Total      10     39      43      92      80    390    18      488     47     31     88      166     24    359      33     416     1162

   12:00 PM       7      6      19      32      24    127     5      156     16     11     31       58      8    115       9     132      378
   12:15 PM       6     10      26      42      25    113     7      145      9      7     28       44     12    141      12     165      396
   12:30 PM       5      5      12      22      18    119     6      143     15     12     31       58     13    120      15     148      371
   12:45 PM       6      8      19      33      30    106     4      140     10      6     18       34      8    108      21     137      344
      Total      24     29      76     129      97    465    22      584     50     36    108      194     41    484      57     582     1489

   01:00 PM       7      4       5      16      22    104     5      131     14      3     34       51     12    110       9     131      329
   01:15 PM       4      5      14      23      35    103     1      139     13      4     25       42      6     94      13     113      317
   01:30 PM       8     11      10      29      22    103     4      129      7      1     23       31     18     81      11     110      299
   01:45 PM       5     10      15      30      17     86     5      108      8      3     25       36      8    110       7     125      299
      Total      24     30      44      98      96    396    15      507     42     11    107      160     44    395      40     479     1244

   02:00 PM       4      6       9      19      27    128     7      162     17      7     30       54      4    104       7     115      350
   02:15 PM       1      5      10      16      21    112     3      136      7      5     16       28      6    103       5     114      294
   02:30 PM       2      7      11      20      26    120     3      149      5      7     27       39     13     96       6     115      323
   02:45 PM       2      6      11      19      30     79     2      111     11      4     29       44      4    117      14     135      309
      Total       9     24      41      74     104    439    15      558     40     23    102      165     27    420      32     479     1276

   03:00 PM       1      5       9      15      33    128     2      163      6      3     27       36     10    106       9     125      339
   03:15 PM       3     55      19      77      29     53     4       86     18     54     15       87     13     85       7     105      355
   03:30 PM       0      9      13      22      22    125     6      153     12      4     21       37      8    123       9     140      352
   03:45 PM       0      8      16      24      32    125     2      159      7      7     26       40      8    109       1     118      341
      Total       4     77      57     138     116    431    14      561     43     68     89      200     39    423      26     488     1387

   04:00 PM       3     13      14      30      23    107     6      136     16     10     25       51     13    117       7     137      354
   04:15 PM       3     15      18      36      20    114     2      136     11      8     22       41      5    132      14     151      364
   04:30 PM       1      8      22      31      32    138     0      170      7      3     17       27      9    115      10     134      362
   04:45 PM       3     11      21      35      35    164     3      202     11     10     34       55     13    138      11     162      454
      Total      10     47      75     132     110    523    11      644     45     31     98      174     40    502      42     584     1534

   05:00 PM       5     13      11      29      43    137     9      189     17      7     41       65     16    155      12     183      466
   05:15 PM       6     12      14      32      44    155     2      201     14      6     17       37     14    149      11     174      444
   05:30 PM       0      6       7      13      58    153     7      218      9     13     21       43     16    178       6     200      474
   05:45 PM       4     12      11      27      34    123     0      157     14      9     32       55     11    101       9     121      360
      Total      15     43      43     101     179    568    18      765     54     35    111      200     57    583      38     678     1744

 Grand Total    133    427    519     1079    1047   4757   160     5964    525    370   1263    2158    378    4942     437   5757     14958
    Apprch %   12.3   39.6   48.1             17.6   79.8   2.7            24.3   17.1   58.5            6.6    85.8     7.6
     Total %    0.9    2.9    3.5      7.2     7.0   31.8   1.1     39.9    3.5    2.5    8.4    14.4    2.5    33.0     2.9   38.5
                                                           City of High Point
                                                      Department of Transportation
Counted by: Steven Nance &                                Summer Count Program                                 File Name    :   DILMAINJ1
John Graves                                                  High Point, NC                                    Site Code    :   00000068
Weather: Sunny                                                                                                 Start Date   :   6/25/2002
                                                                                                               Page No      :   2

                                                              RAGSDALE ROAD
                                                            Out     In    Total
                                                             882   1054   1936
                                                              26      25     51
                                                             908   1079   1987


                                                                515  412      127
                                                                  4   15         6
                                                                519  427      133
                                                              Right Thru     Left
                                 11260
                                   298
                                 11558
                                 Total




                                                                                                  6338

                                                                                                  6154
                                                                                                  Out
                                          378
                                          373
                                             5




                                                                                                   184
                                                                                     Right Thru
                                         Left




                                                                     North




                                                                                       160 4757

                                                                                       154 4627




                                                                                                      MAIN STREET
                     MAIN STREET




                                                                                         6
                           5616

                           5757
                             141




                                                            6/25/2002 6:00:00 AM
                                           437 4942
                                           418 4825
                                                117

                                         Right Thru
                            In




                                                                                                          5964

                                                                                                          5777
                                                            6/25/2002 5:45:00 PM




                                                                                                           In
                                                                                            130




                                                                                                            187
                                                            Cars
                                            19




                                                                                     1047
                   5644

                   5801




                                                                                     Left
                    157




                                                            Trucks




                                                                                      996
                   Out




                                                                                                                 12302

                                                                                                                 11931
                                                                                                                  Total
                                                                                       51




                                                                                                                   371
                                                              Left Thru Right
                                                               502  355 1202
                                                                23   15    61
                                                               525  370 1263


                                                            1826     2059   3885
                                                              85        99   184
                                                            1911     2158   4069
                                                            Out       In    Total
                                                                DILLON ROAD
                                                              City of High Point
                                                         Department of Transportation
Counted by: Steven Nance &                                   Summer Count Program                                          File Name      :   DILMAINJ1
John Graves                                                     High Point, NC                                             Site Code      :   00000068
Weather: Sunny                                                                                                             Start Date     :   6/25/2002
                                                                                                                           Page No        :   3


                        RAGSDALE ROAD                   MAIN STREET                       DILLON ROAD                    MAIN STREET
                          Southbound                     Westbound                         Northbound                     Eastbound
                                        App.                            App.                              App.                           App.     Int.
  Start Time    Left     Thru   Right          Left     Thru   Right            Left      Thru   Right            Left   Thru   Right
                                       Total                           Total                             Total                          Total    Total
Peak Hour From 06:00   AM to 09:45 AM - Peak 1 of 1
 Intersection 07:45    AM
       Volume     14        18    31      63     88      425      16     529      60        25    166      251      28    464      31     523     1366
      Percent   22.2      28.6  49.2           16.6     80.3     3.0            23.9      10.0   66.1              5.4   88.7     5.9
 07:45 Volume      2         9     7      18     29       94       4     127      18         7     38       63       7    151      13     171      379
  Peak Factor                                                                                                                                    0.901
    High Int. 07:45 AM                          08:30 AM                       08:00 AM                          07:45 AM
       Volume      2        9       7      18      16    122       7     145      19         8      46      73       7    151      13     171
  Peak Factor                           0.875                          0.912                             0.860                          0.765

Peak Hour From 10:00 AM to 01:45 PM - Peak 1 of 1
 Intersection 12:00 PM
       Volume     24     29     76     129     97     465         22     584      50        36    108      194      41    484      57     582     1489
      Percent   18.6   22.5   58.9           16.6    79.6        3.8            25.8      18.6   55.7              7.0   83.2     9.8
 12:15 Volume      6     10     26      42     25     113          7     145       9         7     28       44      12    141      12     165      396
  Peak Factor                                                                                                                                    0.940
    High Int. 12:15 PM                      12:00 PM                           12:00 PM                          12:15 PM
       Volume      6     10     26      42     24     127          5     156      16        11      31      58      12    141      12     165
  Peak Factor                        0.768                             0.936                             0.836                          0.882

Peak Hour From 02:00 PM to 05:45 PM - Peak 1 of 1
 Intersection 04:45 PM
       Volume     14     42     53     109    180     609         21     810      51        36    113      200      59    620      40     719     1838
      Percent   12.8   38.5   48.6           22.2    75.2        2.6            25.5      18.0   56.5              8.2   86.2     5.6
 05:30 Volume      0      6      7      13     58     153          7     218       9        13     21       43      16    178       6     200      474
  Peak Factor                                                                                                                                    0.969
    High Int. 04:45 PM                      05:30 PM                           05:00 PM                          05:30 PM
       Volume      3     11     21      35     58     153          7     218      17         7      41      65      16    178       6     200
  Peak Factor                        0.779                             0.929                             0.769                          0.899
