                                              Malone & Associates Inc.
                                                   WEEKLY SUMMARY                                                 Page:     1
                                                Starting:8/18/2008


Site Ref: 000000010740                                                         File: D0818009.prn
Site ID: 000000010740                                                          Info: Richmond Zone 1
Loc: N. 5th St., btw Jackson & Ped Xing (E)                                    GPS: 37.54567 77.43515
Direction: EAST

   TIME      MON        TUE        WED        THU        FRI        SAT        SUN      WK TOT     WK AVG
              25         19         20         21         22         23         24
Lane 1     am   pm    am   pm    am   pm    am   pm    am   pm    am   pm    am   pm    am   pm    am   pm
-----------------------------------------------------------------------------------------------------------

  00:15    7     0      19    45       2    35      12    28       7    35      7    37     17    20      71   200     10       28
  00:30    3     0      16    39       3    34       2    33       4    47      3    41     11    13      42   207      6       29
  00:45    0     0      20    38       7    36       2    42       5    35     12    32     11    14      57   197      8       28
  01:00    0    35       3    32       5    38       3    40       4    51     18    34      6    22      39   252      5       36
  01:15    0    39       8    19       2    31       2    35       0    49     19    35      6    17      37   225      5       32
  01:30    0    49       3    38       2    35       4    32       2    50     18    29      5    19      34   252      4       36
  01:45    0    52       5    30       3    35       3    32       3    45     38    33      2    34      54   261      7       37
  02:00    0    35       3    40       1    37       4    38       3    41     12    33      5    29      28   253      4       36
  02:15    0    39       3    30       2    26       2    44       1    31      9    27      3    26      20   223      2       31
  02:30    0    42       1    39       3    24       3    31       4    19      1    31      5    21      17   207      2       29
  02:45    0    38       0    32       1    49       3    28       0    33      6    23      4    20      14   223      2       31
  03:00    0    42       2    38       2    36       4    32       1    34      1    22      2    18      12   222      1       31
  03:15    0    47       2    28       1    38       5    29       3    39      1    24      4    22      16   227      2       32
  03:30    0    46       6    27       4    34       2    42       2    46      1    25      2    27      17   247      2       35
  03:45    0    46       2    25       0    32       2    26       2    37      2    26      3    17      11   209      1       29
  04:00    0    64       1    28       1    30       3    29       3    32      1    18      2    21      11   222      1       31
  04:15    0    41       2    40       4    26       1    37       5    45      3    17      3    30      18   236      2       33
  04:30    0    50       4    35       3    49       2    32       6    32      2    25      0    24      17   247      2       35
  04:45    0    56       6    48       4    38       3    41       4    32      5    21      2    36      24   272      3       38
  05:00    0    47       6    51       8    34       7    25       9    34      3    24      3    37      36   252      5       36
  05:15    0    56       5    48       8    38       9    42       7    47      8    30      5    27      42   288      6       41
  05:30    0    78       9    53      13    46      11    48      17    37      4    21      5    24      59   307      8       43
  05:45    0    71      12    43      15    37      12    37      14    30     11    22      7    18      71   258     10       36
  06:00    0    53      21    44      18    24      17    23      16    22      9    29      2    18      83   213     11       30
  06:15    0    72      26    30      33    29      25    33      27    23      4    18      3    16     118   221     16       31
  06:30    0    85      53    26      39    24      43    23      37    31      8    23      7    15     187   227     26       32
  06:45    0    82      63    24      62    20      59    13      51    32      8    24      9    15     252   210     36       30
  07:00    0    93      88    27      83    32      81    24      65    27     18    21     10    13     345   237     49       33
  07:15    0    56      90    18      94    20      91    31      64    19      7    23      9    18     355   185     50       26
  07:30    0    47     103    11     112    21     103    21     104    23     14    25      9    15     445   163     63       23
  07:45    0    46      93    28      93    25      97    23     104    20     21    21     17    18     425   181     60       25
  08:00    0    26     127    20     116    22     130    16      95    20     24    28      8    16     500   148     71       21
  08:15    0    16     113    12     119    11     114    22     120    15     20    18     11    20     497   114     71       16
  08:30    0    23      85    20     110    24     123    24      91    21     16    12      8    18     433   142     61       20
  08:45    0    18      84    18      92    17      87    14      82    17     20    15     13    14     378   113     54       16
  09:00    0    17     120    17      89    19      90    18      76    11     12    15      8    14     395   111     56       15
  09:15    0    16      85    14      70    17      74    12      73    15     18    16      9    17     329   107     47       15
  09:30    0    17      67    13      51    12      62    21      48    25     18    22     14    14     260   124     37       17
  09:45    0     5      51     7      53    17      49    15      39    21     32    22     23    11     247    98     35       14
  10:00    0    12      44    12      38    16      58    12      48    17     29    19     13     8     230    96     32       13
  10:15    0    17      37     8      33     7      40    14      30    13     20    10     12    21     172    90     24       12
  10:30    0    24      38     7      25     8      32    12      29    19     20    24     18    11     162   105     23       15
  10:45    0    20      41    11      33    17      36    10      40    18     27    17     22     3     199    96     28       13
  11:00    0    22      36     6      35    15      35    16      34    25     29    21     18    13     187   118     26       16
  11:15    0    20      33    19      25     8      28     6      24    13     34    16     11    13     155    95     22       13
  11:30    0    13      39    12      41     3      26     9      30    16     30    16     14    10     180    79     25       11
  11:45    0    17      27     4      38    12      34     9      25     7     62    19     27    12     213    80     30       11
  12:00    0     9      22    12      32     8      28    10      28    13     44    10     12     7     166    69     23        9

-----------------------------------------------------------------------------------------------------------
TOTALS       1809       2990       2874       2897       2850       1843       1306      16569       2324

AM Times       0:15          7:30          7:30          7:45          7:30         11:15        10:15         7:30         7:30
AM Peaks         10           436           440           464           423           170           70         1867          265

PM Times       18:15         16:45         16:30         16:45         13:00        12:15        16:15         16:45        16:45
PM Peaks         332           200           159           156           195          144          127          1119          158
                                             Malone & Associates Inc.
                                                  WEEKLY SUMMARY                                               Page:     1
                                               Starting:8/19/2008


Site Ref: 000000004056                                                      File: D0819008.prn
Site ID: 000000004056                                                       Info: Richmond Zone 1
Loc: N. 5th St., btw Jackson & Ped Xing (W)                                 GPS: 37.54567 77.43515
Direction: WEST

   TIME      MON        TUE        WED        THU        FRI        SAT        SUN      WK TOT     WK AVG
              25         19         20         21         22         23         24
Lane 1     am   pm    am   pm    am   pm    am   pm    am   pm    am   pm    am   pm    am   pm    am   pm
-----------------------------------------------------------------------------------------------------------

  00:15    15    70     21    38     15    59      8    40      5    58     18    54     17    34      99   353     14       50
  00:30     6    52     12    36      8    62      9    44      7    61     21    44     33    40      96   339     13       48
  00:45     6    56      4    40      5    58      4    52      8    57     32    65     18    44      77   372     11       53
  01:00     5    48      6    43      9    53      8    49     16    63     29    51     15    34      88   341     12       48
  01:15     7    46     12    44      8    37     11    57      8    50     19    50     29    45      94   329     13       47
  01:30     4    45      6    40      6    53      2    42      6    49     25    64     13    41      62   334      8       47
  01:45     5    35      2    45      4    44      4    35      3    49     18    59      6    48      42   315      6       45
  02:00     4    41      3    48      4    45      2    37      3    54     14    45      8    42      38   312      5       44
  02:15     2    51      0    44      2    56      5    50      6    61      7    50     13    40      35   352      5       50
  02:30     2    41      4    55      5    54      3    37      2    57      5    50      8    51      29   345      4       49
  02:45     2    50      1    42      2    42      3    63      1    58      6    50     11    44      26   349      3       49
  03:00     4    47      2    50      2    58      4    46      5    55      2    34     11    53      30   343      4       49
  03:15     2    48      5    40      4    61      3    56      5    64      4    53      7    53      30   375      4       53
  03:30     1    66      4    43      5    42      3    53      4    53      8    50      2    61      27   368      3       52
  03:45     0    52      2    56      3    55      4    48      2    47      4    51      7    51      22   360      3       51
  04:00     4    47      0    50      3    58      3    42      2    59      3    46      5    42      20   344      2       49
  04:15     6    44      4    47      4    61      6    48      3    59      2    38      6    53      31   350      4       50
  04:30     2    59      3    98      7    63      9    55      3    55      7    41      3    46      34   417      4       59
  04:45     4    63      6   102      3    61      3    69      7    61      8    47      3    53      34   456      4       65
  05:00     4    51      9   108      7    55      8    53      4    57      5    40      6    47      43   411      6       58
  05:15    11    69     12   107     10    78      8    67      2    44      6    37      5    61      54   463      7       66
  05:30     8    57     13   108     18    54     10    52     16    54      5    54      5    35      75   414     10       59
  05:45    17    60     11    74     14    43     17    50     12    46      7    47      5    40      83   360     11       51
  06:00    21    50     17    52     18    46     20    45     14    54      8    40      7    47     105   334     15       47
  06:15    27    40     20    37     28    38     29    44     28    52      8    44      5    39     145   294     20       42
  06:30    35    45     40    46     37    32     32    42     31    52     23    41     10    38     208   296     29       42
  06:45    42    28     51    31     37    48     38    35     23    43     18    47      8    36     217   268     31       38
  07:00    46    23     37    40     35    47     41    39     37    41     18    43      8    57     222   290     31       41
  07:15    68    38     49    36     48    39     69    36     44    35     15    35      6    33     299   252     42       36
  07:30    74    22     59    24     58    33     69    30     71    61     26    28     12    36     369   234     52       33
  07:45    61    22     64    39     70    30     82    37     73    43     20    41     16    32     386   244     55       34
  08:00    79    25     53    27     53    36     78    42     63    42     24    36     21    36     371   244     53       34
  08:15    58    22     34    27     63    32     69    29     69    45     29    40     16    28     338   223     48       31
  08:30    63    31     39    28     53    47     55    31     71    37     17    36     22    43     320   253     45       36
  08:45    49    17     72    24     51    41     61    39     52    37     36    35     22    23     343   216     49       30
  09:00    50    21     41    35     39    30     63    39     59    37     31    41     21    30     304   233     43       33
  09:15    51    25     43    25     42    33     41    34     42    32     40    48     17    35     276   232     39       33
  09:30    44    17     46    20     36    24     47    29     57    42     41    37     30    43     301   212     43       30
  09:45    49    22     44    27     45    28     64    17     72    45     27    50     32    30     333   219     47       31
  10:00    46    22     28    24     60    28     45    25     44    36     35    47     34    26     292   208     41       29
  10:15    45    21     40    13     38    20     44    28     39    42     55    39     28    19     289   182     41       26
  10:30    53    15     40    18     54    20     42    26     46    35     47    40     42    28     324   182     46       26
  10:45    47     9     53    15     39    16     44    28     43    33     42    35     31    27     299   163     42       23
  11:00    45    10     41    16     46    19     47    14     50    33     52    34     32    27     313   153     44       21
  11:15    47    16     54    16     45    20     40    19     51    41     48    52     23    22     308   186     44       26
  11:30    57    15     58    12     57    20     40    24     49    15     74    37     41    24     376   147     53       21
  11:45    56     4     40    14     67    16     54     9     52    23     46    31     36    18     351   115     50       16
  12:00    44     8     47    15     53    15     57    19     51    31     53    26     32    14     337   128     48       18

-----------------------------------------------------------------------------------------------------------
TOTALS       3144       3271       3330       3313       3619       3191       2637      22505       3176

AM Times        7:15         7:15         7:30         7:15         7:30         11:15        9:45          7:30         7:30
AM Peaks         282          225          244          298          276           221         136          1464          208

PM Times        16:30        16:45        16:30        16:30        12:15        12:45        15:00         16:30        16:30
PM Peaks          242          425          257          244          239          230          218          1747          248
                                              Malone & Associates Inc.
                                                   WEEKLY SUMMARY                                                 Page:     1
                                                Starting:8/18/2008


Site Ref: 000000010740                                                         File: D0818009.prn
Site ID: 000000010740                                                          Info: Richmond Zone 1
Loc: N. 5th St., btw Jackson & Ped Xing (E)                                    GPS: 37.54567 77.43515
Direction: EAST

   TIME      MON        TUE        WED        THU        FRI        SAT        SUN      WK TOT     WK AVG
              25         19         20         21         22         23         24
Lane 1     am   pm    am   pm    am   pm    am   pm    am   pm    am   pm    am   pm    am   pm    am   pm
-----------------------------------------------------------------------------------------------------------

  00:15    7     0      19    45       2    35      12    28       7    35      7    37     17    20      71   200     10       28
  00:30    3     0      16    39       3    34       2    33       4    47      3    41     11    13      42   207      6       29
  00:45    0     0      20    38       7    36       2    42       5    35     12    32     11    14      57   197      8       28
  01:00    0    35       3    32       5    38       3    40       4    51     18    34      6    22      39   252      5       36
  01:15    0    39       8    19       2    31       2    35       0    49     19    35      6    17      37   225      5       32
  01:30    0    49       3    38       2    35       4    32       2    50     18    29      5    19      34   252      4       36
  01:45    0    52       5    30       3    35       3    32       3    45     38    33      2    34      54   261      7       37
  02:00    0    35       3    40       1    37       4    38       3    41     12    33      5    29      28   253      4       36
  02:15    0    39       3    30       2    26       2    44       1    31      9    27      3    26      20   223      2       31
  02:30    0    42       1    39       3    24       3    31       4    19      1    31      5    21      17   207      2       29
  02:45    0    38       0    32       1    49       3    28       0    33      6    23      4    20      14   223      2       31
  03:00    0    42       2    38       2    36       4    32       1    34      1    22      2    18      12   222      1       31
  03:15    0    47       2    28       1    38       5    29       3    39      1    24      4    22      16   227      2       32
  03:30    0    46       6    27       4    34       2    42       2    46      1    25      2    27      17   247      2       35
  03:45    0    46       2    25       0    32       2    26       2    37      2    26      3    17      11   209      1       29
  04:00    0    64       1    28       1    30       3    29       3    32      1    18      2    21      11   222      1       31
  04:15    0    41       2    40       4    26       1    37       5    45      3    17      3    30      18   236      2       33
  04:30    0    50       4    35       3    49       2    32       6    32      2    25      0    24      17   247      2       35
  04:45    0    56       6    48       4    38       3    41       4    32      5    21      2    36      24   272      3       38
  05:00    0    47       6    51       8    34       7    25       9    34      3    24      3    37      36   252      5       36
  05:15    0    56       5    48       8    38       9    42       7    47      8    30      5    27      42   288      6       41
  05:30    0    78       9    53      13    46      11    48      17    37      4    21      5    24      59   307      8       43
  05:45    0    71      12    43      15    37      12    37      14    30     11    22      7    18      71   258     10       36
  06:00    0    53      21    44      18    24      17    23      16    22      9    29      2    18      83   213     11       30
  06:15    0    72      26    30      33    29      25    33      27    23      4    18      3    16     118   221     16       31
  06:30    0    85      53    26      39    24      43    23      37    31      8    23      7    15     187   227     26       32
  06:45    0    82      63    24      62    20      59    13      51    32      8    24      9    15     252   210     36       30
  07:00    0    93      88    27      83    32      81    24      65    27     18    21     10    13     345   237     49       33
  07:15    0    56      90    18      94    20      91    31      64    19      7    23      9    18     355   185     50       26
  07:30    0    47     103    11     112    21     103    21     104    23     14    25      9    15     445   163     63       23
  07:45    0    46      93    28      93    25      97    23     104    20     21    21     17    18     425   181     60       25
  08:00    0    26     127    20     116    22     130    16      95    20     24    28      8    16     500   148     71       21
  08:15    0    16     113    12     119    11     114    22     120    15     20    18     11    20     497   114     71       16
  08:30    0    23      85    20     110    24     123    24      91    21     16    12      8    18     433   142     61       20
  08:45    0    18      84    18      92    17      87    14      82    17     20    15     13    14     378   113     54       16
  09:00    0    17     120    17      89    19      90    18      76    11     12    15      8    14     395   111     56       15
  09:15    0    16      85    14      70    17      74    12      73    15     18    16      9    17     329   107     47       15
  09:30    0    17      67    13      51    12      62    21      48    25     18    22     14    14     260   124     37       17
  09:45    0     5      51     7      53    17      49    15      39    21     32    22     23    11     247    98     35       14
  10:00    0    12      44    12      38    16      58    12      48    17     29    19     13     8     230    96     32       13
  10:15    0    17      37     8      33     7      40    14      30    13     20    10     12    21     172    90     24       12
  10:30    0    24      38     7      25     8      32    12      29    19     20    24     18    11     162   105     23       15
  10:45    0    20      41    11      33    17      36    10      40    18     27    17     22     3     199    96     28       13
  11:00    0    22      36     6      35    15      35    16      34    25     29    21     18    13     187   118     26       16
  11:15    0    20      33    19      25     8      28     6      24    13     34    16     11    13     155    95     22       13
  11:30    0    13      39    12      41     3      26     9      30    16     30    16     14    10     180    79     25       11
  11:45    0    17      27     4      38    12      34     9      25     7     62    19     27    12     213    80     30       11
  12:00    0     9      22    12      32     8      28    10      28    13     44    10     12     7     166    69     23        9

-----------------------------------------------------------------------------------------------------------
TOTALS       1809       2990       2874       2897       2850       1843       1306      16569       2324

AM Times       0:15          7:30          7:30          7:45          7:30         11:15        10:15         7:30         7:30
AM Peaks         10           436           440           464           423           170           70         1867          265

PM Times       18:15         16:45         16:30         16:45         13:00        12:15        16:15         16:45        16:45
PM Peaks         332           200           159           156           195          144          127          1119          158
                                             Malone & Associates Inc.
                                                  WEEKLY SUMMARY                                               Page:     1
                                               Starting:8/19/2008


Site Ref: 000000004056                                                      File: D0819008.prn
Site ID: 000000004056                                                       Info: Richmond Zone 1
Loc: N. 5th St., btw Jackson & Ped Xing (W)                                 GPS: 37.54567 77.43515
Direction: WEST

   TIME      MON        TUE        WED        THU        FRI        SAT        SUN      WK TOT     WK AVG
              25         19         20         21         22         23         24
Lane 1     am   pm    am   pm    am   pm    am   pm    am   pm    am   pm    am   pm    am   pm    am   pm
-----------------------------------------------------------------------------------------------------------

  00:15    15    70     21    38     15    59      8    40      5    58     18    54     17    34      99   353     14       50
  00:30     6    52     12    36      8    62      9    44      7    61     21    44     33    40      96   339     13       48
  00:45     6    56      4    40      5    58      4    52      8    57     32    65     18    44      77   372     11       53
  01:00     5    48      6    43      9    53      8    49     16    63     29    51     15    34      88   341     12       48
  01:15     7    46     12    44      8    37     11    57      8    50     19    50     29    45      94   329     13       47
  01:30     4    45      6    40      6    53      2    42      6    49     25    64     13    41      62   334      8       47
  01:45     5    35      2    45      4    44      4    35      3    49     18    59      6    48      42   315      6       45
  02:00     4    41      3    48      4    45      2    37      3    54     14    45      8    42      38   312      5       44
  02:15     2    51      0    44      2    56      5    50      6    61      7    50     13    40      35   352      5       50
  02:30     2    41      4    55      5    54      3    37      2    57      5    50      8    51      29   345      4       49
  02:45     2    50      1    42      2    42      3    63      1    58      6    50     11    44      26   349      3       49
  03:00     4    47      2    50      2    58      4    46      5    55      2    34     11    53      30   343      4       49
  03:15     2    48      5    40      4    61      3    56      5    64      4    53      7    53      30   375      4       53
  03:30     1    66      4    43      5    42      3    53      4    53      8    50      2    61      27   368      3       52
  03:45     0    52      2    56      3    55      4    48      2    47      4    51      7    51      22   360      3       51
  04:00     4    47      0    50      3    58      3    42      2    59      3    46      5    42      20   344      2       49
  04:15     6    44      4    47      4    61      6    48      3    59      2    38      6    53      31   350      4       50
  04:30     2    59      3    98      7    63      9    55      3    55      7    41      3    46      34   417      4       59
  04:45     4    63      6   102      3    61      3    69      7    61      8    47      3    53      34   456      4       65
  05:00     4    51      9   108      7    55      8    53      4    57      5    40      6    47      43   411      6       58
  05:15    11    69     12   107     10    78      8    67      2    44      6    37      5    61      54   463      7       66
  05:30     8    57     13   108     18    54     10    52     16    54      5    54      5    35      75   414     10       59
  05:45    17    60     11    74     14    43     17    50     12    46      7    47      5    40      83   360     11       51
  06:00    21    50     17    52     18    46     20    45     14    54      8    40      7    47     105   334     15       47
  06:15    27    40     20    37     28    38     29    44     28    52      8    44      5    39     145   294     20       42
  06:30    35    45     40    46     37    32     32    42     31    52     23    41     10    38     208   296     29       42
  06:45    42    28     51    31     37    48     38    35     23    43     18    47      8    36     217   268     31       38
  07:00    46    23     37    40     35    47     41    39     37    41     18    43      8    57     222   290     31       41
  07:15    68    38     49    36     48    39     69    36     44    35     15    35      6    33     299   252     42       36
  07:30    74    22     59    24     58    33     69    30     71    61     26    28     12    36     369   234     52       33
  07:45    61    22     64    39     70    30     82    37     73    43     20    41     16    32     386   244     55       34
  08:00    79    25     53    27     53    36     78    42     63    42     24    36     21    36     371   244     53       34
  08:15    58    22     34    27     63    32     69    29     69    45     29    40     16    28     338   223     48       31
  08:30    63    31     39    28     53    47     55    31     71    37     17    36     22    43     320   253     45       36
  08:45    49    17     72    24     51    41     61    39     52    37     36    35     22    23     343   216     49       30
  09:00    50    21     41    35     39    30     63    39     59    37     31    41     21    30     304   233     43       33
  09:15    51    25     43    25     42    33     41    34     42    32     40    48     17    35     276   232     39       33
  09:30    44    17     46    20     36    24     47    29     57    42     41    37     30    43     301   212     43       30
  09:45    49    22     44    27     45    28     64    17     72    45     27    50     32    30     333   219     47       31
  10:00    46    22     28    24     60    28     45    25     44    36     35    47     34    26     292   208     41       29
  10:15    45    21     40    13     38    20     44    28     39    42     55    39     28    19     289   182     41       26
  10:30    53    15     40    18     54    20     42    26     46    35     47    40     42    28     324   182     46       26
  10:45    47     9     53    15     39    16     44    28     43    33     42    35     31    27     299   163     42       23
  11:00    45    10     41    16     46    19     47    14     50    33     52    34     32    27     313   153     44       21
  11:15    47    16     54    16     45    20     40    19     51    41     48    52     23    22     308   186     44       26
  11:30    57    15     58    12     57    20     40    24     49    15     74    37     41    24     376   147     53       21
  11:45    56     4     40    14     67    16     54     9     52    23     46    31     36    18     351   115     50       16
  12:00    44     8     47    15     53    15     57    19     51    31     53    26     32    14     337   128     48       18

-----------------------------------------------------------------------------------------------------------
TOTALS       3144       3271       3330       3313       3619       3191       2637      22505       3176

AM Times        7:15         7:15         7:30         7:15         7:30         11:15        9:45          7:30         7:30
AM Peaks         282          225          244          298          276           221         136          1464          208

PM Times        16:30        16:45        16:30        16:30        12:15        12:45        15:00         16:30        16:30
PM Peaks          242          425          257          244          239          230          218          1747          248
