Malone & Associates Inc.
WEEKLY SUMMARY Page: 1
Starting:10/6/2008
Site Ref: Site #1 File: D1006001.prn
Site ID: 000000010649 Info: Richmond
Loc: Broad St. btw Bowe & Ryland GPS: 37.55327 77.45448
Direction: EAST
TIME MON TUE WED THU FRI SAT SUN WK TOT WK AVG
06 7 8 9 10 11 12
Lane 1 am pm am pm am pm am pm am pm am pm am pm am pm am pm
-----------------------------------------------------------------------------------------------------------
00:15 31 187 42 195 39 178 47 189 53 221 92 205 107 100 411 1275 58 182
00:30 29 221 25 183 40 195 31 194 35 204 89 168 97 130 346 1295 49 185
00:45 29 216 36 212 34 199 27 205 57 212 104 164 80 107 367 1315 52 187
01:00 31 204 22 227 30 202 27 197 36 232 93 173 77 130 316 1365 45 195
01:15 17 193 24 208 17 215 30 205 29 222 84 178 57 117 258 1338 36 191
01:30 30 211 24 235 16 173 26 170 32 214 57 142 71 115 256 1260 36 180
01:45 20 211 21 228 23 189 20 213 24 220 71 170 74 127 253 1358 36 194
02:00 12 223 13 202 14 214 27 230 30 221 56 186 70 147 222 1423 31 203
02:15 17 209 13 206 14 185 25 236 32 233 68 190 77 104 246 1363 35 194
02:30 11 190 17 193 14 192 20 198 42 230 72 158 62 117 238 1278 34 182
02:45 11 195 17 190 7 184 12 179 21 240 40 170 60 121 168 1279 24 182
03:00 8 213 10 207 9 195 7 195 17 241 35 164 50 162 136 1377 19 196
03:15 9 200 4 207 6 214 9 218 7 232 36 171 56 133 127 1375 18 196
03:30 4 190 14 181 10 176 4 194 16 178 25 171 40 132 113 1222 16 174
03:45 10 202 5 209 8 212 12 244 8 218 25 136 36 129 104 1350 14 192
04:00 3 219 9 195 5 185 5 222 11 215 12 182 24 133 69 1351 9 193
04:15 10 210 3 172 6 180 12 180 10 224 10 171 31 125 82 1262 11 180
04:30 9 196 6 196 1 183 7 196 12 241 20 170 27 156 82 1338 11 191
04:45 9 189 5 223 7 192 4 237 9 258 15 144 15 136 64 1379 9 197
05:00 5 188 4 192 10 171 8 248 10 206 12 167 9 126 58 1298 8 185
05:15 10 231 8 220 9 209 11 256 11 274 12 154 12 147 73 1491 10 213
05:30 15 222 7 207 3 227 12 270 12 281 14 153 10 144 73 1504 10 214
05:45 15 236 13 231 11 225 15 245 14 286 10 142 24 143 102 1508 14 215
06:00 19 177 21 160 25 208 24 210 23 253 15 157 8 131 135 1296 19 185
06:15 27 175 40 182 19 188 31 183 28 244 13 162 13 136 171 1270 24 181
06:30 43 168 59 178 38 198 48 182 48 237 30 135 14 142 280 1240 40 177
06:45 54 176 55 158 61 185 47 173 72 205 30 165 19 139 338 1201 48 171
07:00 50 156 73 143 61 153 76 163 70 174 33 168 15 165 378 1122 54 160
07:15 62 151 76 153 42 151 63 159 68 154 43 157 20 124 374 1049 53 149
07:30 108 142 108 153 112 137 92 162 108 163 39 176 23 117 590 1050 84 150
07:45 141 145 153 156 139 134 148 149 134 180 66 159 26 132 807 1055 115 150
08:00 130 134 168 129 162 136 162 142 144 152 86 133 26 121 878 947 125 135
08:15 149 123 177 136 168 138 138 134 152 163 117 133 27 124 928 951 132 135
08:30 178 100 201 137 220 154 174 148 179 151 103 157 27 112 1082 959 154 137
08:45 194 114 210 116 198 118 193 136 191 158 124 157 46 123 1156 922 165 131
09:00 190 96 182 126 190 123 152 118 168 157 112 161 48 83 1042 864 148 123
09:15 151 99 176 110 168 137 156 135 150 146 104 143 44 91 949 861 135 123
09:30 146 87 151 97 155 121 139 103 128 144 110 149 45 105 874 806 124 115
09:45 151 87 132 94 136 112 130 128 154 144 107 135 54 73 864 773 123 110
10:00 156 76 128 66 158 89 118 117 172 147 101 135 79 90 912 720 130 102
10:15 147 77 149 79 131 92 150 125 169 131 92 144 60 66 898 714 128 102
10:30 181 74 151 59 149 96 161 110 148 167 130 126 62 68 982 700 140 100
10:45 145 64 171 63 155 77 155 86 177 137 127 119 85 88 1015 634 145 90
11:00 175 55 161 72 165 76 157 73 182 120 110 108 73 79 1023 583 146 83
11:15 174 60 161 61 155 54 170 80 185 123 145 132 79 61 1069 571 152 81
11:30 171 57 156 62 169 84 162 87 184 131 131 114 87 66 1060 601 151 85
11:45 176 35 180 45 198 51 175 63 202 113 122 123 103 45 1156 475 165 67
12:00 192 40 186 49 198 57 192 85 220 116 178 104 99 70 1265 521 180 74
-----------------------------------------------------------------------------------------------------------
TOTALS 11079 11270 11269 11783 13297 10701 7880 77279 11002
AM Times 8:30 8:15 8:15 11:15 11:15 11:15 11:15 11:15 11:15
AM Peaks 713 770 776 699 791 576 368 4550 648
PM Times 17:00 13:00 17:15 17:00 17:15 12:15 18:15 17:00 17:00
PM Peaks 877 898 869 1019 1094 710 582 5801 827
Malone & Associates Inc.
WEEKLY SUMMARY Page: 2
Starting:10/6/2008
Site Ref: Site #1 File: D1006001.prn
Site ID: 000000010649 Info: Richmond
Loc: Broad St. btw Bowe & Ryland GPS: 37.55327 77.45448
Direction: WEST
TIME MON TUE WED THU FRI SAT SUN WK TOT WK AVG
06 7 8 9 10 11 12
Lane 2 am pm am pm am pm am pm am pm am pm am pm am pm am pm
-----------------------------------------------------------------------------------------------------------
00:15 43 268 38 242 43 266 54 198 85 312 113 174 108 145 484 1605 69 229
00:30 31 267 36 268 34 220 43 239 69 272 81 198 97 147 391 1611 55 230
00:45 30 222 31 231 34 223 42 285 51 241 73 177 69 144 330 1523 47 217
01:00 24 237 25 232 31 235 36 203 31 226 83 192 85 146 315 1471 45 210
01:15 20 275 31 237 29 245 28 227 35 255 62 188 85 150 290 1577 41 225
01:30 19 244 18 225 13 221 30 225 41 256 65 184 97 140 283 1495 40 213
01:45 14 219 25 186 16 205 28 231 46 220 68 197 107 171 304 1429 43 204
02:00 21 207 12 223 23 214 27 211 42 231 51 193 114 131 290 1410 41 201
02:15 13 264 22 279 8 274 24 225 31 278 90 193 118 154 306 1667 43 238
02:30 12 216 11 246 19 229 25 233 32 260 88 200 107 138 294 1522 42 217
02:45 11 226 10 204 9 207 15 216 20 238 57 212 83 149 205 1452 29 207
03:00 11 192 5 209 13 208 14 216 21 250 50 209 73 149 187 1433 26 204
03:15 8 215 13 220 8 231 12 215 14 251 45 205 85 160 185 1497 26 213
03:30 4 216 9 234 10 191 12 229 14 273 34 167 42 139 125 1449 17 207
03:45 6 235 9 279 6 206 5 261 16 233 34 187 41 151 117 1552 16 221
04:00 12 216 6 231 9 226 6 247 15 228 25 200 30 133 103 1481 14 211
04:15 8 218 6 229 7 232 5 231 13 273 28 181 22 185 89 1549 12 221
04:30 6 228 6 211 7 216 9 207 17 249 17 190 22 170 84 1471 12 210
04:45 16 235 12 228 11 191 6 240 13 242 14 191 16 148 88 1475 12 210
05:00 21 287 8 232 8 290 8 227 12 300 15 191 18 137 90 1664 12 237
05:15 19 232 15 263 10 252 17 254 13 256 14 183 9 161 97 1601 13 228
05:30 17 321 15 255 24 287 19 264 21 236 18 179 10 173 124 1715 17 245
05:45 22 266 25 268 25 258 30 257 24 249 15 185 11 143 152 1626 21 232
06:00 27 233 34 221 29 229 38 264 22 230 17 155 13 150 180 1482 25 211
06:15 48 224 38 198 49 239 41 182 42 230 22 184 11 176 251 1433 35 204
06:30 45 184 61 171 49 175 47 171 42 229 26 161 8 189 278 1280 39 182
06:45 55 177 70 179 65 171 61 199 65 181 27 162 22 152 365 1221 52 174
07:00 91 176 102 173 99 177 81 212 85 172 37 182 28 167 523 1259 74 179
07:15 80 169 87 180 84 160 93 205 74 159 45 193 29 144 492 1210 70 172
07:30 105 135 111 168 119 151 119 169 129 175 60 170 25 125 668 1093 95 156
07:45 129 116 141 133 133 127 136 153 145 173 64 165 36 133 784 1000 112 142
08:00 167 117 168 123 155 112 175 136 167 176 75 172 36 118 943 954 134 136
08:15 157 138 156 136 172 162 186 157 156 144 111 148 33 121 971 1006 138 143
08:30 180 108 158 127 194 146 184 133 181 172 109 132 40 145 1046 963 149 137
08:45 179 143 179 130 168 107 165 141 184 138 128 165 43 116 1046 940 149 134
09:00 187 96 171 119 157 129 180 140 163 134 109 130 51 94 1018 842 145 120
09:15 156 110 156 100 148 115 167 120 159 153 150 139 50 86 986 823 140 117
09:30 145 89 152 113 154 109 167 118 156 133 109 142 53 155 936 859 133 122
09:45 160 140 168 90 183 118 178 125 160 159 112 125 62 151 1023 908 146 129
10:00 176 99 163 82 183 122 146 123 180 127 150 133 76 101 1074 787 153 112
10:15 198 70 168 83 202 100 159 109 200 161 126 127 86 85 1139 735 162 105
10:30 181 78 189 80 207 81 150 107 155 155 151 196 68 93 1101 790 157 112
10:45 163 73 193 66 202 103 163 75 197 133 148 159 97 89 1163 698 166 99
11:00 194 61 199 72 194 79 174 88 200 144 160 131 105 71 1226 646 175 92
11:15 225 63 209 59 215 72 210 88 228 143 157 147 88 69 1332 641 190 91
11:30 211 63 194 66 218 67 229 88 215 137 179 148 97 66 1343 635 191 90
11:45 189 50 199 67 201 101 212 78 250 107 177 119 109 76 1337 598 191 85
12:00 210 41 220 58 203 77 207 73 235 128 152 120 122 97 1349 594 192 84
-----------------------------------------------------------------------------------------------------------
TOTALS 12505 12500 12736 12958 14288 11922 9270 86179 12264
AM Times 11:15 11:15 11:15 11:15 11:15 11:00 1:45 11:15 11:15
AM Peaks 835 822 837 858 928 673 446 5361 764
PM Times 17:00 17:00 17:00 17:15 16:15 14:30 18:15 17:00 17:00
PM Peaks 1106 1018 1087 1039 1064 826 684 6606 942
Malone & Associates Inc.
WEEKLY SUMMARY Page: 3
Starting:10/6/2008
Site Ref: Site #1 File: D1006001.prn
Site ID: 000000010649 Info: Richmond
Loc: Broad St. btw Bowe & Ryland GPS: 37.55327 77.45448
Direction: ROAD TOTAL
TIME MON TUE WED THU FRI SAT SUN WK TOT WK AVG
06 7 8 9 10 11 12
Lane 3 am pm am pm am pm am pm am pm am pm am pm am pm am pm
-----------------------------------------------------------------------------------------------------------
00:15 74 455 80 437 82 444 101 387 138 533 205 379 215 245 895 2880 127 411
00:30 60 488 61 451 74 415 74 433 104 476 170 366 194 277 737 2906 105 415
00:45 59 438 67 443 68 422 69 490 108 453 177 341 149 251 697 2838 99 405
01:00 55 441 47 459 61 437 63 400 67 458 176 365 162 276 631 2836 90 405
01:15 37 468 55 445 46 460 58 432 64 477 146 366 142 267 548 2915 78 416
01:30 49 455 42 460 29 394 56 395 73 470 122 326 168 255 539 2755 77 393
01:45 34 430 46 414 39 394 48 444 70 440 139 367 181 298 557 2787 79 398
02:00 33 430 25 425 37 428 54 441 72 452 107 379 184 278 512 2833 73 404
02:15 30 473 35 485 22 459 49 461 63 511 158 383 195 258 552 3030 78 432
02:30 23 406 28 439 33 421 45 431 74 490 160 358 169 255 532 2800 76 400
02:45 22 421 27 394 16 391 27 395 41 478 97 382 143 270 373 2731 53 390
03:00 19 405 15 416 22 403 21 411 38 491 85 373 123 311 323 2810 46 401
03:15 17 415 17 427 14 445 21 433 21 483 81 376 141 293 312 2872 44 410
03:30 8 406 23 415 20 367 16 423 30 451 59 338 82 271 238 2671 34 381
03:45 16 437 14 488 14 418 17 505 24 451 59 323 77 280 221 2902 31 414
04:00 15 435 15 426 14 411 11 469 26 443 37 382 54 266 172 2832 24 404
04:15 18 428 9 401 13 412 17 411 23 497 38 352 53 310 171 2811 24 401
04:30 15 424 12 407 8 399 16 403 29 490 37 360 49 326 166 2809 23 401
04:45 25 424 17 451 18 383 10 477 22 500 29 335 31 284 152 2854 21 407
05:00 26 475 12 424 18 461 16 475 22 506 27 358 27 263 148 2962 21 423
05:15 29 463 23 483 19 461 28 510 24 530 26 337 21 308 170 3092 24 441
05:30 32 543 22 462 27 514 31 534 33 517 32 332 20 317 197 3219 28 459
05:45 37 502 38 499 36 483 45 502 38 535 25 327 35 286 254 3134 36 447
06:00 46 410 55 381 54 437 62 474 45 483 32 312 21 281 315 2778 45 396
06:15 75 399 78 380 68 427 72 365 70 474 35 346 24 312 422 2703 60 386
06:30 88 352 120 349 87 373 95 353 90 466 56 296 22 331 558 2520 79 360
06:45 109 353 125 337 126 356 108 372 137 386 57 327 41 291 703 2422 100 346
07:00 141 332 175 316 160 330 157 375 155 346 70 350 43 332 901 2381 128 340
07:15 142 320 163 333 126 311 156 364 142 313 88 350 49 268 866 2259 123 322
07:30 213 277 219 321 231 288 211 331 237 338 99 346 48 242 1258 2143 179 306
07:45 270 261 294 289 272 261 284 302 279 353 130 324 62 265 1591 2055 227 293
08:00 297 251 336 252 317 248 337 278 311 328 161 305 62 239 1821 1901 260 271
08:15 306 261 333 272 340 300 324 291 308 307 228 281 60 245 1899 1957 271 279
08:30 358 208 359 264 414 300 358 281 360 323 212 289 67 257 2128 1922 304 274
08:45 373 257 389 246 366 225 358 277 375 296 252 322 89 239 2202 1862 314 266
09:00 377 192 353 245 347 252 332 258 331 291 221 291 99 177 2060 1706 294 243
09:15 307 209 332 210 316 252 323 255 309 299 254 282 94 177 1935 1684 276 240
09:30 291 176 303 210 309 230 306 221 284 277 219 291 98 260 1810 1665 258 237
09:45 311 227 300 184 319 230 308 253 314 303 219 260 116 224 1887 1681 269 240
10:00 332 175 291 148 341 211 264 240 352 274 251 268 155 191 1986 1507 283 215
10:15 345 147 317 162 333 192 309 234 369 292 218 271 146 151 2037 1449 291 207
10:30 362 152 340 139 356 177 311 217 303 322 281 322 130 161 2083 1490 297 212
10:45 308 137 364 129 357 180 318 161 374 270 275 278 182 177 2178 1332 311 190
11:00 369 116 360 144 359 155 331 161 382 264 270 239 178 150 2249 1229 321 175
11:15 399 123 370 120 370 126 380 168 413 266 302 279 167 130 2401 1212 343 173
11:30 382 120 350 128 387 151 391 175 399 268 310 262 184 132 2403 1236 343 176
11:45 365 85 379 112 399 152 387 141 452 220 299 242 212 121 2493 1073 356 153
12:00 402 81 406 107 401 134 399 158 455 244 330 224 221 167 2614 1115 373 159
-----------------------------------------------------------------------------------------------------------
TOTALS 23584 23770 24005 24741 27585 22623 17150 163458 23313
AM Times 11:15 11:15 11:15 11:15 11:15 11:15 11:15 11:15 11:15
AM Peaks 1548 1505 1557 1557 1719 1241 784 9911 1415
PM Times 17:00 17:00 17:00 17:00 17:00 14:00 18:15 17:00 17:00
PM Peaks 1983 1868 1919 2021 2088 1502 1266 12407 1770
