4500 Central Park Avenue, Suite 500
Virginia Beach, VA 23462
File Name : Main & 14th PM
Site Code : 00003388
Start Date : 10/30/2007
Page No : 1
Groups Printed- Vehicles
14th St.
Southbound
Main St.
Westbound
14th St.
Northbound
Main St.
Eastbound
Start Time Left Thru Right Peds App. Total Left Thru Right Peds App. Total Left Thru Right Peds App. Total Left Thru Right Peds App. Total Int. Total
Factor 1.0 1.0 1.0 1.0 1.0 1.0 1.0 1.0 1.0 1.0 1.0 1.0 1.0 1.0 1.0 1.0
04:00 PM 14 95 30 15 154 51 72 22 26 171 25 74 13 13 125 0 60 12 7 79 529
04:15 PM 21 80 33 20 154 68 118 31 32 249 23 51 20 22 116 0 30 14 18 62 581
04:30 PM 19 105 30 32 186 93 104 34 62 293 18 49 6 44 117 0 64 9 37 110 706
04:45 PM 13 97 41 39 190 70 110 21 52 253 27 50 19 36 132 0 36 12 27 75 650
Total 67 377 134 106 684 282 404 108 172 966 93 224 58 115 490 0 190 47 89 326 2466
05:00 PM 30 122 38 84 274 56 126 32 83 297 34 62 15 44 155 0 63 23 28 114 840
05:15 PM 19 99 35 39 192 61 135 21 40 257 38 74 20 20 152 0 64 12 26 102 703
05:30 PM 17 70 27 47 161 39 117 30 45 231 35 62 17 38 152 0 61 11 36 108 652
05:45 PM 11 67 27 30 135 50 104 24 36 214 26 68 14 21 129 0 51 5 24 80 558
Total 77 358 127 200 762 206 482 107 204 999 133 266 66 123 588 0 239 51 114 404 2753
Grand Total 144 735 261 306 1446 488 886 215 376 1965 226 490 124 238 1078 0 429 98 203 730 5219
Apprch % 10 50.8 18 21.2 24.8 45.1 10.9 19.1 21 45.5 11.5 22.1 0 58.8 13.4 27.8
Total % 2.8 14.1 5 5.9 27.7 9.4 17 4.1 7.2 37.7 4.3 9.4 2.4 4.6 20.7 0 8.2 1.9 3.9 14
14th St.
Southbound
Main St.
Westbound
14th St.
Northbound
Main St.
Eastbound
Start Time Left Thru Right Peds App. Total Left Thru Right Peds App. Total Left Thru Right Peds App. Total Left Thru Right Peds App. Total Int. Total
Peak Hour Analysis From 04:00 PM to 05:45 PM - Peak 1 of 1
Peak Hour for Entire Intersection Begins at 04:30 PM
04:30 PM 19 105 30 32 186 93 104 34 62 293 18 49 6 44 117 0 64 9 37 110 706
04:45 PM 13 97 41 39 190 70 110 21 52 253 27 50 19 36 132 0 36 12 27 75 650
05:00 PM 30 122 38 84 274 56 126 32 83 297 34 62 15 44 155 0 63 23 28 114 840
05:15 PM 19 99 35 39 192 61 135 21 40 257 38 74 20 20 152 0 64 12 26 102 703
Total Volume 81 423 144 194 842 280 475 108 237 1100 117 235 60 144 556 0 227 56 118 401 2899
% App. Total 9.6 50.2 17.1 23 25.5 43.2 9.8 21.5 21 42.3 10.8 25.9 0 56.6 14 29.4
PHF .675 .867 .878 .577 .768 .753 .880 .794 .714 .926 .770 .794 .750 .818 .897 .000 .887 .609 .797 .879 .863
