                                                                 City of High Point
                                                            Department of Transportation
                                                                Summer Count Program
                                                                    High Point,NC
Counted By: Addison McDowell &                                                                                          File Name         :   ArhdlTrndlMain
James Houk                                                                                                              Site Code         :   0025
Weather: Clear                                                                                                          Start Date        :   7/18/2012
                                                                                                                        Page No           :   1


                                                           Groups Printed- Cars - Trucks - Buses
                      ARCHDALE ROAD                       TRINDALE ROAD                 ARCHDALE ROAD                       TRINDALE ROAD
                        Southbound                          Westbound                     Northbound                          Eastbound
  Start Time   Left    Thru Right     App. Total   Left    Thru Right   App. Total Left  Thru Right     App. Total   Left    Thru Right       App. Total   Int. Total
       06:00      1      14      4          19        1       9      5         15     2    40      3          45       19      10      6            35          114
       06:15      4      17      2          23        1      11     12         24     2    39      4          45       19      14      1            34          126
       06:30      5      20      1          26        3      12     17         32     2    57      7          66       22      20      6            48          172
       06:45      3      31      4          38        6      14     11         31     2    60     10          72       27      24      5            56          197
       Total     13      82     11         106       11      46     45        102     8   196     24         228       87      68     18           173          609

       07:00      2     14      6           22        2     14      6       22      1     45      2           48        9     23      0             32          124
       07:15      1     10      3           14        1     14      6       21      0     56      9           65       16     19      0             35          135
       07:30      2     24     12           38        1     32      5       38      7     74      2           83       25     31      2             58          217
       07:45      1     24      7           32        1     30     11       42     27     75      9          111       30     31      0             61          246
       Total      6     72     28          106        5     90     28      123     35    250     22          307       80    104      2            186          722

       08:00      8     26     10           44       2      17     11       30      7     67      4           78       26     35      4             65          217
       08:15      3     26      9           38       3      26      7       36      5     59      8           72       21     28      7             56          202
       08:30      6     21      7           34       4      31     11       46      9     44      6           59       18     26      2             46          185
       08:45      7     27     11           45       5      25      9       39      4     39      9           52       16     31      8             55          191
       Total     24    100     37          161      14      99     38      151     25    209     27          261       81    120     21            222          795

       09:00      6     29     11           46       3      24     15       42     12     45     10           67       12     24      0             36          191
       09:15      5     24      6           35       9      16     12       37      8     31     14           53       14     19      0             33          158
       09:30      6     20      7           33       2      24      7       33      4     38     16           58       20     31      0             51          175
       09:45      4     29     12           45       1      25      5       31     12     45      2           59       14     18      0             32          167
       Total     21    102     36          159      15      89     39      143     36    159     42          237       60     92      0            152          691

       10:00      8     33     12           53       5      25     13       43      5     37      7           49       16     30     11             57          202
       10:15     13     27      9           49       2      29      6       37      4     45      8           57       25     31      4             60          203
       10:30      4     32     17           53       6      27     12       45      8     32      8           48       17     32      4             53          199
       10:45      4     32     17           53       5      40     11       56      5     31     13           49       20     31      9             60          218
       Total     29    124     55          208      18     121     42      181     22    145     36          203       78    124     28            230          822

       11:00      6     36     17           59       5      27     11       43      5     47      8           60       13     40      5             58          220
       11:15     12     31     16           59       4      26      9       39      8     35      7           50       11     39      8             58          206
       11:30     13     39     21           73       7      27     10       44      5     51      4           60       24     35     10             69          246
       11:45     11     35     36           82       5      31     13       49     10     41      6           57       19     49      5             73          261
       Total     42    141     90          273      21     111     43      175     28    174     25          227       67    163     28            258          933

       12:00     25     58     17          100      11      36     12       59      7     58      4           69       27     33      5             65          293
       12:15     16     46     20           82       6      37     16       59      7     44      7           58       22     42      5             69          268
       12:30     10     48     25           83      11      27     11       49      9     47     10           66       16     41      3             60          258
       12:45     15     32     22           69       7      37     20       64      9     52      7           68       17     30      4             51          252
       Total     66    184     84          334      35     137     59      231     32    201     28          261       82    146     17            245         1071

       13:00     13     50     19           82       5      38     12       55     12     31      8           51       26     35      2             63          251
       13:15     15     47     22           84       2      24     11       37      4     50      7           61       18     36      7             61          243
       13:30      7     40     21           68      10      18      7       35      4     51      6           61       18     20      1             39          203
       13:45     16     32     20           68       9      23     12       44      6     31      4           41       11     33      6             50          203
       Total     51    169     82          302      26     103     42      171     26    163     25          214       73    124     16            213          900

       14:00     12     40     21           73       4      40      7       51      8     37      6           51       18     38      6             62          237
       14:15     13     35     28           76       5      40      6       51      8     37      6           51       18     29      3             50          228
       14:30     15     38     21           74       8      39     11       58     10     47      8           65       17     41      7             65          262
       14:45      9     42     18           69      11      26     16       53      8     27      5           40       26     32      5             63          225
       Total     49    155     88          292      28     145     40      213     34    148     25          207       79    140     21            240          952

       15:00     11     40     29           80       8      34      6       48      6     31      5           42       15     26      9             50          220
       15:15     21     51     30          102       8      29     10       47      5     36      7           48       20     35      7             62          259
       15:30     14     73     36          123      10      45      8       63      7     60      7           74       16     46      4             66          326
       15:45     12     65     29          106      16      57     12       85      9     41      8           58       20     39      5             64          313
       Total     58    229    124          411      42     165     36      243     27    168     27          222       71    146     25            242         1118

       16:00     18     46     21           85      13      34     15       62     11     31     12           54       14     47      7             68          269
       16:15     15     64     34          113      10      53      9       72      6     40      9           55       15     40      6             61          301
       16:30     26     93     51          170      12      39      7       58     14     47     13           74       33     46      9             88          390
       16:45     29     84     41          154      13      48     13       74     13     42      7           62       13     35      5             53          343
       Total     88    287    147          522      48     174     44      266     44    160     41          245       75    168     27            270         1303

       17:00     36     86     60          182      12      42      9       63     13     52      9           74       19     44      9             72          391
       17:15     25    106     41          172       7      42     11       60      6     47      9           62       17     65      7             89          383
       17:30     18     60     37          115      11      61      9       81     13     67      8           88       15     56      5             76          360
       17:45     14     68     28          110       8      43      8       59     16     28      9           53       22     44     14             80          302
       Total     93    320    166          579      38     188     37      263     48    194     35          277       73    209     35            317         1436

 Grand Total    540   1965    948         3453      301   1468    493     2262    365   2167    357         2889      906   1604    238           2748       11352
    Apprch %   15.6   56.9   27.5                  13.3   64.9   21.8            12.6     75   12.4                    33   58.4    8.7
     Total %    4.8   17.3    8.4         30.4      2.7   12.9    4.3     19.9    3.2   19.1    3.1         25.4        8   14.1    2.1           24.2
        Cars    539   1920    944         3403      296   1453    491     2240    362   2124    356         2842      902   1589    231           2722       11207
      % Cars   99.8   97.7   99.6         98.6     98.3     99   99.6       99   99.2     98   99.7         98.4     99.6   99.1   97.1           99.1        98.7
      Trucks      1     44      4           49        5     13      2       20      3     42      1           46        2     15      7             24         139
    % Trucks    0.2    2.2    0.4          1.4      1.7    0.9    0.4      0.9    0.8    1.9    0.3          1.6      0.2    0.9    2.9            0.9         1.2
       Buses      0      1      0            1        0      2      0        2      0      1      0            1        2      0      0              2           6
     % Buses      0    0.1      0            0        0    0.1      0      0.1      0      0      0            0      0.2      0      0            0.1         0.1
                                                              City of High Point
                                                         Department of Transportation
                                                             Summer Count Program
                                                                 High Point,NC
Counted By: Addison McDowell &                                                                               File Name         :   ArhdlTrndlMain
James Houk                                                                                                   Site Code         :   0025
Weather: Clear                                                                                               Start Date        :   7/18/2012
                                                                                                             Page No           :   2

                                                                 ARCHDALE ROAD
                                                               Out     In    Total
                                                               3517   3403    6920
                                                                 46      49     95
                                                                   3      1      4
                                                               3566   3453    7019


                                                                  944 1920         539
                                                                    4   44             1
                                                                    0     1            0
                                                                  948 1965         540
                                                                Right Thru        Left
                                       4
                                      44
                                   5481


                                   5529
                                   Total




                                                                                                         2501


                                                                                                         2484
                                                                                                         Out
                                                2
                                                2
                                            902


                                            906




                                                                                           Right Thru




                                                                                                           17
                                           Left




                                                                                                           TRINDALE ROAD
                     TRINDALE ROAD




                                                                                             493 1468


                                                                                             491 1453



                                                                                                             0
                                                                       North




                                                                                               0
                                                                                               2
                                                                7/18/2012 06:00
                               2
                              24
                           2722


                           2748




                                                     0
                                                   15
                                             231 1589


                                             238 1604
                                           Right Thru
                            In




                                                                7/18/2012 17:45




                                                                                                                2262


                                                                                                                2240
                                                                                                                 In
                                                                                                   13




                                                                                                                   20
                                                                                                     2




                                                                                                                    2
                                                                Cars
                                               7
                                               0




                                                                                           Left
                                                                Trucks
                        2
                      20
                    2759


                    2781




                                                                                            301


                                                                                            296
                    Out




                                                                                                                       Total
                                                                Buses




                                                                                                                        4763


                                                                                                                        4724
                                                                                                0
                                                                                                5




                                                                                                                          37
                                                                                                                           2
                                                                 Left   Thru Right
                                                                  362 2124     356
                                                                      3   42     1
                                                                      0     1    0
                                                                  365 2167     357


                                                               2447   2842    5289
                                                                 56      46    102
                                                                   1      1      2
                                                               2504   2889    5393
                                                               Out     In    Total
                                                                 ARCHDALE ROAD
                                                              City of High Point
                                                         Department of Transportation
                                                             Summer Count Program
                                                                 High Point,NC
Counted By: Addison McDowell &                                                                                             File Name         :   ArhdlTrndlMain
James Houk                                                                                                                 Site Code         :   0025
Weather: Clear                                                                                                             Start Date        :   7/18/2012
                                                                                                                           Page No           :   3


                       ARCHDALE ROAD                   TRINDALE ROAD                       ARCHDALE ROAD                       TRINDALE ROAD
                         Southbound                      Westbound                           Northbound                          Eastbound
   Start Time    Left   Thru Right App. Total   Left    Thru Right     App. Total   Left    Thru Right     App. Total   Left    Thru Right       App. Total   Int. Total
Peak Hour Analysis From 06:00 to 09:45 - Peak 1 of 1
Peak Hour for Entire Intersection Begins at 07:30
        07:30       2     24     12       38       1     32      5           38        7     74      2           83       25     31      2             58          217
        07:45       1     24      7       32       1     30     11           42       27     75      9          111       30     31      0             61          246
        08:00       8     26     10       44       2     17     11           30        7     67      4           78       26     35      4             65          217
        08:15       3     26      9       38       3     26      7           36        5     59      8           72       21     28      7             56          202
 Total Volume      14    100     38      152       7    105     34          146       46    275     23          344      102    125     13            240          882
 % App. Total     9.2   65.8     25              4.8   71.9   23.3                  13.4   79.9    6.7                  42.5   52.1    5.4
          PHF    .438   .962   .792     .864    .583   .820   .773         .869     .426   .917   .639         .775     .850   .893   .464           .923         .896

Peak Hour Analysis From 10:00 to 13:45 - Peak 1 of 1
Peak Hour for Entire Intersection Begins at 11:45
        11:45     11     35     36       82      5     31       13           49       10     41      6           57       19     49      5             73          261
        12:00     25     58     17      100     11     36       12           59        7     58      4           69       27     33      5             65          293
        12:15     16     46     20       82      6     37       16           59        7     44      7           58       22     42      5             69          268
        12:30     10     48     25       83     11     27       11           49        9     47     10           66       16     41      3             60          258
 Total Volume     62    187     98      347     33    131       52          216       33    190     27          250       84    165     18            267         1080
 % App. Total   17.9   53.9   28.2            15.3   60.6     24.1                  13.2     76   10.8                  31.5   61.8    6.7
          PHF   .620   .806   .681     .868   .750   .885     .813         .915     .825   .819   .675         .906     .778   .842   .900           .914         .922

Peak Hour Analysis From 14:00 to 17:45 - Peak 1 of 1
Peak Hour for Entire Intersection Begins at 16:30
        16:30     26     93     51      170     12     39        7           58       14     47     13           74       33     46      9             88          390
        16:45     29     84     41      154     13     48       13           74       13     42      7           62       13     35      5             53          343
        17:00     36     86     60      182     12     42        9           63       13     52      9           74       19     44      9             72          391
        17:15     25    106     41      172      7     42       11           60        6     47      9           62       17     65      7             89          383
 Total Volume    116    369    193      678     44    171       40          255       46    188     38          272       82    190     30            302         1507
 % App. Total   17.1   54.4   28.5            17.3   67.1     15.7                  16.9   69.1     14                  27.2   62.9    9.9
          PHF   .806   .870   .804     .931   .846   .891     .769         .861     .821   .904   .731         .919     .621   .731   .833           .848         .964
