                                                              City of High Point
                                                         Department of Transportation
                                                             Summer Count Program
                                                                 High Point,NC
Counted By: Abby Ramsdell &                                                                                         File Name      :   DepRivrEstchstr
Adam Tolbert                                                                                                        Site Code      :   0016
Weather: Clear                                                                                                      Start Date     :   7/10/2012
                                                                                                                    Page No        :   1


                                                        Groups Printed- Cars - Trucks - Buses
                    EASTCHESTER DRIVE                 DEEP RIVER ROAD                EASTCHESTER DRIVE                 LAKE FOREST DRIVE
                        Southbound                       Westbound                       Northbound                        Eastbound
  Start Time   Left    Thru Right App. Total   Left     Thru Right   App. Total Left    Thru Right App.   Total   Left    Thru Right App.   Total   Int. Total
       06:00      1      88      0       89       2        0     14         16     0     105      1        106       0       0      0          0         211
       06:15      0      86      1       87       7        0     10         17     0     153      1        154       0       0      0          0         258
       06:30      4     141      0      145       9        0     24         33     0     234      3        237       0       0      1          1         416
       06:45      8     151      0      159       4        0     19         23     0     254      1        255       2       0      1          3         440
       Total     13     466      1      480      22        0     67         89     0     746      6        752       2       0      2          4        1325

       07:00      3    166       0      169      9         0     21       30      0     249      3         252       0      1      0           1         452
       07:15      7    244       1      252     10         0     27       37      1     325      7         333       1      0      0           1         623
       07:30      8    372       1      381     17         0     22       39      0     441      5         446       1      0      1           2         868
       07:45      5    380       0      385     10         0     37       47      0     452      3         455       0      0      0           0         887
       Total     23   1162       2     1187     46         0    107      153      1    1467     18        1486       2      1      1           4        2830

       08:00      8    301       4      313     10         2     15       27      1     360      2         363       2      1      0           3         706
       08:15      6    335       0      341     10         0     24       34      0     395      5         400       0      0      0           0         775
       08:30     11    313       0      324     14         0     30       44      0     359      4         363       0      0      0           0         731
       08:45      9    279       0      288     12         0     31       43      0     310      3         313       2      0      0           2         646
       Total     34   1228       4     1266     46         2    100      148      1    1424     14        1439       4      1      0           5        2858

       09:00     10     214      0      224      7         1     16       24      0     236      9         245       0      1      1           2         495
       09:15      8     233      1      242     11         0     14       25      0     286      6         292       2      0      0           2         561
       09:30     10     236      0      246      3         0     10       13      0     255      7         262       0      0      0           0         521
       09:45      6     229      0      235      6         0     17       23      1     270      7         278       1      0      1           2         538
       Total     34     912      1      947     27         1     57       85      1    1047     29        1077       3      1      2           6        2115

       10:00      6     211      1      218      9         0      2       11      1     248      5         254       0      0      1           1         484
       10:15      6     180      0      186      2         0      4        6      2     252      4         258       0      0      0           0         450
       10:30      7     227      1      235      4         1      8       13      1     248      6         255       0      1      1           2         505
       10:45     10     253      1      264     11         0     15       26      1     273      7         281       2      0      0           2         573
       Total     29     871      3      903     26         1     29       56      5    1021     22        1048       2      1      2           5        2012

       11:00      8    264       0      272      7         1     12       20      1     241     10         252       0      0      1           1         545
       11:15     12    270       0      282      7         0     15       22      0     267     10         277       0      0      1           1         582
       11:30     13    263       1      277      6         0      9       15      0     327      5         332       0      0      0           0         624
       11:45     12    260       1      273      3         0     12       15      0     298     15         313       1      0      1           2         603
       Total     45   1057       2     1104     23         1     48       72      1    1133     40        1174       1      0      3           4        2354

       12:00     14    258       0      272     13         0     14       27      0     313     11         324       1      0      0           1         624
       12:15      8    267       1      276      8         0     17       25      0     309     10         319       1      0      1           2         622
       12:30     13    288       0      301      8         0     14       22      0     304     10         314       0      0      0           0         637
       12:45     13    274       0      287     12         0     21       33      0     288      5         293       0      0      0           0         613
       Total     48   1087       1     1136     41         0     66      107      0    1214     36        1250       2      0      1           3        2496

       13:00     15    335       0      350      8         0     12       20      0     335      7         342       0      0      0           0         712
       13:15     21    312       0      333      7         0     18       25      0     320     19         339       0      0      0           0         697
       13:30     12    329       1      342      6         0      9       15      1     340      6         347       0      0      2           2         706
       13:45     12    279       2      293      4         0     12       16      1     303      9         313       1      0      0           1         623
       Total     60   1255       3     1318     25         0     51       76      2    1298     41        1341       1      0      2           3        2738

       14:00      9    308       0      317      6         0     20       26      1     274      5         280       0      0      0           0         623
       14:15      7    306       1      314      4         0     13       17      3     334     13         350       0      0      2           2         683
       14:30     14    332       0      346      3         0     16       19      0     375      5         380       0      1      0           1         746
       14:45     19    297       0      316      6         0     17       23      0     256      9         265       0      0      0           0         604
       Total     49   1243       1     1293     19         0     66       85      4    1239     32        1275       0      1      2           3        2656

       15:00     13    293       0      306      7         0      7       14      0     314      6         320       0      0      0           0         640
       15:15     17    296       5      318      9         0      3       12      1     249     20         270       1      0      1           2         602
       15:30     18    369       1      388      7         0     14       21      0     341     13         354       0      0      0           0         763
       15:45     22    392       0      414      6         0     11       17      0     318     10         328       0      0      1           1         760
       Total     70   1350       6     1426     29         0     35       64      1    1222     49        1272       1      0      2           3        2765

       16:00     21    320       0      341      5         0      8       13      1     286     14         301       0      0      1           1         656
       16:15     30    316       0      346      8         0     12       20      1     316      7         324       0      0      1           1         691
       16:30     19    348       0      367      6         0     10       16      0     318     15         333       0      0      0           0         716
       16:45     22    406       0      428      9         1     17       27      0     367     15         382       0      0      0           0         837
       Total     92   1390       0     1482     28         1     47       76      2    1287     51        1340       0      0      2           2        2900

       17:00     26     433      2      461       9       0      17       26      0     368     10      378          2      0      0           2        867
       17:15     28     440      0      468       4       0      15       19      2     471     12      485          0      0      0           0        972
       17:30     26     458      0      484      14       0      18       32      1     455     15      471          0      1      0           1        988
 Grand Total    577   13352     26    13955     359       6     723     1088     21   14392    375    14788         20      6     19          45      29876
    Apprch %    4.1    95.7    0.2               33     0.6    66.5             0.1    97.3    2.5                44.4   13.3   42.2
     Total %    1.9    44.7    0.1     46.7     1.2       0     2.4      3.6    0.1    48.2    1.3     49.5        0.1      0    0.1         0.2
        Cars    564   13075     24    13663     358       4     717     1079     21   14026    372    14419         20      5     17          42      29203
      % Cars   97.7    97.9   92.3     97.9    99.7    66.7    99.2     99.2    100    97.5   99.2     97.5        100   83.3   89.5        93.3       97.7
      Trucks     10     248      2      260       0       1       5        6      0     307      3      310          0      1      2           3        579
    % Trucks    1.7     1.9    7.7      1.9       0    16.7     0.7      0.6      0     2.1    0.8      2.1          0   16.7   10.5         6.7        1.9
       Buses      3      29      0       32       1       1       1        3      0      59      0       59          0      0      0           0         94
     % Buses    0.5     0.2      0      0.2     0.3    16.7     0.1      0.3      0     0.4      0      0.4          0      0      0           0        0.3
                                                              City of High Point
                                                         Department of Transportation
                                                             Summer Count Program
                                                                 High Point,NC
Counted By: Abby Ramsdell &                                                                                File Name           :   DepRivrEstchstr
Adam Tolbert                                                                                               Site Code           :   0016
Weather: Clear                                                                                             Start Date          :   7/10/2012
                                                                                                           Page No             :   2

                                                               EASTCHESTER DRIVE
                                                               Out     In   Total
                                                              14763  13663  28426
                                                                312     260   572
                                                                 60      32    92
                                                              15135  13955  29090


                                                                   24 13075        564
                                                                    2   248         10
                                                                    0    29            3
                                                                   26 13352        577
                                                                Right Thru        Left
                                       6
                                       1
                                      91


                                      98
                                   Total




                                                                                                         Out
                    LAKE FOREST DRIVE




                                                                                                          958


                                                                                                          941
                                                0
                                                0
                                             20


                                             20




                                                                                                          DEEP RIVER ROAD
                                                                                           Right Thru




                                                                                                           14
                                           Left




                                                                                             723


                                                                                             717



                                                                                                             3
                                                                       North




                                                                                               1
                                                                                               5
                                                                7/10/2012 06:00
                                3
                                0
                               42


                               45


                                                     5
                                                     1
                                                     0
                                                     6
                                           Right Thru
                             In




                                                                7/10/2012 17:30




                                                                                                                1088


                                                                                                                1079
                                                                                                                 In
                                                                                                     6
                                                                                                     1
                                                                                                     1
                                                                                                     4



                                                                                                                    3
                                                                                                                    6
                                                                Cars
                                               2
                                               0
                                              17


                                              19




                                                                                           Left
                                                                Trucks
                         3
                         1
                       49


                       53




                                                                                            359


                                                                                            358
                     Out




                                                                                                                       Total
                                                                Buses




                                                                                                                        2046


                                                                                                                        2020
                                                                                                1
                                                                                                0




                                                                                                                          20
                                                                                                                           6
                                                                 Left   Thru Right
                                                                   21 14026    372
                                                                      0  307     3
                                                                      0   59     0
                                                                   21 14392    375


                                                              13450  14419  27869
                                                                250     310   560
                                                                 30      59    89
                                                              13730  14788  28518
                                                               Out     In   Total
                                                               EASTCHESTER DRIVE
                                                               City of High Point
                                                          Department of Transportation
                                                              Summer Count Program
                                                                  High Point,NC
Counted By: Abby Ramsdell &                                                                                          File Name      :   DepRivrEstchstr
Adam Tolbert                                                                                                         Site Code      :   0016
Weather: Clear                                                                                                       Start Date     :   7/10/2012
                                                                                                                     Page No        :   3


                      EASTCHESTER DRIVE                DEEP RIVER ROAD                EASTCHESTER DRIVE                 LAKE FOREST DRIVE
                          Southbound                      Westbound                       Northbound                        Eastbound
   Start Time    Left    Thru Right   App.  Total Left   Thru Right App. Total   Left    Thru Right App.   Total   Left    Thru Right App.   Total   Int. Total
Peak Hour Analysis From 06:00 to 09:45 - Peak 1 of 1
Peak Hour for Entire Intersection Begins at 07:30
        07:30       8     372      1         381    17      0     22       39       0    441      5         446       1      0      1           2         868
        07:45       5     380      0         385    10      0     37       47       0    452      3         455       0      0      0           0         887
        08:00       8     301      4         313    10      2     15       27       1    360      2         363       2      1      0           3         706
        08:15       6     335      0         341    10      0     24       34       0    395      5         400       0      0      0           0         775
 Total Volume      27    1388      5       1420     47      2     98      147       1   1648     15        1664       3      1      1           5        3236
 % App. Total     1.9    97.7    0.4                32    1.4   66.7              0.1     99    0.9                  60     20     20
          PHF    .844    .913   .313       .922   .691   .250   .662    .782     .250   .912   .750        .914    .375   .250   .250        .417        .912

Peak Hour Analysis From 10:00 to 13:45 - Peak 1 of 1
Peak Hour for Entire Intersection Begins at 13:00
        13:00     15    335      0      350      8      0         12       20       0    335      7         342       0      0      0           0         712
        13:15     21    312      0      333      7      0         18       25       0    320     19         339       0      0      0           0         697
        13:30     12    329      1      342      6      0          9       15       1    340      6         347       0      0      2           2         706
        13:45     12    279      2      293      4      0         12       16       1    303      9         313       1      0      0           1         623
 Total Volume     60   1255      3     1318     25      0         51       76       2   1298     41        1341       1      0      2           3        2738
 % App. Total    4.6   95.2    0.2            32.9      0       67.1              0.1   96.8    3.1                33.3      0   66.7
          PHF   .714   .937   .375     .941   .781   .000       .708     .760    .500   .954   .539        .966    .250   .000   .250        .375        .961

Peak Hour Analysis From 14:00 to 17:30 - Peak 1 of 1
Peak Hour for Entire Intersection Begins at 16:45
        16:45     22    406      0      428      9      1         17       27       0    367     15         382       0      0      0           0         837
        17:00     26    433      2      461      9      0         17       26       0    368     10         378       2      0      0           2         867
        17:15     28    440      0      468      4      0         15       19       2    471     12         485       0      0      0           0         972
        17:30     26    458      0      484     14      0         18       32       1    455     15         471       0      1      0           1         988
 Total Volume    102   1737      2     1841     36      1         67      104       3   1661     52        1716       2      1      0           3        3664
 % App. Total    5.5   94.4    0.1            34.6      1       64.4              0.2   96.8      3                66.7   33.3      0
          PHF   .911   .948   .250     .951   .643   .250       .931     .813    .375   .882   .867        .885    .250   .250   .000        .375        .927
