                                                               City of High Point
                                                          Department of Transportation
                                                              Summer Count Program
                                                                  High Point,NC
Counted By: Addison McDowell                                                                                                File Name         :      GrenMain
& James Houk                                                                                                                Site Code         :      0031
Weather: Clear                                                                                                              Start Date        :      7/25/2012
                                                                                                                            Page No           :      1


                                                        Groups Printed- Cars - Trucks   - Buses
                      MAIN STREET                       GREEN DRIVE                     MAIN STREET                       GREEN DRIVE
                       Southbound                        Westbound                       Northbound                        Eastbound
  Start Time   Left   Thru Right    App. Total   Left   Thru Right App. Total  Left     Thru Right    App. Total   Left   Thru Right    App. Total    Int. Total
       06:00      0     14      3         17        0      7      1         8     1       15      0         16        0      0      0             0         41
       06:15      0     33      0         33        2     10      1       13      1       29      0         30        0      0      0             0         76
       06:30      0     43      0         43        5     12      3       20      3       57      0         60        0      0      0             0        123
       06:45      0     53      6         59        4     21      4       29      8       76      0         84        0      0      0             0        172
       Total      0    143      9        152       11     50      9       70     13      177      0        190        0      0      0             0        412

       07:00      0     32      0         32      11       8      5      24      3        59     0          62       0      0      0              0        118
       07:15      0     63      0         63       5      16     12      33      7        90     0          97       0      0      0              0        193
       07:30      0     64      0         64       2      11      7      20      6       100     0         106       0      0      0              0        190
       07:45      0     55      1         56       6       8      2      16      9        86     0          95       0      0      0              0        167
       Total      0    214      1        215      24      43     26      93     25       335     0         360       0      0      0              0        668

       08:00      0     74      9         83       4      29     10      43     12        93     0         105       0      0      0              0        231
       08:15      0     66      8         74      10      18      9      37      6       115     0         121       0      0      0              0        232
       08:30      0     67      5         72       4      26      6      36     15       105     0         120       0      0      0              0        228
       08:45      0     67      4         71      13      33      8      54      6       107     0         113       0      0      0              0        238
       Total      0    274     26        300      31     106     33     170     39       420     0         459       0      0      0              0        929

       09:00      0     97      3        100       8      16     14      38      7        97     0         104       0      0      0              0        242
       09:15      0    105      0        105       4      27      7      38      5       114     0         119       0      0      0              0        262
       09:30      0     78      0         78       9      30     17      56      2       110     0         112       0      0      0              0        246
       09:45      0     91      0         91      10      24      9      43      2       105     0         107       0      0      0              0        241
       Total      0    371      3        374      31      97     47     175     16       426     0         442       0      0      0              0        991

       10:00      0     90      4         94      14      27     12      53      6        86     0          92       0      0      0              0        239
       10:15      0     99      9        108      10      39     25      74      6       125     0         131       0      0      0              0        313
       10:30      0    104      9        113      10      40     14      64      8       138     0         146       0      0      0              0        323
       10:45      0    115      8        123      13      31      6      50      8       132     0         140       0      0      0              0        313
       Total      0    408     30        438      47     137     57     241     28       481     0         509       0      0      0              0       1188

       11:00      0    106      6        112      12      29     12      53      2       142     0         144       0      0      0              0        309
       11:15      0    123      5        128      14      23     14      51      3       106     0         109       0      0      0              0        288
       11:30      0    139      2        141      21      18      9      48      0       104     0         104       0      0      0              0        293
       11:45      0    141      1        142      22      25     12      59      1       134     0         135       0      0      0              0        336
       Total      0    509     14        523      69      95     47     211      6       486     0         492       0      0      0              0       1226

       12:00      0    123      4        127       9      23     16      48     14       150     0         164       0      0      0              0        339
       12:15      0    126      3        129      12      16     19      47      6       133     0         139       0      0      0              0        315
       12:30      0    138      5        143      17      26     15      58      8       169     0         177       0      0      0              0        378
       12:45      0    120      9        129      10      29     23      62      4       160     0         164       0      0      0              0        355
       Total      0    507     21        528      48      94     73     215     32       612     0         644       0      0      0              0       1387

       13:00      0    157      4        161      16      24      6      46      0       149     0         149       0      0      0              0        356
       13:15      0    116      3        119       8      22      8      38      0       140     0         140       0      0      0              0        297
       13:30      0    128      2        130       6      14      7      27      6       127     0         133       0      0      0              0        290
       13:45      0    108      2        110       9      14      5      28     10       121     0         131       0      0      0              0        269
       Total      0    509     11        520      39      74     26     139     16       537     0         553       0      0      0              0       1212

       14:00      0    116      4        120       9      19     15      43      2       126     0         128       0      0      0              0        291
       14:15      0    140     14        154      18      35      9      62      8       126     0         134       0      0      0              0        350
       14:30      0    130      8        138       9      23     10      42     11       117     0         128       0      0      0              0        308
       14:45      0    140     11        151       9      31      9      49     11       137     0         148       0      0      0              0        348
       Total      0    526     37        563      45     108     43     196     32       506     0         538       0      0      0              0       1297

       15:00      0    136      0        136      17      35      4      56     14       119     0         133       0      0      0              0        325
       15:15      0    135      2        137      11      17      4      32      8       120     0         128       0      0      0              0        297
       15:30      0    123      2        125       9      40      8      57      2       133     0         135       0      0      0              0        317
       15:45      0    169      1        170       4      14      2      20     19       153     0         172       0      0      0              0        362
       Total      0    563      5        568      41     106     18     165     43       525     0         568       0      0      0              0       1301

       16:00      0    138      8        146      12      39     13      64      5       107     0         112       0      0      0              0        322
       16:15      0    141     10        151      11      29     15      55      6       119     0         125       0      0      0              0        331
       16:30      0    123      4        127      25      37     10      72      7       120     0         127       0      0      0              0        326
       16:45      0    146      5        151      18      23     11      52      4       132     0         136       0      0      0              0        339
       Total      0    548     27        575      66     128     49     243     22       478     0         500       0      0      0              0       1318

       17:00      0    183      2        185      26      47      9      82     10       155     0         165       0      0      0              0        432
       17:15      0    137      2        139      11      22      9      42      6       112     0         118       0      0      0              0        299
       17:30      0    112      2        114      17      24      9      50      3       107     0         110       0      0      0              0        274
       17:45      0    104      0        104       7      20      4      31      1       126     0         127       0      0      0              0        262
       Total      0    536      6        542      61     113     31     205     20       500     0         520       0      0      0              0       1267

 Grand Total      0   5108    190       5298      513   1151    459    2123    292      5483     0        5775       0      0      0              0     13196
    Apprch %      0   96.4    3.6                24.2   54.2   21.6            5.1      94.9     0                   0      0      0
     Total %      0   38.7    1.4       40.1      3.9    8.7    3.5    16.1    2.2      41.6     0        43.8       0      0      0              0
        Cars      0   5060    184       5244      507   1099    444    2050    269      5421     0        5690       0      0      0              0     12984
      % Cars      0   99.1   96.8         99     98.8   95.5   96.7    96.6   92.1      98.9     0        98.5       0      0      0              0      98.4
      Trucks      0     47      5         52        6     26     14      46      3        56     0          59       0      0      0              0       157
    % Trucks      0    0.9    2.6          1      1.2    2.3    3.1     2.2      1         1     0           1       0      0      0              0       1.2
       Buses      0      1      1          2        0     26      1      27     20         6     0          26       0      0      0              0        55
     % Buses      0      0    0.5          0        0    2.3    0.2     1.3    6.8       0.1     0         0.5       0      0      0              0       0.4
                                                               City of High Point
                                                          Department of Transportation
                                                              Summer Count Program
                                                                  High Point,NC
Counted By: Addison McDowell                                                                                               File Name    :   GrenMain
& James Houk                                                                                                               Site Code    :   0031
Weather: Clear                                                                                                             Start Date   :   7/25/2012
                                                                                                                           Page No      :   2

                                                                     MAIN STREET
                                                                Out       In     Total
                                                                5865     5244   11109
                                                                  70        52     122
                                                                    7        2       9
                                                                5942     5298   11240


                                                                   184 5060               0
                                                                     5   47               0
                                                                     1     1              0
                                                                   190 5108               0
                                                                 Right Thru        Left
                                     34
                                     47
                                  1552


                                  1633
                                  Total




                                                                                                           Out
                                          0
                                          0
                                          0
                                          0




                                                                                              Right Thru
                                                   Left




                                                                                                459 1151


                                                                                                444 1099


                                                                                                           0
                                                                                                           0
                                                                                                           0
                                                                                                           0

                                                                                                               GREEN DRIVE
                                                                        North
                      GREEN DRIVE




                                                                                                 14
                                                                                                  1
                                                                 7/25/2012 06:00
                              0
                              0
                              0
                              0


                                                    0
                                                    0
                                                    0
                                                    0
                                          Right Thru
                           In




                                                                 7/25/2012 17:45




                                                                                                                   2123


                                                                                                                   2050
                                                                                                                    In
                                                                                                      26
                                                                                                      26




                                                                                                                      27
                                                                                                                      46
                                                                 Cars
                                              0
                                              0
                                              0
                                              0




                                                                                              Left
                                                                 Trucks
                      34
                      47
                    1552


                    1633




                                                                                               513


                                                                                               507
                    Out




                                                                                                                           Total
                                                                 Buses




                                                                                                                           2123


                                                                                                                           2050
                                                                                                   0
                                                                                                   6




                                                                                                                              27
                                                                                                                              46
                                                                  Left   Thru Right
                                                                   269 5421       0
                                                                       3   56     0
                                                                    20       6    0
                                                                   292 5483       0


                                                                5567     5690   11257
                                                                  53        59     112
                                                                    1       26      27
                                                                5621     5775   11396
                                                                Out       In     Total
                                                                     MAIN STREET
                                                             City of High Point
                                                        Department of Transportation
                                                            Summer Count Program
                                                                High Point,NC
Counted By: Addison McDowell                                                                                                 File Name         :      GrenMain
& James Houk                                                                                                                 Site Code         :      0031
Weather: Clear                                                                                                               Start Date        :      7/25/2012
                                                                                                                             Page No           :      3


                        MAIN STREET                    GREEN DRIVE                       MAIN STREET                       GREEN DRIVE
                         Southbound                     Westbound                         Northbound                        Eastbound
   Start Time    Left   Thru Right App. Total   Left   Thru Right    App. Total   Left   Thru Right    App. Total   Left   Thru Right    App. Total    Int. Total
Peak Hour Analysis From 06:00 to 09:45 - Peak 1 of 1
Peak Hour for Entire Intersection Begins at 09:00
        09:00       0     97      3      100       8     16     14         38        7     97      0        104        0      0      0             0        242
        09:15       0    105      0      105       4     27      7         38        5    114      0        119        0      0      0             0        262
        09:30       0     78      0       78       9     30     17         56        2    110      0        112        0      0      0             0        246
        09:45       0     91      0       91      10     24      9         43        2    105      0        107        0      0      0             0        241
 Total Volume       0    371      3      374      31     97     47        175       16    426      0        442        0      0      0             0        991
 % App. Total       0   99.2    0.8             17.7   55.4   26.9                 3.6   96.4      0                   0      0      0
          PHF    .000   .883   .250     .890    .775   .808   .691       .781     .571   .934   .000       .929     .000   .000   .000       .000          .946

Peak Hour Analysis From 10:00 to 13:45 - Peak 1 of 1
Peak Hour for Entire Intersection Begins at 12:15
        12:15      0    126      3      129     12     16       19         47        6    133      0        139        0      0      0             0        315
        12:30      0    138      5      143     17     26       15         58        8    169      0        177        0      0      0             0        378
        12:45      0    120      9      129     10     29       23         62        4    160      0        164        0      0      0             0        355
        13:00      0    157      4      161     16     24        6         46        0    149      0        149        0      0      0             0        356
 Total Volume      0    541     21      562     55     95       63        213       18    611      0        629        0      0      0             0       1404
 % App. Total      0   96.3    3.7            25.8   44.6     29.6                 2.9   97.1      0                   0      0      0
          PHF   .000   .861   .583     .873   .809   .819     .685       .859     .563   .904   .000       .888     .000   .000   .000       .000          .929

Peak Hour Analysis From 14:00 to 17:45 - Peak 1 of 1
Peak Hour for Entire Intersection Begins at 16:15
        16:15      0    141     10      151     11     29       15         55        6    119      0        125        0      0      0             0        331
        16:30      0    123      4      127     25     37       10         72        7    120      0        127        0      0      0             0        326
        16:45      0    146      5      151     18     23       11         52        4    132      0        136        0      0      0             0        339
        17:00      0    183      2      185     26     47        9         82       10    155      0        165        0      0      0             0        432
 Total Volume      0    593     21      614     80    136       45        261       27    526      0        553        0      0      0             0       1428
 % App. Total      0   96.6    3.4            30.7   52.1     17.2                 4.9   95.1      0                   0      0      0
          PHF   .000   .810   .525     .830   .769   .723     .750       .796     .675   .848   .000       .838     .000   .000   .000       .000          .826
