                                                                 City of High Point
                                                            Department of Transportation
                                                                Summer Count Program
                                                                    High Point,NC
Counted By: James Houk &                                                                                               File Name        :   I74NBRampGrenboroRd
Adam Tolbert                                                                                                           Site Code        :   0006
Weather: Clear                                                                                                         Start Date       :   6/20/2012
                                                                                                                       Page No          :   1


                                                           Groups Printed- Cars - Trucks   - Buses
                      I-74 NB RAMP                       GREENSBORO ROAD                   I-74 NB RAMP                         GREENSBORO ROAD
                       Southbound                           Westbound                        Northbound                            Eastbound
  Start Time   Left   Thru Right     App. Total   Left     Thru Right App. Total  Left      Thru Right    App. Total     Left     Thru Right App. Total   Int. Total
       06:00      0      0      0            0       0       33      2       35      4         0     15          19         4       30      0       34          88
       06:15      0      0      0            0       0       39     20       59      4         0     12          16        10       34      0       44         119
       06:30      0      0      0            0       0       49     18       67      8         0     15          23        17       47      0       64         154
       06:45      0      0      0            0       0       57     20       77      9         0     22          31         3       68      0       71         179
       Total      0      0      0            0       0      178     60      238     25         0     64          89        34      179      0      213         540

       07:00      0      0      0            0      0       54     27       81     14         0     18          32          9      65         0     74         187
       07:15      0      0      0            0      0       72     27       99     18         0     32          50         14      93         0    107         256
       07:30      0      0      0            0      0       84     33      117     23         0     32          55         21     115         0    136         308
       07:45      0      0      0            0      0      135     32      167     30         0     52          82          9     143         0    152         401
       Total      0      0      0            0      0      345    119      464     85         0    134         219         53     416         0    469        1152

       08:00      0      0      0            0      0       98     27      125     20         0     32          52          9      76         0     85         262
       08:15      0      0      0            0      0       92     21      113     19         0     36          55          9     117         0    126         294
       08:30      0      0      0            0      0       88     36      124     17         0     28          45         10     119         0    129         298
       08:45      0      0      0            0      0       89     27      116     13         0     26          39          6     117         0    123         278
       Total      0      0      0            0      0      367    111      478     69         0    122         191         34     429         0    463        1132

       09:00      0      0      0            0      0       77     20       97     11         0     21          32         11      82         0     93         222
       09:15      0      0      0            0      0       97     28      125     10         1     22          33          5     108         0    113         271
       09:30      0      0      0            0      0       92     29      121     17         0     19          36          5      90         0     95         252
       09:45      0      0      0            0      0       77     17       94     21         0     20          41          4     109         0    113         248
       Total      0      0      0            0      0      343     94      437     59         1     82         142         25     389         0    414         993

       10:00      0      0      0            0      0       88     20      108     21         0     17          38          6      91         0     97         243
       10:15      0      0      0            0      0       94     25      119     14         0     21          35          7     110         0    117         271
       10:30      0      0      0            0      0       78     24      102     11         1     27          39          6     101         0    107         248
       10:45      0      0      0            0      0      104     27      131     20         0     19          39          3     118         0    121         291
       Total      0      0      0            0      0      364     96      460     66         1     84         151         22     420         0    442        1053

       11:00      0      0      0            0      0       87     17      104     12         0     25          37          8      95         0    103         244
       11:15      0      0      0            0      0       85     21      106     16         0     16          32         13     101         0    114         252
       11:30      0      0      0            0      0       93     31      124     10         0     12          22          3     125         0    128         274
       11:45      0      0      0            0      0      112     16      128     23         1     33          57          8     116         0    124         309
       Total      0      0      0            0      0      377     85      462     61         1     86         148         32     437         0    469        1079

       12:00      0      0      0            0      0      122     32      154     26         0     26          52         16     123         0    139         345
       12:15      0      0      0            0      0      113     29      142     20         0     21          41         18     121         0    139         322
       12:30      0      0      0            0      0      114     22      136     11         0     30          41          6     122         0    128         305
       12:45      0      0      0            0      0      110     36      146     14         1     23          38          6     121         0    127         311
       Total      0      0      0            0      0      459    119      578     71         1    100         172         46     487         0    533        1283

       13:00      0      0      0            0      0      104     32      136     22         0     20          42         13     112         0    125         303
       13:15      0      0      0            0      0      144     28      172     10         0     17          27         20     158         0    178         377
       13:30      0      0      0            0      0      134     36      170     20         1     28          49         16     135         0    151         370
       13:45      0      0      0            0      0      112     31      143     24         0     24          48         14     118         0    132         323
       Total      0      0      0            0      0      494    127      621     76         1     89         166         63     523         0    586        1373

       14:00      0      0      0            0      0      132     33      165     17         1     20          38         13     136         0    149         352
       14:15      0      0      0            0      0      120     22      142     11         0     12          23         10     122         0    132         297
       14:30      0      0      0            0      0      129     47      176     21         0     40          61         14     142         0    156         393
       14:45      0      0      0            0      0      127     30      157     18         0     19          37          8     115         0    123         317
       Total      0      0      0            0      0      508    132      640     67         1     91         159         45     515         0    560        1359

       15:00      0      0      0            0      0      119     38      157     11         0     18          29         15     109         0    124         310
       15:15      0      0      0            0      0      120     33      153     25         0     29          54         17     104         0    121         328
       15:30      0      0      0            0      0      119     45      164     26         0     42          68          8     132         0    140         372
       15:45      0      0      0            0      0      113     36      149     36         0     29          65         16     126         0    142         356
       Total      0      0      0            0      0      471    152      623     98         0    118         216         56     471         0    527        1366

       16:00      0      0      0            0      0      145     40      185     39         1     37          77         11     127         0    138         400
       16:15      0      0      0            0      0      120     39      159     35         0     30          65         12     165         0    177         401
       16:30      0      0      0            0      0      132     43      175     35         0     30          65         13     136         0    149         389
       16:45      0      0      0            0      0      131     38      169     33         0     46          79         11     143         0    154         402
       Total      0      0      0            0      0      528    160      688    142         1    143         286         47     571         0    618        1592

       17:00      0      0      0            0      0      144     45      189     23         2     31          56         11     136         0    147         392
       17:15      0      0      0            0      0      154     38      192     35         0     52          87         15     151         0    166         445
       17:30      0      0      0            0      0      139     43      182     39         4     49          92         14     149         0    163         437
       17:45      0      0      0            0      0      130     42      172     36         0     36          72         10     132         0    142         386
       Total      0      0      0            0      0      567    168      735    133         6    168         307         50     568         0    618        1660

 Grand Total      0      0      0            0      0     5001   1423     6424    952        13   1281        2246        507    5405         0   5912      14582
    Apprch %      0      0      0                   0     77.8   22.2            42.4       0.6     57                    8.6    91.4         0
     Total %      0      0      0            0      0     34.3    9.8     44.1    6.5       0.1    8.8        15.4        3.5    37.1         0   40.5
        Cars      0      0      0            0      0     4928   1401     6329    936        12   1246        2194        499    5346         0   5845      14368
      % Cars      0      0      0            0      0     98.5   98.5     98.5   98.3      92.3   97.3        97.7       98.4    98.9         0   98.9       98.5
      Trucks      0      0      0            0      0       56     22       78     14         1     29          44          7      43         0     50        172
    % Trucks      0      0      0            0      0      1.1    1.5      1.2    1.5       7.7    2.3           2        1.4     0.8         0    0.8        1.2
       Buses      0      0      0            0      0       17      0       17      2         0      6           8          1      16         0     17         42
     % Buses      0      0      0            0      0      0.3      0      0.3    0.2         0    0.5         0.4        0.2     0.3         0    0.3        0.3
                                                            City of High Point
                                                       Department of Transportation
                                                           Summer Count Program
                                                               High Point,NC
Counted By: James Houk &                                                                                File Name              :   I74NBRampGrenboroRd
Adam Tolbert                                                                                            Site Code              :   0006
Weather: Clear                                                                                          Start Date             :   6/20/2012
                                                                                                        Page No                :   2

                                                                  I-74 NB RAMP
                                                             Out        In     Total
                                                             1912          0    1912
                                                               30          0      30
                                                                 1         0       1
                                                             1943          0    1943


                                                                  0     0              0
                                                                  0     0              0
                                                                  0     0              0
                                                                  0     0              0
                                                              Right Thru        Left
                                     36
                                   120
                                 11709


                                 11865
                                  Total




                                                                                                          6686


                                                                                                          6592
                                                                                                          Out
                                                                                                          GREENSBORO ROAD
                    GREENSBORO ROAD




                                               7
                                               1
                                           499


                                           507




                                                                                           Right Thru
                                                                                           1423 5001


                                                                                           1401 4928



                                                                                                            22
                                                                                                            72
                                          Left




                                                                     North




                                                                                              22
                                                                                               0
                                                              6/20/2012 06:00
                              50
                              17
                           5845


                           5912



                                                  43
                                                  16
                                              0 5346


                                              0 5405
                                          Right Thru
                            In




                                                              6/20/2012 17:45




                                                                                                                6424


                                                                                                                6329
                                                                                                                 In
                                                                                                   17
                                                                                                   56




                                                                                                                   17
                                                                                                                   78
                                                              Cars
                                              0
                                              0




                                                                                           Left
                                                              Trucks
                       70
                       19
                     5864


                     5953




                                                                                                                      13110


                                                                                                                      12921
                     Out




                                                                                                                       Total
                                                              Buses




                                                                                                  0
                                                                                                  0
                                                                                                  0
                                                                                                  0




                                                                                                                        150
                                                                                                                          39
                                                               Left   Thru Right
                                                                936     12 1246
                                                                 14       1   29
                                                                    2     0    6
                                                                952     13 1281


                                                                0      2194    2194
                                                                0         44     44
                                                                0          8      8
                                                                0      2246    2246
                                                             Out        In    Total
                                                                 I-74 NB RAMP
                                                               City of High Point
                                                          Department of Transportation
                                                              Summer Count Program
                                                                  High Point,NC
Counted By: James Houk &                                                                                           File Name       :   I74NBRampGrenboroRd
Adam Tolbert                                                                                                       Site Code       :   0006
Weather: Clear                                                                                                     Start Date      :   6/20/2012
                                                                                                                   Page No         :   3


                        I-74 NB RAMP                  GREENSBORO ROAD                  I-74 NB RAMP                       GREENSBORO ROAD
                         Southbound                      Westbound                       Northbound                          Eastbound
   Start Time    Left   Thru Right   App.  Total Left   Thru Right App. Total   Left    Thru Right    App. Total     Left   Thru Right App.   Total   Int. Total
Peak Hour Analysis From 06:00 to 09:45 - Peak 1 of 1
Peak Hour for Entire Intersection Begins at 07:30
        07:30       0      0      0            0    0     84     33      117      23      0     32          55         21    115          0    136         308
        07:45       0      0      0            0    0    135     32      167      30      0     52          82          9    143          0    152         401
        08:00       0      0      0            0    0     98     27      125      20      0     32          52          9     76          0     85         262
        08:15       0      0      0            0    0     92     21      113      19      0     36          55          9    117          0    126         294
 Total Volume       0      0      0            0    0    409    113      522      92      0    152         244         48    451          0    499        1265
 % App. Total       0      0      0                 0   78.4   21.6             37.7      0   62.3                    9.6   90.4          0
          PHF    .000   .000   .000       .000   .000   .757   .856    .781     .767   .000   .731        .744       .571   .788       .000   .821        .789

Peak Hour Analysis From 10:00 to 13:45 - Peak 1 of 1
Peak Hour for Entire Intersection Begins at 13:00
        13:00      0      0      0        0      0    104        32      136      22      0     20          42         13    112          0    125         303
        13:15      0      0      0        0      0    144        28      172      10      0     17          27         20    158          0    178         377
        13:30      0      0      0        0      0    134        36      170      20      1     28          49         16    135          0    151         370
        13:45      0      0      0        0      0    112        31      143      24      0     24          48         14    118          0    132         323
 Total Volume      0      0      0        0      0    494       127      621      76      1     89         166         63    523          0    586        1373
 % App. Total      0      0      0               0   79.5      20.5             45.8    0.6   53.6                   10.8   89.2          0
          PHF   .000   .000   .000     .000   .000   .858      .882     .903    .792   .250   .795        .847       .788   .828       .000   .823        .910

Peak Hour Analysis From 14:00 to 17:45 - Peak 1 of 1
Peak Hour for Entire Intersection Begins at 16:45
        16:45      0      0      0        0      0    131        38      169      33      0     46          79         11    143          0    154         402
        17:00      0      0      0        0      0    144        45      189      23      2     31          56         11    136          0    147         392
        17:15      0      0      0        0      0    154        38      192      35      0     52          87         15    151          0    166         445
        17:30      0      0      0        0      0    139        43      182      39      4     49          92         14    149          0    163         437
 Total Volume      0      0      0        0      0    568       164      732     130      6    178         314         51    579          0    630        1676
 % App. Total      0      0      0               0   77.6      22.4             41.4    1.9   56.7                    8.1   91.9          0
          PHF   .000   .000   .000     .000   .000   .922      .911     .953    .833   .375   .856        .853       .850   .959       .000   .949        .942
