                                                                City of High Point
                                                           Department of Transportation
                                                               Summer Count Program
                                                                   High Point,NC
Counted By: Abby Ramsdell &                                                                                             File Name      :     I85NBRampMainSt
Adam Tolbert                                                                                                            Site Code      :     0022
Weather: Clear                                                                                                          Start Date     :     7/17/2012
                                                                                                                        Page No        :     1


                                                          Groups Printed- Cars - Trucks   - Buses
                      I-85 NB RAMP                       S MAIN STREET                    I-85 NB RAMP                       S MAIN STREET
                       Southbound                          Westbound                        Northbound                         Eastbound
  Start Time   Left   Thru Right     App. Total   Left    Thru Right App. Total  Left      Thru Right    App. Total   Left    Thru Right     App. Total   Int. Total
       06:00      0      0      0            0       0      96     29      125      8         0     13         21       15      47      0          62          208
       06:15      0      0      0            0       0     132     62      194     13         0     27         40       15      49      0          64          298
       06:30      0      0      0            0       0     158     46      204     28         0     39         67       25      68      0          93          364
       06:45      0      0      0            0       0     164     33      197     19         0     45         64       15      86      0         101          362
       Total      0      0      0            0       0     550    170      720     68         0    124        192       70     250      0         320         1232

       07:00      0      0      0            0      0     149     59      208     25         0     38          63       22     87      0          109          380
       07:15      0      0      0            0      0     177     71      248     23         0     44          67       25     95      0          120          435
       07:30      0      0      0            0      0     220     92      312     28         0     40          68       32    102      0          134          514
       07:45      0      0      0            0      0     225     53      278     34         0     66         100       20    121      0          141          519
       Total      0      0      0            0      0     771    275     1046    110         0    188         298       99    405      0          504         1848

       08:00      0      0      0            0      0     169     49      218     39         0     42          81      34     131      0          165          464
       08:15      0      0      0            0      0     162     54      216     39         0     47          86      23     110      0          133          435
       08:30      0      0      0            0      0     162     43      205     22         0     31          53      30     103      0          133          391
       08:45      0      0      0            0      0     169     33      202     23         0     29          52      13     106      0          119          373
       Total      0      0      0            0      0     662    179      841    123         0    149         272     100     450      0          550         1663

       09:00      0      0      0            0      0     164     29      193     22         0     35          57       23    131      0          154          404
       09:15      0      0      0            0      0     147     31      178     24         0     29          53       34    106      0          140          371
       09:30      0      0      0            0      0     172     29      201     23         0     29          52       14    120      0          134          387
       09:45      0      0      0            0      0     159     29      188     17         0     21          38       24    142      0          166          392
       Total      0      0      0            0      0     642    118      760     86         0    114         200       95    499      0          594         1554

       10:00      0      0      0            0      0     179     21      200     28         0     34          62       17     96      0          113          375
       10:15      0      0      0            0      0     162     19      181     22         0     21          43       20    116      0          136          360
       10:30      0      0      0            0      0     142     28      170     21         0     20          41       17    130      0          147          358
       10:45      0      0      0            0      0     138     28      166     34         1     27          62       16    131      0          147          375
       Total      0      0      0            0      0     621     96      717    105         1    102         208       70    473      0          543         1468

       11:00      0      0      0            0      0     139     18      157     20         1     42          63       24    152      0          176          396
       11:15      0      0      0            0      0     150     27      177     21         0     34          55       16    153      0          169          401
       11:30      0      0      0            0      0     179     33      212     23         0     30          53       15    153      0          168          433
       11:45      0      0      0            0      0     180     26      206     15         0     34          49       15    160      0          175          430
       Total      0      0      0            0      0     648    104      752     79         1    140         220       70    618      0          688         1660

       12:00      0      0      0            0      0     190     29      219     19         0     31          50       17    206      0          223          492
       12:15      0      0      0            0      0     148     25      173     18         2     32          52       17    200      0          217          442
       12:30      0      0      0            0      0     150     32      182     26         0     42          68       17    210      0          227          477
       12:45      0      0      0            0      0     174     21      195     31         0     22          53       19    181      0          200          448
       Total      0      0      0            0      0     662    107      769     94         2    127         223       70    797      0          867         1859

       13:00      0      0      0            0      0     184     27      211     16         0     32          48       17    182      0          199          458
       13:15      0      0      0            0      0     149     28      177     18         0     29          47       18    188      0          206          430
       13:30      0      0      0            0      0     183     21      204     20         1     37          58        9    162      0          171          433
       13:45      0      0      0            0      0     170     16      186     21         1     26          48       16    156      0          172          406
       Total      0      0      0            0      0     686     92      778     75         2    124         201       60    688      0          748         1727

       14:00      0      0      0            0      0     147     27      174     22         1     38          61       27    175      0          202          437
       14:15      0      0      0            0      0     133     27      160     23         0     28          51       15    174      0          189          400
       14:30      0      0      0            0      0     145     32      177     27         0     33          60       24    154      0          178          415
       14:45      0      0      0            0      0     156     25      181     18         0     28          46       21    146      0          167          394
       Total      0      0      0            0      0     581    111      692     90         1    127         218       87    649      0          736         1646

       15:00      0      0      0            0      0     117     28      145     18         1     30          49       17    172      0          189          383
       15:15      0      0      0            0      0     179     18      197     25         1     48          74       10    182      0          192          463
       15:30      0      0      0            0      0     207     39      246     17         1     37          55       20    233      0          253          554
       15:45      0      0      0            0      0     172     19      191     15         0     29          44       16    214      0          230          465
       Total      0      0      0            0      0     675    104      779     75         3    144         222       63    801      0          864         1865

       16:00      0      0      0            0      0     139     25      164     19         1     31          51       19    180      0          199          414
       16:15      0      0      0            0      0     167     27      194     23         0     54          77       17    257      0          274          545
       16:30      0      0      0            0      0     171     32      203     19         0     30          49       17    276      0          293          545
       16:45      0      0      0            0      0     160     32      192     24         0     47          71       30    248      0          278          541
       Total      0      0      0            0      0     637    116      753     85         1    162         248       83    961      0         1044         2045

       17:00      0      0      0            0      0     203     59      262     17         0     49          66      25     310      0          335          663
       17:15      0      0      0            0      0     181     32      213     22         0     60          82      23     302      0          325          620
       17:30      0      0      0            0      0     211     49      260     25         1     56          82      28     303      0          331          673
       17:45      0      0      0            0      0     179     29      208     26         0     62          88      30     250      0          280          576
       Total      0      0      0            0      0     774    169      943     90         1    227         318     106    1165      0         1271         2532

 Grand Total      0      0      0            0      0    7909   1641     9550   1080        12   1728        2820      973   7756      0         8729       21099
    Apprch %      0      0      0                   0    82.8   17.2            38.3       0.4   61.3                 11.1   88.9      0
     Total %      0      0      0            0      0    37.5    7.8     45.3    5.1       0.1    8.2        13.4      4.6   36.8      0         41.4
        Cars      0      0      0            0      0    7593   1549     9142   1022         9   1578        2609      943   7481      0         8424       20175
      % Cars      0      0      0            0      0      96   94.4     95.7   94.6        75   91.3        92.5     96.9   96.5      0         96.5        95.6
      Trucks      0      0      0            0      0     305     87      392     57         3    147         207       29    267      0          296         895
    % Trucks      0      0      0            0      0     3.9    5.3      4.1    5.3        25    8.5         7.3        3    3.4      0          3.4         4.2
       Buses      0      0      0            0      0      11      5       16      1         0      3           4        1      8      0            9          29
     % Buses      0      0      0            0      0     0.1    0.3      0.2    0.1         0    0.2         0.1      0.1    0.1      0          0.1         0.1
                                                               City of High Point
                                                          Department of Transportation
                                                              Summer Count Program
                                                                  High Point,NC
Counted By: Abby Ramsdell &                                                                                  File Name            :   I85NBRampMainSt
Adam Tolbert                                                                                                 Site Code            :   0022
Weather: Clear                                                                                               Start Date           :   7/17/2012
                                                                                                             Page No              :   2

                                                                     I-85 NB RAMP
                                                                Out        In     Total
                                                                2501          0    2501
                                                                 119          0     119
                                                                    6         0       6
                                                                2626          0    2626


                                                                     0     0              0
                                                                     0     0              0
                                                                     0     0              0
                                                                     0     0              0
                                                                 Right Thru        Left
                                       21
                                     658
                                   17039


                                   17718
                                    Total




                                                                                                           9484


                                                                                                           9059
                                                                                                           Out
                                                                                                            414
                                                 1
                                              29
                                             943


                                             973




                                                                                              Right Thru
                                                                                              1641 7909


                                                                                              1549 7593



                                                                                                             11
                                            Left




                                                                                                              S MAIN STREET
                      S MAIN STREET




                                                                        North




                                                                                                 87
                                                                                                  5
                                                                 7/17/2012 06:00
                                 9
                              296
                             8424


                             8729




                                                      8
                                                   267
                                                0 7481


                                                0 7756
                                            Right Thru
                              In




                                                                 7/17/2012 17:45




                                                                                                                   9550


                                                                                                                   9142
                                                                                                                    In
                                                                                                     305




                                                                                                                     392
                                                                                                      11




                                                                                                                      16
                                                                 Cars
                                                0
                                                0




                                                                                              Left
                                                                 Trucks
                      12
                     362
                    8615


                    8989




                                                                                                                          19034


                                                                                                                          18201
                    Out




                                                                                                                          Total
                                                                 Buses




                                                                                                     0
                                                                                                     0
                                                                                                     0
                                                                                                     0




                                                                                                                            806
                                                                                                                             27
                                                                  Left   Thru Right
                                                                  1022       9 1578
                                                                    57       3  147
                                                                       1     0    3
                                                                  1080     12 1728


                                                                   0      2609    2609
                                                                   0        207    207
                                                                   0          4      4
                                                                   0      2820    2820
                                                                Out        In    Total
                                                                    I-85 NB RAMP
                                                              City of High Point
                                                         Department of Transportation
                                                             Summer Count Program
                                                                 High Point,NC
Counted By: Abby Ramsdell &                                                                                              File Name      :     I85NBRampMainSt
Adam Tolbert                                                                                                             Site Code      :     0022
Weather: Clear                                                                                                           Start Date     :     7/17/2012
                                                                                                                         Page No        :     3


                        I-85 NB RAMP                   S MAIN STREET                       I-85 NB RAMP                       S MAIN STREET
                         Southbound                      Westbound                           Northbound                         Eastbound
   Start Time    Left   Thru Right App. Total   Left    Thru Right     App. Total   Left    Thru Right    App. Total   Left    Thru Right     App. Total   Int. Total
Peak Hour Analysis From 06:00 to 09:45 - Peak 1 of 1
Peak Hour for Entire Intersection Begins at 07:15
        07:15       0      0      0         0      0    177     71          248       23      0     44          67       25     95      0          120          435
        07:30       0      0      0         0      0    220     92          312       28      0     40          68       32    102      0          134          514
        07:45       0      0      0         0      0    225     53          278       34      0     66         100       20    121      0          141          519
        08:00       0      0      0         0      0    169     49          218       39      0     42          81       34    131      0          165          464
 Total Volume       0      0      0         0      0    791    265         1056      124      0    192         316      111    449      0          560         1932
 % App. Total       0      0      0                0   74.9   25.1                  39.2      0   60.8                 19.8   80.2      0
          PHF    .000   .000   .000     .000    .000   .879   .720         .846     .795   .000   .727        .790     .816   .857   .000         .848         .931

Peak Hour Analysis From 10:00 to 13:45 - Peak 1 of 1
Peak Hour for Entire Intersection Begins at 12:00
        12:00      0      0      0        0      0    190       29          219       19      0     31          50       17    206      0          223          492
        12:15      0      0      0        0      0    148       25          173       18      2     32          52       17    200      0          217          442
        12:30      0      0      0        0      0    150       32          182       26      0     42          68       17    210      0          227          477
        12:45      0      0      0        0      0    174       21          195       31      0     22          53       19    181      0          200          448
 Total Volume      0      0      0        0      0    662      107          769       94      2    127         223       70    797      0          867         1859
 % App. Total      0      0      0               0   86.1     13.9                  42.2    0.9     57                  8.1   91.9      0
          PHF   .000   .000   .000     .000   .000   .871     .836         .878     .758   .250   .756        .820     .921   .949   .000         .955         .945

Peak Hour Analysis From 14:00 to 17:45 - Peak 1 of 1
Peak Hour for Entire Intersection Begins at 17:00
        17:00      0      0      0        0      0    203       59          262       17      0     49          66       25    310      0          335          663
        17:15      0      0      0        0      0    181       32          213       22      0     60          82       23    302      0          325          620
        17:30      0      0      0        0      0    211       49          260       25      1     56          82       28    303      0          331          673
        17:45      0      0      0        0      0    179       29          208       26      0     62          88       30    250      0          280          576
 Total Volume      0      0      0        0      0    774      169          943       90      1    227         318      106   1165      0         1271         2532
 % App. Total      0      0      0               0   82.1     17.9                  28.3    0.3   71.4                  8.3   91.7      0
          PHF   .000   .000   .000     .000   .000   .917     .716         .900     .865   .250   .915        .903     .883   .940   .000         .949         .941
