                                                             City of High Point
                                                        Department of Transportation
                                                            Summer Count Program
                                                                High Point,NC
Counted By: Addison McDowell &                                                                                 File Name      :    I74SBRJohnsonSt
James Houk                                                                                                     Site Code      :    0009
Weather: Clear                                                                                                 Start Date     :    6/21/2012
                                                                                                               Page No        :    1


                                                      Groups Printed- Cars - Trucks - Buses
                      JOHNSON STREET                  I 74 SB RAMP                 JOHNSON STREET                   I 74 SB RAMP
                        Southbound                      Westbound                     Northbound                      Eastbound
  Start Time   Left    Thru Right App. Total   Left    Thru Right  App. Total Left   Thru Right App. Total   Left    Thru Right    App. Total   Int. Total
       06:00     14      29      0       43       0       0      0          0    0     18     17       35       2       0      3           5          83
       06:15     18      28      0       46       0       0      0          0    0     18     18       36       4       0      3           7          89
       06:30     36      47      0       83       0       0      0          0    0     41     32       73       5       0      6          11         167
       06:45     48      57      0      105       0       0      0          0    0     36     29       65       2       0      6           8         178
       Total    116     161      0      277       0       0      0          0    0    113     96      209      13       0     18          31         517

       07:00     54      46      0      100      0       0      0        0       0     33     31       64       8      0     11          19          183
       07:15     69     100      0      169      0       0      0        0       0     57     46      103       7      0     16          23          295
       07:30     71     137      0      208      0       0      0        0       0     79     60      139       8      0     28          36          383
       07:45     84     156      0      240      0       0      0        0       0     77     57      134      12      0     31          43          417
       Total    278     439      0      717      0       0      0        0       0    246    194      440      35      0     86         121         1278

       08:00     65     132      0      197      0       0      0        0       0     66     45      111      14      0     13          27          335
       08:15     64     140      0      204      0       0      0        0       0     45     49       94      16      0     15          31          329
       08:30     59     119      0      178      0       0      0        0       0     59     27       86       7      0     20          27          291
       08:45     53     121      0      174      0       0      0        0       0     69     30       99       4      0     15          19          292
       Total    241     512      0      753      0       0      0        0       0    239    151      390      41      0     63         104         1247

       09:00     34      75      0      109      0       0      0        0       0     58     23       81       6      0     12           18         208
       09:15     39      97      0      136      0       0      0        0       0     51     19       70       8      0      9           17         223
       09:30     33      94      0      127      0       0      0        0       0     65     24       89       2      0     13           15         231
       09:45     32     104      0      136      0       0      0        0       0     58     29       87       8      0     14           22         245
       Total    138     370      0      508      0       0      0        0       0    232     95      327      24      0     48           72         907

       10:00     36      89      0      125      0       0      0        0       0     54     19       73       7      0     10           17         215
       10:15     17      89      0      106      0       0      0        0       0     74     23       97      12      0      4           16         219
       10:30     39      98      0      137      0       0      0        0       0     70     25       95       6      0      8           14         246
       10:45     26     101      0      127      0       0      0        0       0     66     33       99       6      0     15           21         247
       Total    118     377      0      495      0       0      0        0       0    264    100      364      31      0     37           68         927

       11:00     20      80      0      100      0       0      0        0       0     72     20       92      15      0     12           27         219
       11:15     36      85      0      121      0       0      0        0       0     70     23       93      12      0      4           16         230
       11:30     31      65      0       96      0       0      0        0       0     88     26      114      14      0     11           25         235
       11:45     32     126      0      158      0       0      0        0       0     85     23      108      15      0     10           25         291
       Total    119     356      0      475      0       0      0        0       0    315     92      407      56      0     37           93         975

       12:00     22      93      0      115      0       0      0        0       0     94     26      120      14      0     11          25          260
       12:15     33      88      0      121      0       0      0        0       0     80     38      118      19      0     17          36          275
       12:30     38     100      0      138      0       0      0        0       0    103     23      126      17      0     17          34          298
       12:45     31     121      0      152      0       0      0        0       0     99     24      123       9      0     10          19          294
       Total    124     402      0      526      0       0      0        0       0    376    111      487      59      0     55         114         1127

       13:00     42     129      0      171      0       0      0        0       0    100     21      121       7      0     15           22         314
       13:15     25     119      0      144      0       0      0        0       0     90     25      115      18      0     10           28         287
       13:30     34     113      0      147      0       0      0        0       0    103     28      131       8      0     15           23         301
       13:45     24     102      0      126      0       0      0        0       0     80     28      108      11      0     15           26         260
       Total    125     463      0      588      0       0      0        0       0    373    102      475      44      0     55           99        1162

       14:00     25     100      0      125      0       0      0        0       0     85     48      133      28      0     14          42          300
       14:15     30     127      0      157      0       0      0        0       0     84     29      113      23      0     11          34          304
       14:30     27     112      0      139      0       0      0        0       0     90     23      113      14      0      9          23          275
       14:45     31      97      0      128      0       0      0        0       0     89     21      110      15      0     12          27          265
       Total    113     436      0      549      0       0      0        0       0    348    121      469      80      0     46         126         1144

       15:00     30      91      0      121      0       0      0        0       0     91     19      110      13      0     11          24          255
       15:15     42     126      0      168      0       0      0        0       0     91     31      122      18      0      9          27          317
       15:30     32     121      0      153      0       0      0        0       0     88     27      115      20      0      7          27          295
       15:45     55     120      0      175      0       0      0        0       0    101     25      126      23      0     17          40          341
       Total    159     458      0      617      0       0      0        0       0    371    102      473      74      0     44         118         1208

       16:00     44     125      0      169      0       0      0        0       0     79     18       97      25      0     18          43          309
       16:15     36     120      0      156      0       0      0        0       0    114     23      137      23      0     19          42          335
       16:30     30     140      0      170      0       0      0        0       0    106     25      131      12      0     31          43          344
       16:45     36     141      0      177      0       0      0        0       0    128     30      158      21      0     20          41          376
       Total    146     526      0      672      0       0      0        0       0    427     96      523      81      0     88         169         1364

       17:00     47     157      0      204      0       0      0        0       0    164     26      190     23       0     28          51          445
       17:15     55     179      0      234      0       0      0        0       0    171     25      196     51       0     46          97          527
       17:30     54     192      0      246      0       0      0        0       0    184     29      213     55       0     41          96          555
       17:45     50     153      0      203      0       0      0        0       0    147     40      187     33       0     30          63          453
       Total    206     681      0      887      0       0      0        0       0    666    120      786    162       0    145         307         1980

 Grand Total   1883    5181      0     7064      0       0      0        0       0   3970   1380     5350     700      0    722        1422       13836
    Apprch %   26.7    73.3      0               0       0      0                0   74.2   25.8             49.2      0   50.8
     Total %   13.6    37.4      0     51.1      0       0      0        0       0   28.7     10     38.7     5.1      0    5.2        10.3
        Cars   1814    5116      0     6930      0       0      0        0       0   3940   1356     5296     692      0    715        1407       13633
      % Cars   96.3    98.7      0     98.1      0       0      0        0       0   99.2   98.3       99    98.9      0     99        98.9        98.5
      Trucks     67      60      0      127      0       0      0        0       0     29     24       53       8      0      7          15         195
    % Trucks    3.6     1.2      0      1.8      0       0      0        0       0    0.7    1.7        1     1.1      0      1         1.1         1.4
       Buses      2       5      0        7      0       0      0        0       0      1      0        1       0      0      0           0           8
     % Buses    0.1     0.1      0      0.1      0       0      0        0       0      0      0        0       0      0      0           0         0.1
                                                               City of High Point
                                                          Department of Transportation
                                                              Summer Count Program
                                                                  High Point,NC
Counted By: Addison McDowell &                                                                              File Name               :   I74SBRJohnsonSt
James Houk                                                                                                  Site Code               :   0009
Weather: Clear                                                                                              Start Date              :   6/21/2012
                                                                                                            Page No                 :   2

                                                                 JOHNSON STREET
                                                                Out    In    Total
                                                                4632  6930   11562
                                                                  37    127    164
                                                                    1     7      8
                                                                4670  7064   11734


                                                                     0 5116        1814
                                                                     0   60          67
                                                                     0     5            2
                                                                     0 5181        1883
                                                                 Right Thru        Left
                                        0
                                       15
                                    1407


                                    1422
                                    Total




                                                                                                          3263


                                                                                                          3170
                                                                                                          Out
                                                 8
                                                 0
                                             692


                                             700




                                                                                            Right Thru




                                                                                                            91
                                            Left




                                                                                                              2
                                                                        North




                                                                                                               I 74 SB RAMP
                       I 74 SB RAMP




                                                                                                0
                                                                                                0
                                                                                                0
                                                                                                0
                                                                 6/21/2012 06:00
                                  0
                                 15
                              1407


                              1422


                                                      0
                                                      0
                                                      0
                                                      0
                                            Right Thru
                               In




                                                                 6/21/2012 17:45




                                                                                                                     In
                                                                                                      0
                                                                                                      0
                                                                                                      0
                                                                                                      0


                                                                                                                        0
                                                                                                                        0
                                                                                                                        0
                                                                                                                        0
                                                                 Cars
                                                7
                                                0
                                              715


                                              722




                                                                                            Left
                                                                 Trucks
                        0
                        0
                        0
                        0
                    Out




                                                                                                                            Total
                                                                 Buses




                                                                                                                            3263


                                                                                                                            3170
                                                                                                   0
                                                                                                   0
                                                                                                   0
                                                                                                   0




                                                                                                                               91
                                                                                                                                2
                                                                  Left       Thru Right
                                                                         0   3940 1356
                                                                         0     29    24
                                                                         0       1    0
                                                                         0   3970 1380


                                                                5831  5296   11127
                                                                  67     53    120
                                                                    5     1      6
                                                                5903  5350   11253
                                                                Out    In    Total
                                                                 JOHNSON STREET
                                                              City of High Point
                                                         Department of Transportation
                                                             Summer Count Program
                                                                 High Point,NC
Counted By: Addison McDowell &                                                                                        File Name      :    I74SBRJohnsonSt
James Houk                                                                                                            Site Code      :    0009
Weather: Clear                                                                                                        Start Date     :    6/21/2012
                                                                                                                      Page No        :    3


                       JOHNSON STREET                  I 74 SB RAMP                     JOHNSON STREET                     I 74 SB RAMP
                         Southbound                      Westbound                         Northbound                        Eastbound
   Start Time    Left   Thru Right App. Total   Left    Thru Right    App. Total   Left   Thru Right App.   Total   Left    Thru Right    App. Total   Int. Total
Peak Hour Analysis From 06:00 to 09:45 - Peak 1 of 1
Peak Hour for Entire Intersection Begins at 07:30
        07:30      71    137      0      208       0      0      0            0       0     79     60        139       8      0     28          36          383
        07:45      84    156      0      240       0      0      0            0       0     77     57        134      12      0     31          43          417
        08:00      65    132      0      197       0      0      0            0       0     66     45        111      14      0     13          27          335
        08:15      64    140      0      204       0      0      0            0       0     45     49         94      16      0     15          31          329
 Total Volume     284    565      0      849       0      0      0            0       0    267    211        478      50      0     87         137         1464
 % App. Total    33.5   66.5      0                0      0      0                    0   55.9   44.1               36.5      0   63.5
          PHF    .845   .905   .000     .884    .000   .000   .000        .000     .000   .845   .879       .860    .781   .000   .702        .797         .878

Peak Hour Analysis From 10:00 to 13:45 - Peak 1 of 1
Peak Hour for Entire Intersection Begins at 12:45
        12:45     31    121      0      152      0      0        0            0       0     99     24        123       9      0     10           19         294
        13:00     42    129      0      171      0      0        0            0       0    100     21        121       7      0     15           22         314
        13:15     25    119      0      144      0      0        0            0       0     90     25        115      18      0     10           28         287
        13:30     34    113      0      147      0      0        0            0       0    103     28        131       8      0     15           23         301
 Total Volume    132    482      0      614      0      0        0            0       0    392     98        490      42      0     50           92        1196
 % App. Total   21.5   78.5      0               0      0        0                    0     80     20               45.7      0   54.3
          PHF   .786   .934   .000     .898   .000   .000     .000        .000     .000   .951   .875       .935    .583   .000   .833        .821         .952

Peak Hour Analysis From 14:00 to 17:45 - Peak 1 of 1
Peak Hour for Entire Intersection Begins at 17:00
        17:00     47    157      0      204      0      0        0            0       0    164     26        190      23      0     28          51          445
        17:15     55    179      0      234      0      0        0            0       0    171     25        196      51      0     46          97          527
        17:30     54    192      0      246      0      0        0            0       0    184     29        213      55      0     41          96          555
        17:45     50    153      0      203      0      0        0            0       0    147     40        187      33      0     30          63          453
 Total Volume    206    681      0      887      0      0        0            0       0    666    120        786     162      0    145         307         1980
 % App. Total   23.2   76.8      0               0      0        0                    0   84.7   15.3               52.8      0   47.2
          PHF   .936   .887   .000     .901   .000   .000     .000        .000     .000   .905   .750       .923    .736   .000   .788        .791         .892
