                                                             City of High Point
                                                        Department of Transportation
Counted By: James Houk &                                    Summer Count Program                                File Name      :   I74NBRJohnsonSt
Adam Tolbert                                                   High Point, NC                                   Site Code      :   0008
Weather: Clear                                                                                                  Start Date     :   6/21/2012
                                                                                                                Page No        :   1


                                                       Groups Printed- Cars - Trucks - Buses
                      JOHNSON STREET                  I 74 NB RAMP                  JOHNSON STREET                  I 74 NB RAMP
                        Southbound                      Westbound                     Northbound                      Eastbound
  Start Time   Left    Thru Right App. Total   Left   Thru Right App. Total   Left   Thru Right App. Total   Left   Thru Right     App. Total   Int. Total
       06:00      0      33      4       37      10       0     13       23      3     18      0       21       0       0      0           0          81
       06:15      0      42      9       51       5       0     26       31      0     21      0       21       0       0      0           0         103
       06:30      0      76     14       90       8       0     33       41     12     33      0       45       0       0      0           0         176
       06:45      0      98     10      108       3       0     21       24      7     30      0       37       0       0      0           0         169
       Total      0     249     37      286      26       0     93      119     22    102      0      124       0       0      0           0         529

       07:00      0      86     16      102      12      0     26       38      11     33      0       44      0       0      0            0         184
       07:15      0     139     25      164      28      0     39       67      18     47      0       65      0       0      0            0         296
       07:30      0     200     29      229      21      0     41       62      23     63      0       86      0       0      0            0         377
       07:45      0     191     18      209      28      0     54       82      14     65      0       79      0       0      0            0         370
       Total      0     616     88      704      89      0    160      249      66    208      0      274      0       0      0            0        1227

       08:00      0     168     19      187      16      0     28       44      14     57      0       71      0       0      0            0         302
       08:15      0     171     15      186      19      0     31       50      10     50      0       60      0       0      0            0         296
       08:30      0     151     17      168      12      0     28       40       6     56      0       62      0       0      0            0         270
       08:45      0     141     18      159      24      0     32       56      10     64      0       74      0       0      0            0         289
       Total      0     631     69      700      71      0    119      190      40    227      0      267      0       0      0            0        1157

       09:00      0      91     15      106      16      0     24       40       7     58      0       65      0       0      0            0         211
       09:15      0     109     17      126      23      0     25       48       6     53      0       59      0       0      0            0         233
       09:30      0     109     11      120      17      0     26       43      11     52      0       63      0       0      0            0         226
       09:45      0     118     16      134      15      0     25       40       7     58      0       65      0       0      0            0         239
       Total      0     427     59      486      71      0    100      171      31    221      0      252      0       0      0            0         909

       10:00      0      98      8      106      25      0     22       47      10     40      0       50      0       0      0            0         203
       10:15      0      79      6       85      19      0     27       46       8     76      0       84      0       0      0            0         215
       10:30      0     117     13      130      18      0     24       42       8     65      0       73      0       0      0            0         245
       10:45      0      95     11      106      26      0     26       52       8     67      0       75      0       0      0            0         233
       Total      0     389     38      427      88      0     99      187      34    248      0      282      0       0      0            0         896

       11:00      0      75      7       82      19      0     38       57       8     69      0       77      0       0      0            0         216
       11:15      0      85      7       92      21      0     28       49       8     69      0       77      0       0      0            0         218
       11:30      0      73      5       78      15      0     18       33      14     88      0      102      0       0      0            0         213
       11:45      0     125     11      136      29      0     25       54       6     91      0       97      0       0      0            0         287
       Total      0     358     30      388      84      0    109      193      36    317      0      353      0       0      0            0         934

       12:00      0      90      9       99      28      0     35       63       7     95      0      102      0       0      0            0         264
       12:15      0      93     11      104      23      0     30       53      10     94      0      104      0       0      0            0         261
       12:30      0     116     10      126      22      0     25       47      12    108      0      120      0       0      0            0         293
       12:45      0     125     18      143      24      0     35       59      10     93      0      103      0       0      0            0         305
       Total      0     424     48      472      97      0    125      222      39    390      0      429      0       0      0            0        1123

       13:00      0     121     11      132      42      0     29       71       6     89      0       95      0       0      0            0         298
       13:15      0     106     10      116      37      0     27       64       7    101      0      108      0       0      0            0         288
       13:30      0      99      3      102      31      0     41       72      15     87      0      102      0       0      0            0         276
       13:45      0      92     14      106      19      0     37       56       9     80      0       89      0       0      0            0         251
       Total      0     418     38      456     129      0    134      263      37    357      0      394      0       0      0            0        1113

       14:00      0     102     16      118      24      0     30       54      11     90      0      101      0       0      0            0         273
       14:15      0     118      9      127      32      0     20       52      16     84      0      100      0       0      0            0         279
       14:30      0     113      2      115      28      0     29       57      13     88      0      101      0       0      0            0         273
       14:45      0      85     14       99      33      0     36       69      11     95      0      106      0       0      0            0         274
       Total      0     418     41      459     117      0    115      232      51    357      0      408      0       0      0            0        1099

       15:00      0      92     15      107      29      0     43       72      11     89      0      100      0       0      0            0         279
       15:15      0     141      9      150      20      0     40       60      13     94      0      107      0       0      0            0         317
       15:30      0     116     16      132      39      0     40       79      10    104      0      114      0       0      0            0         325
       15:45      0     138     14      152      35      0     36       71      21    101      0      122      0       0      0            0         345
       Total      0     487     54      541     123      0    159      282      55    388      0      443      0       0      0            0        1266

       16:00      0     108      8      116      37      0     34       71      10     78      0       88      0       0      0            0         275
       16:15      0     115     13      128      35      0     46       81      12    117      0      129      0       0      0            0         338
       16:30      0     121      8      129      47      0     52       99      15    104      0      119      0       0      0            0         347
       16:45      0     137     14      151      40      0     63      103      17    114      0      131      0       0      0            0         385
       Total      0     481     43      524     159      0    195      354      54    413      0      467      0       0      0            0        1345

       17:00      0     145      8      153      51      0     77      128      30    142      0      172      0       0      0            0         453
       17:15      0     173     20      193      59      0     78      137      38    190      0      228      0       0      0            0         558
       17:30      0     165     10      175      63      0     69      132      20    188      0      208      0       0      0            0         515
       17:45      0     148     13      161      57      0     71      128      24    148      0      172      0       0      0            0         461
       Total      0     631     51      682     230      0    295      525     112    668      0      780      0       0      0            0        1987

 Grand Total      0    5529    596     6125    1284      0   1703     2987     577   3896      0     4473      0       0      0            0      13585
    Apprch %      0    90.3    9.7               43      0     57             12.9   87.1      0               0       0      0
     Total %      0    40.7    4.4     45.1     9.5      0   12.5       22     4.2   28.7      0     32.9      0       0      0            0
        Cars      0    5457    592     6049    1249      0   1635     2884     570   3877      0     4447      0       0      0            0      13380
      % Cars      0    98.7   99.3     98.8    97.3      0     96     96.6    98.8   99.5      0     99.4      0       0      0            0       98.5
      Trucks      0      64      4       68      34      0     64       98       7     17      0       24      0       0      0            0        190
    % Trucks      0     1.2    0.7      1.1     2.6      0    3.8      3.3     1.2    0.4      0      0.5      0       0      0            0        1.4
       Buses      0       8      0        8       1      0      4        5       0      2      0        2      0       0      0            0         15
     % Buses      0     0.1      0      0.1     0.1      0    0.2      0.2       0    0.1      0        0      0       0      0            0        0.1
                                                                City of High Point
                                                           Department of Transportation
Counted By: James Houk &                                       Summer Count Program                           File Name          :   I74NBRJohnsonSt
Adam Tolbert                                                      High Point, NC                              Site Code          :   0008
Weather: Clear                                                                                                Start Date         :   6/21/2012
                                                                                                              Page No            :   2

                                                                  JOHNSON STREET
                                                                 Out    In    Total
                                                                 5512  6049   11561
                                                                   81     68    149
                                                                     6     8     14
                                                                 5599  6125   11724


                                                                    592 5457        0
                                                                      4   64        0
                                                                      0     8       0
                                                                    596 5529        0
                                                                  Right Thru    Left
                                     1162


                                     1173
                                        11
                                         0
                                     Total




                                                                                                        Out
                                                 0
                                                 0
                                                 0
                                                 0




                                                                                          Right Thru
                                                                                          1703


                                                                                          1635
                                             Left




                                                                                                        0
                                                                                                        0
                                                                                                        0
                                                                                                        0
                                                                         North




                                                                                                            I 74 NB RAMP
                        I 74 NB RAMP




                                                                                             64
                                                                                              4
                                  0
                                  0
                                  0
                                  0




                                                                  6/21/2012 06:00
                                                       0
                                                       0
                                                       0
                                                       0
                                             Right Thru
                               In




                                                                  6/21/2012 17:45




                                                                                                                  2987


                                                                                                                  2884
                                                                                                                   In
                                                                                                                     98
                                                                                                    0
                                                                                                    0
                                                                                                    0
                                                                                                    0



                                                                                                                      5
                                                                  Cars
                                                 0
                                                 0
                                                 0
                                                 0




                                                                                          1284


                                                                                          1249
                                                                                          Left
                     1162


                     1173
                       11
                         0




                                                                  Trucks
                     Out




                                                                                                                         Total
                                                                                            34
                                                                  Buses




                                                                                                                         2987


                                                                                                                         2884
                                                                                              1




                                                                                                                            98
                                                                                                                             5
                                                                   Left Thru Right
                                                                    570 3877     0
                                                                       7  17     0
                                                                       0    2    0
                                                                    577 3896     0


                                                                 6706  4447   11153
                                                                   98     24    122
                                                                     9     2     11
                                                                 6813  4473   11286
                                                                 Out    In    Total
                                                                  JOHNSON STREET
                                                              City of High Point
                                                         Department of Transportation
Counted By: James Houk &                                     Summer Count Program                                       File Name      :   I74NBRJohnsonSt
Adam Tolbert                                                    High Point, NC                                          Site Code      :   0008
Weather: Clear                                                                                                          Start Date     :   6/21/2012
                                                                                                                        Page No        :   3


                       JOHNSON STREET                  I 74 NB RAMP                       JOHNSON STREET                    I 74 NB RAMP
                         Southbound                      Westbound                          Northbound                        Eastbound
   Start Time    Left   Thru Right App. Total   Left   Thru Right     App. Total   Left    Thru Right App.   Total   Left   Thru Right     App. Total   Int. Total
Peak Hour Analysis From 06:00 to 09:45 - Peak 1 of 1
Peak Hour for Entire Intersection Begins at 07:15
         07:15      0    139     25       164     28      0     39          67       18      47      0         65       0      0      0            0         296
         07:30      0    200     29       229     21      0     41          62       23      63      0         86       0      0      0            0         377
         07:45      0    191     18       209     28      0     54          82       14      65      0         79       0      0      0            0         370
         08:00      0    168     19       187     16      0     28          44       14      57      0         71       0      0      0            0         302
 Total Volume       0    698     91       789     93      0    162         255       69     232      0        301       0      0      0            0        1345
 % App. Total       0   88.5   11.5             36.5      0   63.5                 22.9    77.1      0                  0      0      0
           PHF   .000   .873   .784      .861   .830   .000   .750        .777     .750    .892   .000       .875    .000   .000   .000        .000         .892

Peak Hour Analysis From 10:00 to 13:45 - Peak 1 of 1
Peak Hour for Entire Intersection Begins at 12:30
        12:30       0    116     10      126     22       0     25          47       12     108      0        120       0      0      0            0         293
        12:45       0    125     18      143     24       0     35          59       10      93      0        103       0      0      0            0         305
        13:00       0    121     11      132     42       0     29          71        6      89      0         95       0      0      0            0         298
        13:15       0    106     10      116     37       0     27          64        7     101      0        108       0      0      0            0         288
 Total Volume       0    468     49      517    125       0    116         241       35     391      0        426       0      0      0            0        1184
 % App. Total       0   90.5    9.5            51.9       0   48.1                  8.2    91.8      0                  0      0      0
          PHF    .000   .936   .681     .904   .744    .000   .829        .849     .729    .905   .000       .888    .000   .000   .000        .000         .970

Peak Hour Analysis From 14:00 to 17:45 - Peak 1 of 1
Peak Hour for Entire Intersection Begins at 17:00
        17:00       0    145      8      153     51       0     77         128       30     142      0        172       0      0      0            0         453
        17:15       0    173     20      193     59       0     78         137       38     190      0        228       0      0      0            0         558
        17:30       0    165     10      175     63       0     69         132       20     188      0        208       0      0      0            0         515
        17:45       0    148     13      161     57       0     71         128       24     148      0        172       0      0      0            0         461
 Total Volume       0    631     51      682    230       0    295         525      112     668      0        780       0      0      0            0        1987
 % App. Total       0   92.5    7.5            43.8       0   56.2                 14.4    85.6      0                  0      0      0
          PHF    .000   .912   .638     .883   .913    .000   .946        .958     .737    .879   .000       .855    .000   .000   .000        .000         .890
