                                                               City of High Point
                                                          Department of Transportation
                                                              Summer Count Program
                                                                  High Point,NC
Counted By: Addison McDowell &                                                                                              File Name          :      KivetMain
James Houk                                                                                                                  Site Code          :      0033
Weather: Clear                                                                                                              Start Date         :      7/26/2012
                                                                                                                            Page No            :      1


                                                        Groups Printed- Cars - Trucks   - Buses
                      MAIN STREET                       KIVETT DRIVE                    MAIN STREET                       KIVETT DRIVE
                       Southbound                         Westbound                      Northbound                         Eastbound
  Start Time   Left   Thru Right    App. Total   Left    Thru Right App. Total Left     Thru Right    App. Total   Left    Thru Right    App. Total    Int. Total
       06:00      4     32      0         36        0       0      0         0    0       26      2         28        3      12      1         16            80
       06:15      1     39      0         40        0       0      0         0    0       32      2         34        4      22      0         26           100
       06:30      6     62      0         68        0       0      0         0    0       46      3         49        2      21      1         24           141
       06:45      4     66      0         70        0       0      0         0    0       52      5         57       12      58      3         73           200
       Total     15    199      0        214        0       0      0         0    0      156     12        168       21     113      5        139           521

       07:00      6     48     0          54       0       0      0       0      0        52      2         54        6     34      4          44           152
       07:15     12     68     0          80       0       0      0       0      0        75      4         79        5     27      1          33           192
       07:30     21     86     0         107       0       0      0       0      0        98      5        103        9     50      2          61           271
       07:45     22    103     0         125       0       0      0       0      0       134      4        138        9     49      3          61           324
       Total     61    305     0         366       0       0      0       0      0       359     15        374       29    160     10         199           939

       08:00     30     81     0         111       0       0      0       0      0        87      5         92       10     55      5          70           273
       08:15      8     72     0          80       0       0      0       0      0       103      6        109       13     65      4          82           271
       08:30     14     78     0          92       0       0      0       0      0        99      0         99       11     60      5          76           267
       08:45     21     80     0         101       0       0      0       0      0       123      6        129       14     62      7          83           313
       Total     73    311     0         384       0       0      0       0      0       412     17        429       48    242     21         311          1124

       09:00     12     89     0         101       0       0      0       0      0        76      0         76       13     59      6          78           255
       09:15     20     74     0          94       0       0      0       0      0        17      0         17       24     56      1          81           192
       09:30     20     80     0         100       0       0      0       0      0        17      9         26       21     57      7          85           211
       09:45     17    104     0         121       0       0      0       0      0       135      3        138        9     51      9          69           328
       Total     69    347     0         416       0       0      0       0      0       245     12        257       67    223     23         313           986

       10:00     21    135     0         156       0       0      0       0      0       108      7        115       11     28      8          47           318
       10:15     16     91     0         107       0       0      0       0      0       138     10        148       12     60      9          81           336
       10:30     10     97     0         107       0       0      0       0      0       129      9        138        8     68      8          84           329
       10:45     16    134     0         150       0       0      0       0      0       121     13        134       15     53      6          74           358
       Total     63    457     0         520       0       0      0       0      0       496     39        535       46    209     31         286          1341

       11:00     22    115     0         137       0       0      0       0      0       120     11        131       11     52      7          70           338
       11:15     21     91     0         112       0       0      0       0      0       113      5        118       19     51     10          80           310
       11:30     16    103     0         119       0       0      0       0      0       121      2        123       15     56     11          82           324
       11:45     17    142     0         159       0       0      0       0      0       127      2        129       21     63      7          91           379
       Total     76    451     0         527       0       0      0       0      0       481     20        501       66    222     35         323          1351

       12:00     22    137     0         159       0       0      0       0      0       152      4        156       34     89     10         133           448
       12:15     33    120     0         153       0       0      0       0      0       144     13        157       11     58     10          79           389
       12:30     20    131     0         151       0       0      0       0      0       155     13        168       16     67     10          93           412
       12:45     16    136     0         152       0       0      0       0      0       148      8        156       22     66     12         100           408
       Total     91    524     0         615       0       0      0       0      0       599     38        637       83    280     42         405          1657

       13:00     21    125     0         146       0       0      0       0      0       138     10        148       23     60     13          96           390
       13:15     20    127     0         147       0       0      0       0      0       129      9        138       19     70      6          95           380
       13:30     24    116     0         140       0       0      0       0      0       133      5        138       11     55      8          74           352
       13:45     32    110     0         142       0       0      0       0      0       161      5        166       10     59     10          79           387
       Total     97    478     0         575       0       0      0       0      0       561     29        590       63    244     37         344          1509

       14:00     23    131     0         154       0       0      0       0      0       134     12        146       13     74      7          94           394
       14:15     17    111     0         128       0       0      0       0      0       113      7        120       13     60     13          86           334
       14:30     18    119     0         137       0       0      0       0      0       120      6        126       15     78     11         104           367
       14:45     23    126     0         149       0       0      0       0      0       122     11        133       15     80      5         100           382
       Total     81    487     0         568       0       0      0       0      0       489     36        525       56    292     36         384          1477

       15:00     22    129     0         151       0       0      0       0      0       144     12        156       15     75     10         100           407
       15:15     24    125     0         149       0       0      0       0      0       101     18        119       17     77      9         103           371
       15:30     19    111     0         130       0       0      0       0      0       137     12        149       17     79     12         108           387
       15:45     30    125     0         155       0       0      0       0      0       141      8        149       25     81     13         119           423
       Total     95    490     0         585       0       0      0       0      0       523     50        573       74    312     44         430          1588

       16:00     37    153     0         190       0       0      0       0      0       149      8        157       20     91     10         121           468
       16:15     21    129     0         150       0       0      0       0      0       129     11        140       17     83      6         106           396
       16:30     29    126     0         155       0       0      0       0      0       138      8        146       20     97      8         125           426
       16:45     37    128     0         165       0       0      0       0      0       160     11        171       20    110     11         141           477
       Total    124    536     0         660       0       0      0       0      0       576     38        614       77    381     35         493          1767

       17:00     32    136     0         168       0       0      0       0      0       127     10        137       31    132     19         182           487
       17:15     24    128     0         152       0       0      0       0      0       146      4        150       19     96     18         133           435
       17:30     25    102     0         127       0       0      0       0      0       131      8        139       14     76     14         104           370
       17:45     17    127     0         144       0       0      0       0      0       107     11        118       11     55      8          74           336
       Total     98    493     0         591       0       0      0       0      0       511     33        544       75    359     59         493          1628

 Grand Total    943   5078     0        6021       0       0      0       0      0      5408    339       5747      705   3037    378        4120        15888
    Apprch %   15.7   84.3     0                   0       0      0              0      94.1    5.9                17.1   73.7    9.2
     Total %    5.9     32     0        37.9       0       0      0       0      0        34    2.1       36.2      4.4   19.1    2.4        25.9
        Cars    938   5024     0        5962       0       0      0       0      0      5357    336       5693      681   2958    372        4011        15666
      % Cars   99.5   98.9     0          99       0       0      0       0      0      99.1   99.1       99.1     96.6   97.4   98.4        97.4         98.6
      Trucks      4     50     0          54       0       0      0       0      0        45      3         48        5     18      4          27          129
    % Trucks    0.4      1     0         0.9       0       0      0       0      0       0.8    0.9        0.8      0.7    0.6    1.1         0.7          0.8
       Buses      1      4     0           5       0       0      0       0      0         6      0          6       19     61      2          82           93
     % Buses    0.1    0.1     0         0.1       0       0      0       0      0       0.1      0        0.1      2.7      2    0.5           2          0.6
                                                             City of High Point
                                                        Department of Transportation
                                                            Summer Count Program
                                                                High Point,NC
Counted By: Addison McDowell &                                                                                           File Name    :   KivetMain
James Houk                                                                                                               Site Code    :   0033
Weather: Clear                                                                                                           Start Date   :   7/26/2012
                                                                                                                         Page No      :   2

                                                                  MAIN STREET
                                                              Out      In     Total
                                                              6038    5962   12000
                                                                50       54     104
                                                                25        5      30
                                                              6113    6021   12134


                                                                   0 5024         938
                                                                   0   50             4
                                                                   0     4            1
                                                                   0 5078         943
                                                               Right Thru        Left
                                      27
                                      82
                                   4011


                                   4120
                                   Total




                                                                                                        4319


                                                                                                        4232
                                                                                                        Out
                                                5
                                             19
                                            681


                                            705




                                                                                          Right Thru




                                                                                                          62
                                                                                                          25
                                           Left




                                                                                                            KIVETT DRIVE
                                                                      North
                      KIVETT DRIVE




                                                                                              0
                                                                                              0
                                                                                              0
                                                                                              0
                                                               7/26/2012 06:00
                               27
                               82
                            4011


                            4120



                                                   18
                                                   61
                                             372 2958


                                             378 3037
                                           Right Thru
                             In




                                                               7/26/2012 17:45




                                                                                                                 In
                                                                                                    0
                                                                                                    0
                                                                                                    0
                                                                                                    0


                                                                                                                    0
                                                                                                                    0
                                                                                                                    0
                                                                                                                    0
                                                               Cars
                                               4
                                               2




                                                                                          Left
                                                               Trucks
                        0
                        0
                        0
                        0
                    Out




                                                                                                                         Total
                                                               Buses




                                                                                                                         4319


                                                                                                                         4232
                                                                                                 0
                                                                                                 0
                                                                                                 0
                                                                                                 0



                                                                                                                            62
                                                                                                                            25
                                                                Left       Thru Right
                                                                       0   5357   336
                                                                       0     45     3
                                                                       0       6    0
                                                                       0   5408   339


                                                              5396     5693   11089
                                                                54        48     102
                                                                  6        6      12
                                                              5456     5747   11203
                                                              Out       In     Total
                                                                   MAIN STREET
                                                              City of High Point
                                                         Department of Transportation
                                                             Summer Count Program
                                                                 High Point,NC
Counted By: Addison McDowell &                                                                                                File Name          :      KivetMain
James Houk                                                                                                                    Site Code          :      0033
Weather: Clear                                                                                                                Start Date         :      7/26/2012
                                                                                                                              Page No            :      3


                        MAIN STREET                    KIVETT DRIVE                       MAIN STREET                       KIVETT DRIVE
                         Southbound                      Westbound                         Northbound                         Eastbound
   Start Time    Left   Thru Right App. Total   Left    Thru Right    App. Total   Left   Thru Right    App. Total   Left    Thru Right    App. Total    Int. Total
Peak Hour Analysis From 06:00 to 09:45 - Peak 1 of 1
Peak Hour for Entire Intersection Begins at 07:30
        07:30      21     86      0      107       0      0      0            0       0     98      5        103        9     50      2          61           271
        07:45      22    103      0      125       0      0      0            0       0    134      4        138        9     49      3          61           324
        08:00      30     81      0      111       0      0      0            0       0     87      5         92       10     55      5          70           273
        08:15       8     72      0       80       0      0      0            0       0    103      6        109       13     65      4          82           271
 Total Volume      81    342      0      423       0      0      0            0       0    422     20        442       41    219     14         274          1139
 % App. Total    19.1   80.9      0                0      0      0                    0   95.5    4.5                  15   79.9    5.1
          PHF    .675   .830   .000     .846    .000   .000   .000        .000     .000   .787   .833       .801     .788   .842   .700        .835          .879

Peak Hour Analysis From 10:00 to 13:45 - Peak 1 of 1
Peak Hour for Entire Intersection Begins at 12:00
        12:00     22    137      0      159      0      0        0            0       0    152      4        156       34     89     10         133           448
        12:15     33    120      0      153      0      0        0            0       0    144     13        157       11     58     10          79           389
        12:30     20    131      0      151      0      0        0            0       0    155     13        168       16     67     10          93           412
        12:45     16    136      0      152      0      0        0            0       0    148      8        156       22     66     12         100           408
 Total Volume     91    524      0      615      0      0        0            0       0    599     38        637       83    280     42         405          1657
 % App. Total   14.8   85.2      0               0      0        0                    0     94      6                20.5   69.1   10.4
          PHF   .689   .956   .000     .967   .000   .000     .000        .000     .000   .966   .731       .948     .610   .787   .875        .761          .925

Peak Hour Analysis From 14:00 to 17:45 - Peak 1 of 1
Peak Hour for Entire Intersection Begins at 16:30
        16:30     29    126      0      155      0      0        0            0       0    138      8        146       20     97      8         125           426
        16:45     37    128      0      165      0      0        0            0       0    160     11        171       20    110     11         141           477
        17:00     32    136      0      168      0      0        0            0       0    127     10        137       31    132     19         182           487
        17:15     24    128      0      152      0      0        0            0       0    146      4        150       19     96     18         133           435
 Total Volume    122    518      0      640      0      0        0            0       0    571     33        604       90    435     56         581          1825
 % App. Total   19.1   80.9      0               0      0        0                    0   94.5    5.5                15.5   74.9    9.6
          PHF   .824   .952   .000     .952   .000   .000     .000        .000     .000   .892   .750       .883     .726   .824   .737        .798          .937
