                                                                City of High Point
                                                           Department of Transportation
                                                               Summer Count Program
                                                                   High Point,NC
Counted By: Addison McDowell &                                                                                             File Name      :   OldPlnkMain
James Houk                                                                                                                 Site Code      :   0029
Weather: Clear                                                                                                             Start Date     :   7/24/2012
                                                                                                                           Page No        :   1


                                                         Groups Printed- Cars - Trucks - Buses
                      N MAIN STREET                     OLD PLANK ROAD                 N MAIN STREET                     OLD PLANK ROAD
                        Southbound                         Westbound                     Northbound                         Eastbound
  Start Time   Left    Thru Right     App. Total   Left   Thru Right   App. Total Left  Thru Right     App. Total   Left   Thru Right App. Total    Int. Total
       06:00      2      10      2          14        2      2      1           5    0    12      5           17       1     20      2       23           59
       06:15      6      23      0          29        4      4      2         10     0    27      5           32       6     20      2       28           99
       06:30      7      36      3          46        2      3      4           9    3    19      5           27       7     41      3       51          133
       06:45      8      24      0          32        3      3      4         10     2    13      8           23       7     38      4       49          114
       Total     23      93      5         121       11     12     11         34     5    71     23           99      21    119     11      151          405

       07:00      5     37      2           44       6       3      3      12      2     19     13           34        5     46      2         53        143
       07:15     13     54      4           71       6      17      7      30      4     24     12           40       14     53      9         76        217
       07:30      9     79      4           92       7      32     10      49      3     44     26           73       21     68      7         96        310
       07:45     15     62      8           85       6      18     10      34      7     36     15           58       14     43      8         65        242
       Total     42    232     18          292      25      70     30     125     16    123     66          205       54    210     26        290        912

       08:00     14     63      3           80       7      11      6      24     11     34     11           56       10     39     12         61        221
       08:15     11     57      4           72       5      15     13      33      6     29     11           46        7     37      6         50        201
       08:30     15     49      5           69       9       8      7      24      2     51      8           61        9     43     10         62        216
       08:45      8     40      7           55       4      15      7      26      8     30      9           47        4     27     10         41        169
       Total     48    209     19          276      25      49     33     107     27    144     39          210       30    146     38        214        807

       09:00      4     42      1           47       6       8      7      21      3     30      5           38        6     21      4         31        137
       09:15      7     46     11           64       2       9      9      20      5     39      4           48        4     14     11         29        161
       09:30      7     53      0           60       2      13      5      20      7     34      9           50        6     17      3         26        156
       09:45      3     47      6           56       6       5     16      27      9     32      8           49        6     13      4         23        155
       Total     21    188     18          227      16      35     37      88     24    135     26          185       22     65     22        109        609

       10:00      5     57      4           66       6      14      7      27      4     48      1           53        9     18     12         39        185
       10:15      3     57      6           66       6      13     11      30      4     45      9           58        9     18      9         36        190
       10:30      9     49      8           66       9      15      6      30     10     51      9           70        7     20      8         35        201
       10:45      6     45      1           52       4      12      7      23     12     47      6           65        2     15      7         24        164
       Total     23    208     19          250      25      54     31     110     30    191     25          246       27     71     36        134        740

       11:00      5     44      3           52       5      20      7      32      4     48      6           58        4     11     13         28        170
       11:15      7     47      7           61       6      12     11      29      3     41      6           50        2     17      9         28        168
       11:30      4     49      3           56       6      11      9      26      5     39     12           56        5     11      3         19        157
       11:45      2     51      1           54       6      14      9      29      5     42      4           51        1     11      5         17        151
       Total     18    191     14          223      23      57     36     116     17    170     28          215       12     50     30         92        646

       12:00     12     57      6           75       7      11     12      30      9     48      4           61        8     22      9         39        205
       12:15      5     49      3           57      13      17      6      36      9     52     13           74        9     22      9         40        207
       12:30      8     62     10           80       9      16      9      34      7     53      2           62        6     13     10         29        205
       12:45      6     69      4           79      14      17      7      38      8     39     10           57        4     19     14         37        211
       Total     31    237     23          291      43      61     34     138     33    192     29          254       27     76     42        145        828

       13:00      4     42      8           54       7      12      4      23      6     51      9           66        4     12      2         18        161
       13:15      7     64     13           84       4      29     10      43     10     59      6           75        4      9      5         18        220
       13:30      2     52      7           61      13      22     10      45     16     40     11           67        5     20      6         31        204
       13:45      7     43      8           58       9      16      8      33     15     47      9           71        5     12      6         23        185
       Total     20    201     36          257      33      79     32     144     47    197     35          279       18     53     19         90        770

       14:00      4     48      6           58      12      23     13      48     12     64     11           87        3     16      5         24        217
       14:15      7     47      6           60       7      23      9      39      7     47     15           69        4     17      9         30        198
       14:30      7     55      4           66       8      19     17      44     11     58      4           73        4     23      9         36        219
       14:45     10     43     10           63      14      14     11      39     10     58      9           77        5     15      7         27        206
       Total     28    193     26          247      41      79     50     170     40    227     39          306       16     71     30        117        840

       15:00      7     59      5           71       6      18      6      30      7     55      5           67        3     16      1         20        188
       15:15      9     36      9           54      14      26     11      51      9     70     13           92        2     10      7         19        216
       15:30      7     53      7           67      14      31      9      54     11     55      6           72        4     15      7         26        219
       15:45     11     53     12           76       7      25      9      41     10     63      9           82        4     19     11         34        233
       Total     34    201     33          268      41     100     35     176     37    243     33          313       13     60     26         99        856

       16:00      9     46      7           62      10      25      8      43     11     60      7           78        6     18      5         29        212
       16:15      3     62      6           71      19      31     12      62      8     61     13           82       10     19      8         37        252
       16:30     10     68      6           84      23      37     14      74      8     50      8           66        3     25     11         39        263
       16:45      8     68     10           86      18      35     16      69     14     72     20          106        9     39     11         59        320
       Total     30    244     29          303      70     128     50     248     41    243     48          332       28    101     35        164       1047

       17:00     12     61     17           90      17      50     22      89     11     98     16          125       10     36     10         56        360
       17:15      5     85     19          109      26      55     12      93     14     93     12          119       14     24      2         40        361
       17:30      8     58     14           80      22      45     13      80      8     87     10          105       12     14      5         31        296
       17:45      7     51     10           68      17      54     16      87      8     65     17           90        9     18      6         33        278
       Total     32    255     60          347      82     204     63     349     41    343     55          439       45     92     23        160       1295

 Grand Total    350   2452    300         3102      435    928    442    1805    358   2279    446         3083      313   1114    338     1765         9755
    Apprch %   11.3     79    9.7                  24.1   51.4   24.5           11.6   73.9   14.5                  17.7   63.1   19.2
     Total %    3.6   25.1    3.1         31.8      4.5    9.5    4.5    18.5    3.7   23.4    4.6         31.6      3.2   11.4    3.5     18.1
        Cars    347   2441    299         3087      431    924    436    1791    358   2266    442         3066      313   1108    338     1759         9703
      % Cars   99.1   99.6   99.7         99.5     99.1   99.6   98.6    99.2    100   99.4   99.1         99.4      100   99.5    100     99.7         99.5
      Trucks      3     10      1           14        1      4      6      11      0     12      2           14        0      6      0        6           45
    % Trucks    0.9    0.4    0.3          0.5      0.2    0.4    1.4     0.6      0    0.5    0.4          0.5        0    0.5      0      0.3          0.5
       Buses      0      1      0            1        3      0      0       3      0      1      2            3        0      0      0        0            7
     % Buses      0      0      0            0      0.7      0      0     0.2      0      0    0.4          0.1        0      0      0        0          0.1
                                                              City of High Point
                                                         Department of Transportation
                                                             Summer Count Program
                                                                 High Point,NC
Counted By: Addison McDowell &                                                                                      File Name    :   OldPlnkMain
James Houk                                                                                                          Site Code    :   0029
Weather: Clear                                                                                                      Start Date   :   7/24/2012
                                                                                                                    Page No      :   2

                                                                  N MAIN STREET
                                                               Out      In    Total
                                                               3015    3087    6102
                                                                 18       14     32
                                                                   1       1      2
                                                               3034    3102    6136


                                                                  299 2441         347
                                                                    1   10             3
                                                                    0     1            0
                                                                  300 2452         350
                                                                Right Thru        Left
                                       0
                                      11
                                   3340


                                   3351
                                   Total




                                                                                                         1910


                                                                                                         1897
                                                                                                         Out
                                                0
                                                0
                                            313


                                            313




                                                                                           Right Thru




                                                                                                           OLD PLANK ROAD
                     OLD PLANK ROAD




                                                                                                           11
                                           Left




                                                                                             442


                                                                                             436



                                                                                                             2
                                                                       North




                                                                                               0
                                                                                               6
                                                                7/24/2012 06:00
                                6
                                0
                            1759


                            1765



                                                     6
                                                     0
                                             338 1108


                                             338 1114
                                           Right Thru
                             In




                                                                7/24/2012 17:45




                                                                                                                 1805


                                                                                                                 1791
                                                                                                                  In
                                                                                                  928


                                                                                                  924




                                                                                                                    11
                                                                                                     0
                                                                                                     4




                                                                                                                     3
                                                                Cars
                                               0
                                               0




                                                                                           Left
                                                                Trucks
                        5
                        0
                    1581


                    1586




                                                                                            435


                                                                                            431
                    Out




                                                                                                                        Total
                                                                Buses




                                                                                                                        3715


                                                                                                                        3688
                                                                                                3
                                                                                                1




                                                                                                                           22
                                                                                                                            5
                                                                 Left   Thru Right
                                                                  358 2266     442
                                                                      0   12     2
                                                                      0     1    2
                                                                  358 2279     446


                                                               3210    3066    6276
                                                                 11       14     25
                                                                   4       3      7
                                                               3225    3083    6308
                                                               Out      In    Total
                                                                  N MAIN STREET
                                                               City of High Point
                                                          Department of Transportation
                                                              Summer Count Program
                                                                  High Point,NC
Counted By: Addison McDowell &                                                                                             File Name     :    OldPlnkMain
James Houk                                                                                                                 Site Code     :    0029
Weather: Clear                                                                                                             Start Date    :    7/24/2012
                                                                                                                           Page No       :    3


                       N MAIN STREET                  OLD PLANK ROAD                   N MAIN STREET                     OLD PLANK ROAD
                         Southbound                      Westbound                       Northbound                         Eastbound
   Start Time    Left   Thru Right   App.  Total Left   Thru Right App. Total   Left    Thru Right     App. Total   Left   Thru Right App.   Total   Int. Total
Peak Hour Analysis From 06:00 to 09:45 - Peak 1 of 1
Peak Hour for Entire Intersection Begins at 07:15
        07:15      13     54      4          71     6     17      7       30       4     24     12           40       14     53      9         76         217
        07:30       9     79      4          92     7     32     10       49       3     44     26           73       21     68      7         96         310
        07:45      15     62      8          85     6     18     10       34       7     36     15           58       14     43      8         65         242
        08:00      14     63      3          80     7     11      6       24      11     34     11           56       10     39     12         61         221
 Total Volume      51    258     19         328    26     78     33      137      25    138     64          227       59    203     36        298         990
 % App. Total    15.5   78.7    5.8                19  56.9    24.1               11   60.8   28.2                  19.8   68.1   12.1
          PHF    .850   .816   .594       .891   .929  .609    .825    .699     .568   .784   .615         .777     .702   .746   .750       .776        .798

Peak Hour Analysis From 10:00 to 13:45 - Peak 1 of 1
Peak Hour for Entire Intersection Begins at 12:00
        12:00     12     57      6       75      7     11        12       30       9     48      4           61        8     22      9         39         205
        12:15      5     49      3       57     13     17         6       36       9     52     13           74        9     22      9         40         207
        12:30      8     62     10       80      9     16         9       34       7     53      2           62        6     13     10         29         205
        12:45      6     69      4       79     14     17         7       38       8     39     10           57        4     19     14         37         211
 Total Volume     31    237     23      291     43     61        34      138      33    192     29          254       27     76     42        145         828
 % App. Total   10.7   81.4    7.9            31.2   44.2      24.6               13   75.6   11.4                  18.6   52.4     29
          PHF   .646   .859   .575     .909   .768   .897      .708     .908    .917   .906   .558         .858     .750   .864   .750       .906        .981

Peak Hour Analysis From 14:00 to 17:45 - Peak 1 of 1
Peak Hour for Entire Intersection Begins at 16:45
        16:45      8     68     10       86     18     35        16       69      14     72     20          106        9     39     11         59         320
        17:00     12     61     17       90     17     50        22       89      11     98     16          125       10     36     10         56         360
        17:15      5     85     19      109     26     55        12       93      14     93     12          119       14     24      2         40         361
        17:30      8     58     14       80     22     45        13       80       8     87     10          105       12     14      5         31         296
 Total Volume     33    272     60      365     83    185        63      331      47    350     58          455       45    113     28        186        1337
 % App. Total      9   74.5   16.4            25.1   55.9        19             10.3   76.9   12.7                  24.2   60.8   15.1
          PHF   .688   .800   .789     .837   .798   .841      .716     .890    .839   .893   .725         .910     .804   .724   .636       .788        .926
