                                                                 City of High Point
                                                            Department of Transportation
                                                                Summer Count Program
                                                                    High Point,NC
Counted By: Addison McDowell &                                                                                                File Name      :   PhillpsRotary
James Houk                                                                                                                    Site Code      :   0021
Weather: Clear                                                                                                                Start Date     :   7/12/2012
                                                                                                                              Page No        :   1


                                                           Groups Printed- Cars - Trucks   - Buses
                      ROTARY DRIVE                       PHILLIPS AVENUE                   ROTARY DRIVE                       PHILLIPS AVENUE
                       Southbound                           Westbound                        Northbound                          Eastbound
  Start Time   Left   Thru Right     App. Total   Left     Thru Right App. Total  Left      Thru Right    App. Total   Left     Thru Right App.   Total   Int. Total
       06:00      0      3      1            4       0        2      0         2     2         3      0           5       1        3      0          4           15
       06:15      1      0      1            2       0        1      0         1     2         1      0           3       0        1      5          6           12
       06:30      1      6      0            7       1        4      0         5     4         0      1           5       1        0      7          8           25
       06:45      2      8      3           13       2        7      1       10      2         5      0           7       0        4     12         16           46
       Total      4     17      5           26       3       14      1       18     10         9      1          20       2        8     24         34           98

       07:00      1      6      2            9      0        7      0        7      4         2      0            6       6       2      6          14          36
       07:15      1      8      5           14      2        4      0        6      4         8      1           13       4       3      8          15          48
       07:30      2     14      6           22      0       10      0       10      2         7      1           10       4       7      7          18          60
       07:45      1     16     11           28      0       29      3       32      4         9      0           13       2       9      7          18          91
       Total      5     44     24           73      2       50      3       55     14        26      2           42      16      21     28          65         235

       08:00      0     14      9           23      0       19      1       20      4         8      0           12       1       5      3           9          64
       08:15      0      9      5           14      1       15      1       17      3         9      0           12       5      10      1          16          59
       08:30      1     12      9           22      0       11      1       12      6         9      2           17       6       6      4          16          67
       08:45      0     12      7           19      0       10      1       11      4         8      1           13       3       8      9          20          63
       Total      1     47     30           78      1       55      4       60     17        34      3           54      15      29     17          61         253

       09:00      2      9      7           18      0        9      0        9      5         8      1           14       7      13      3          23          64
       09:15      1      8      7           16      1       11      1       13      9         8      1           18       9      14      3          26          73
       09:30      0      8      9           17      2       10      2       14      3         7      1           11       8       3      4          15          57
       09:45      1      7     10           18      0       10      1       11      3         8      0           11       5      11      3          19          59
       Total      4     32     33           69      3       40      4       47     20        31      3           54      29      41     13          83         253

       10:00      0      6      9           15      0       13      2       15      5         7      0           12       4       9      5          18          60
       10:15      1     11      7           19      0       13      2       15      6         7      1           14       7      11      5          23          71
       10:30      0      9      9           18      0        7      3       10      3         5      0            8       9      14      2          25          61
       10:45      1     11     10           22      0       18      3       21      4         8      0           12      11      10      5          26          81
       Total      2     37     35           74      0       51     10       61     18        27      1           46      31      44     17          92         273

       11:00      0     10     10           20      1       12      6       19      5         4      3           12       5      17      3          25          76
       11:15      0     12      9           21      1       26      3       30     12        13      3           28       5      16     13          34         113
       11:30      0     10     14           24      3        7      5       15     11        12      0           23      11      13      6          30          92
       11:45      1     13     17           31      2       20      2       24     17        12      0           29      13      15     16          44         128
       Total      1     45     50           96      7       65     16       88     45        41      6           92      34      61     38         133         409

       12:00      1      8     10          19       0       20      2       22     20        20      0           40      12      14     18          44         125
       12:15      1     13     16          30       0        7      4       11      7        10      1           18       9      19     14          42         101
       12:30      0     11     16          27       1       18      3       22      4        10      0           14      15      15     10          40         103
       12:45      1     18     14          33       0       16      2       18      6        14      5           25      19      13     25          57         133
       Total      3     50     56         109       1       61     11       73     37        54      6           97      55      61     67         183         462

       13:00      2     17     11          30       2       11      3       16      9        15      1           25      13      20     16          49         120
       13:15      4     11      9          24       1       16      1       18      4         6      3           13       5      11      3          19          74
       13:30      1      7     27          35       1       15      4       20      3        16      2           21      12      13      9          34         110
       13:45      2      7     12          21       1       18      1       20      4        12      1           17       8      17      3          28          86
       Total      9     42     59         110       5       60      9       74     20        49      7           76      38      61     31         130         390

       14:00      1     16     10           27      0       11      0       11      4        12      2           18      10       9      6          25          81
       14:15      2     10      7           19      1       13      1       15      6        12      3           21       8      14     10          32          87
       14:30      3     21      7           31      0       10      3       13     12         9      0           21       9      10      5          24          89
       14:45      0      8      3           11      1       15      1       17      7        13      0           20       7      23      3          33          81
       Total      6     55     27           88      2       49      5       56     29        46      5           80      34      56     24         114         338

       15:00      0      8      9           17      2       13      4       19      4        13      0           17       7       7     10          24          77
       15:15      0      9     14           23      1       10      4       15      3        14      3           20      13      11      1          25          83
       15:30      3     11      8           22      0       19      4       23     10        16      1           27       4      11      8          23          95
       15:45      2     13      8           23      2       19      6       27      8        16      1           25      11      13      6          30         105
       Total      5     41     39           85      5       61     18       84     25        59      5           89      35      42     25         102         360

       16:00      0     17      9           26      0       16      4       20     10        22      5          37        7       9      8          24         107
       16:15      1     10      8           19      0       17      3       20      8        15      0          23       11      15      4          30          92
       16:30      1     17     11           29      2       13      1       16     15        12      1          28        8      24     10          42         115
       16:45      0     10      6           16      0       14      0       14     11        24      3          38       20      32     20          72         140
       Total      2     54     34           90      2       60      8       70     44        73      9         126       46      80     42         168         454

       17:00      2     15     13          30       1        9      5       15     14        23      1          38       15      27     18          60         143
       17:15      1     20      6          27       1       15      7       23     19        17      2          38       19      17      7          43         131
       17:30      2     16     11          29       1       16      3       20     11        19      3          33       12      15      5          32         114
       17:45      0     13      8          21       1       14      5       20      5        16      3          24       10       9      4          23          88
       Total      5     64     38         107       4       54     20       78     49        75      9         133       56      68     34         158         476

 Grand Total     47    528    430        1005      35      620    109      764    328       524     57         909      391     572    360        1323        4001
    Apprch %    4.7   52.5   42.8                 4.6     81.2   14.3            36.1      57.6    6.3                 29.6    43.2   27.2
     Total %    1.2   13.2   10.7        25.1     0.9     15.5    2.7     19.1    8.2      13.1    1.4        22.7      9.8    14.3      9        33.1
        Cars     47    526    430        1003      35      616    109      760    323       519     57         899      391     571    354        1316        3978
      % Cars    100   99.6    100        99.8     100     99.4    100     99.5   98.5        99    100        98.9      100    99.8   98.3        99.5        99.4
      Trucks      0      2      0           2       0        4      0        4      5         4      0           9        0       1      6           7          22
    % Trucks      0    0.4      0         0.2       0      0.6      0      0.5    1.5       0.8      0           1        0     0.2    1.7         0.5         0.5
       Buses      0      0      0           0       0        0      0        0      0         1      0           1        0       0      0           0           1
     % Buses      0      0      0           0       0        0      0        0      0       0.2      0         0.1        0       0      0           0           0
                                                               City of High Point
                                                          Department of Transportation
                                                              Summer Count Program
                                                                  High Point,NC
Counted By: Addison McDowell &                                                                                   File Name        :   PhillpsRotary
James Houk                                                                                                       Site Code        :   0021
Weather: Clear                                                                                                   Start Date       :   7/12/2012
                                                                                                                 Page No          :   2

                                                                    ROTARY DRIVE
                                                                Out      In    Total
                                                                1019    1003    2022
                                                                    4       2      6
                                                                    1       0      1
                                                                1024    1005    2029


                                                                   430  526          47
                                                                     0     2            0
                                                                     0     0            0
                                                                   430  528          47
                                                                 Right Thru        Left
                                        0
                                       16
                                    2685


                                    2701
                                    Total




                                                                                                          Out
                                                                                                           676


                                                                                                           675
                                                 0
                                                 0
                                             391


                                             391




                                                                                            Right Thru




                                                                                                            PHILLIPS AVENUE
                     PHILLIPS AVENUE




                                            Left




                                                                                              109


                                                                                              109



                                                                                                              0
                                                                                                              1
                                                                        North




                                                                                                0
                                                                                                0
                                                                 7/12/2012 06:00
                                 7
                                 0
                             1316


                             1323



                                                      1
                                                      0
                                                   571


                                                   572
                                            Right Thru
                              In




                                                                 7/12/2012 17:45




                                                                                                                   In
                                                                                                   620


                                                                                                   616


                                                                                                                    764


                                                                                                                    760
                                                                                                      0
                                                                                                      4




                                                                                                                      0
                                                                                                                      4
                                                                 Cars
                                                6
                                                0
                                              354


                                              360




                                                                                            Left
                                                                 Trucks
                        9
                        0
                    1369


                    1378
                    Out




                                                                                                                          Total
                                                                                              35


                                                                                              35
                                                                 Buses




                                                                                                                          1440


                                                                                                                          1435
                                                                                                 0
                                                                                                 0




                                                                                                                              0
                                                                                                                              5
                                                                  Left   Thru Right
                                                                   323    519    57
                                                                       5     4    0
                                                                       0     1    0
                                                                   328    524    57


                                                                 915      899   1814
                                                                    8       9     17
                                                                    0       1      1
                                                                 923      909   1832
                                                                Out      In    Total
                                                                    ROTARY DRIVE
                                                               City of High Point
                                                          Department of Transportation
                                                              Summer Count Program
                                                                  High Point,NC
Counted By: Addison McDowell &                                                                                            File Name      :   PhillpsRotary
James Houk                                                                                                                Site Code      :   0021
Weather: Clear                                                                                                            Start Date     :   7/12/2012
                                                                                                                          Page No        :   3


                        ROTARY DRIVE                  PHILLIPS AVENUE                  ROTARY DRIVE                     PHILLIPS AVENUE
                         Southbound                      Westbound                       Northbound                        Eastbound
   Start Time    Left   Thru Right   App.  Total Left   Thru Right App. Total   Left    Thru Right    App. Total   Left   Thru Right App.     Total   Int. Total
Peak Hour Analysis From 06:00 to 09:45 - Peak 1 of 1
Peak Hour for Entire Intersection Begins at 07:45
        07:45       1     16     11          28     0     29      3       32       4      9      0           13       2       9      7          18          91
        08:00       0     14      9          23     0     19      1       20       4      8      0           12       1       5      3           9          64
        08:15       0      9      5          14     1     15      1       17       3      9      0           12       5      10      1          16          59
        08:30       1     12      9          22     0     11      1       12       6      9      2           17       6       6      4          16          67
 Total Volume       2     51     34          87     1     74      6       81      17     35      2           54      14      30     15          59         281
 % App. Total     2.3   58.6   39.1               1.2   91.4    7.4             31.5   64.8    3.7                 23.7    50.8   25.4
          PHF    .500   .797   .773       .777   .250   .638   .500    .633     .708   .972   .250        .794     .583    .750   .536       .819         .772

Peak Hour Analysis From 10:00 to 13:45 - Peak 1 of 1
Peak Hour for Entire Intersection Begins at 12:00
        12:00      1      8     10       19      0     20         2       22      20     20      0           40      12      14     18         44          125
        12:15      1     13     16       30      0      7         4       11       7     10      1           18       9      19     14         42          101
        12:30      0     11     16       27      1     18         3       22       4     10      0           14      15      15     10         40          103
        12:45      1     18     14       33      0     16         2       18       6     14      5           25      19      13     25         57          133
 Total Volume      3     50     56      109      1     61        11       73      37     54      6           97      55      61     67        183          462
 % App. Total    2.8   45.9   51.4             1.4   83.6      15.1             38.1   55.7    6.2                 30.1    33.3   36.6
          PHF   .750   .694   .875     .826   .250   .763      .688     .830    .463   .675   .300        .606     .724    .803   .670       .803         .868

Peak Hour Analysis From 14:00 to 17:45 - Peak 1 of 1
Peak Hour for Entire Intersection Begins at 16:30
        16:30      1     17     11       29      2     13         1       16      15     12      1          28        8      24     10         42          115
        16:45      0     10      6       16      0     14         0       14      11     24      3          38       20      32     20         72          140
        17:00      2     15     13       30      1      9         5       15      14     23      1          38       15      27     18         60          143
        17:15      1     20      6       27      1     15         7       23      19     17      2          38       19      17      7         43          131
 Total Volume      4     62     36      102      4     51        13       68      59     76      7         142       62     100     55        217          529
 % App. Total    3.9   60.8   35.3             5.9     75      19.1             41.5   53.5    4.9                 28.6    46.1   25.3
          PHF   .500   .775   .692     .850   .500   .850      .464     .739    .776   .792   .583        .934     .775    .781   .688       .753         .925
