                                                                   City of High Point
                                                              Department of Transportation
                                                                  Summer Count Program
                                                                      High Point,NC
Counted By: Adam Tolbert &                                                                                            File Name        :   PiedmntPkwyRegnyDr
Abby Ramsdell                                                                                                         Site Code        :   0012
Weather: Clear                                                                                                        Start Date       :   6/27/2012
                                                                                                                      Page No          :   1


                                                            Groups Printed- Cars - Trucks - Buses
                      REGENCY DRIVE                       PIEDMONT PARKWAY               PRIVATE DRIVEWAY                     PIEDMONT PARKWAY
                        Southbound                            Westbound                      Northbound                           Eastbound
  Start Time   Left    Thru Right     App. Total   Left      Thru Right  App. Total Left    Thru Right App.   Total    Left      Thru Right App. Total   Int. Total
       06:00      6       0      0            6       0        12     13        25     0       0      0          0        6        14      0       20          51
       06:15      6       0      2            8       0        17     22        39     0       0      0          0        3        16      0       19          66
       06:30     17       0      3           20       0        52     48       100     0       0      0          0        8        30      0       38         158
       06:45     26       0      9           35       0        80     58       138     0       0      0          0       13        59      0       72         245
       Total     55       0     14           69       0       161    141       302     0       0      0          0       30       119      0      149         520

       07:00     13      1      7           21       0        59     48      107      0       0      0           0        7       40         0     47         175
       07:15     19      0      8           27       0       102     77      179      0       0      0           0        6       52         0     58         264
       07:30     20      0     13           33       1       150     72      223      0       0      0           0       12       62         1     75         331
       07:45     35      2     14           51       4       307    109      420      0       0      0           0       16       95         7    118         589
       Total     87      3     42          132       5       618    306      929      0       0      0           0       41      249         8    298        1359

       08:00     38      2     17           57       5       156     77      238      0       0      0           0       18      100         9    127         422
       08:15     29      0      5           34       2       156     90      248      0       2      2           4       20      111         1    132         418
       08:30     25      1     16           42       0       148     57      205      0       0      0           0       21       95         0    116         363
       08:45     24      0     19           43       0       126     44      170      0       1      1           2        4       55         1     60         275
       Total    116      3     57          176       7       586    268      861      0       3      3           6       63      361        11    435        1478

       09:00     21      1      9           31       0       106     35      141      0       0      0           0        9       47         0     56         228
       09:15     26      0      9           35       0        81     39      120      0       0      1           1       13       31         0     44         200
       09:30     15      0     11           26       1        58     23       82      0       0      0           0        6       41         0     47         155
       09:45     12      0     14           26       1        73     34      108      0       0      0           0        4       43         0     47         181
       Total     74      1     43          118       2       318    131      451      0       0      1           1       32      162         0    194         764

       10:00     15      0      4            19      0        64     19       83      1       0      1           2        3       40         0     43         147
       10:15     13      0      5            18      2        30     12       44      0       0      0           0        7       45         1     53         115
       10:30     13      0      6            19      2        25     18       45      0       0      0           0        4       32         0     36         100
       10:45      7      0      6            13      0        41     23       64      1       0      0           1        5       34         1     40         118
       Total     48      0     21            69      4       160     72      236      2       0      1           3       19      151         2    172         480

       11:00     16      0      7           23       0        47     20       67      1       0      1           2        2       41         0     43         135
       11:15     27      0      4           31       1        44     24       69      0       0      0           0        8       49         0     57         157
       11:30     43      0     11           54       0        73     25       98      0       0      0           0        9       64         1     74         226
       11:45     29      0     12           41       1        89     43      133      3       0      1           4       13       92         0    105         283
       Total    115      0     34          149       2       253    112      367      4       0      2           6       32      246         1    279         801

       12:00     39      0     15           54       0        74     32      106      4       0      5           9       16      100         0    116         285
       12:15     36      0     15           51       0        72     32      104      0       0      1           1       16       81         0     97         253
       12:30     30      0     16           46       2        85     42      129      1       0      0           1       12       84         0     96         272
       12:45     36      1     13           50       3       108     49      160      0       0      1           1       13       94         4    111         322
       Total    141      1     59          201       5       339    155      499      5       0      7          12       57      359         4    420        1132

       13:00     32      0     13           45       2        77     51      130      0       0      0           0       11       96         6    113         288
       13:15     31      0     17           48       1        79     40      120      0       0      0           0       23       75         0     98         266
       13:30     40      0     16           56       3        79     37      119      0       0      0           0       15       73         0     88         263
       13:45     28      1     13           42       0        60     29       89      1       0      1           2       14       71         0     85         218
       Total    131      1     59          191       6       295    157      458      1       0      1           2       63      315         6    384        1035

       14:00     26      0      7           33       0        45     28       73      1       0      1           2        6       63         0     69         177
       14:15     19      0      7           26       1        46     24       71      0       0      0           0        4       54         1     59         156
       14:30     19      0      9           28       0        76     40      116      0       0      0           0       10       68         0     78         222
       14:45     17      0      7           24       1        65     17       83      1       0      0           1        8       67         0     75         183
       Total     81      0     30          111       2       232    109      343      2       0      1           3       28      252         1    281         738

       15:00     33      0     14           47       0        64     24       88      0       0      1           1       10       62         2     74         210
       15:15     27      0     12           39       0        47     21       68      0       0      1           1        7       61         0     68         176
       15:30     32      0     10           42       0        82     35      117      0       0      0           0       11      102         0    113         272
       15:45     30      0     10           40       0        58     21       79      0       0      0           0       12       62         0     74         193
       Total    122      0     46          168       0       251    101      352      0       0      2           2       40      287         2    329         851

       16:00     49      0     15           64       1        68     25       94      0       0      0           0        8       93         0    101         259
       16:15     34      0     10           44       0        58     28       86      0       0      0           0       10       85         0     95         225
       16:30     49      0     13           62       1        80     37      118      0       0      0           0       19      145         0    164         344
       16:45     51      0     15           66       0        74     29      103      1       1      2           4       22      139         0    161         334
       Total    183      0     53          236       2       280    119      401      1       1      2           4       59      462         0    521        1162

       17:00     48      0     24           72       0        98     62      160      1       0      8           9       42      269         1    312         553
       17:15     54      0     18           72       0        92     35      127      0       0      0           0       19      153         0    172         371
       17:30     53      0     19           72       1        99     37      137      3       0      3           6       21      175         0    196         411
       17:45     52      0      8           60       0        85     25      110      3       2      1           6       12      110         0    122         298
       Total    207      0     69          276       1       374    159      534      7       2     12          21       94      707         1    802        1633

 Grand Total   1360      9    527         1896      36      3867   1830     5733     22      6      32          60      558     3670        36   4264      11953
    Apprch %   71.7    0.5   27.8                  0.6      67.5   31.9            36.7     10    53.3                 13.1     86.1       0.8
     Total %   11.4    0.1    4.4         15.9     0.3      32.4   15.3       48    0.2    0.1     0.3        0.5       4.7     30.7       0.3   35.7
        Cars   1321      9    505         1835      36      3766   1767     5569     22      6      32         60       536     3577        36   4149      11613
      % Cars   97.1    100   95.8         96.8     100      97.4   96.6     97.1    100    100     100        100      96.1     97.5       100   97.3       97.2
      Trucks     28      0     19           47       0        95     57      152      0      0       0          0        21       91         0    112        311
    % Trucks    2.1      0    3.6          2.5       0       2.5    3.1      2.7      0      0       0          0       3.8      2.5         0    2.6        2.6
       Buses     11      0      3           14       0         6      6       12      0      0       0          0         1        2         0      3         29
     % Buses    0.8      0    0.6          0.7       0       0.2    0.3      0.2      0      0       0          0       0.2      0.1         0    0.1        0.2
                                                                   City of High Point
                                                              Department of Transportation
                                                                  Summer Count Program
                                                                      High Point,NC
Counted By: Adam Tolbert &                                                                                                  File Name              :   PiedmntPkwyRegnyDr
Abby Ramsdell                                                                                                               Site Code              :   0012
Weather: Clear                                                                                                              Start Date             :   6/27/2012
                                                                                                                            Page No                :   2

                                                                      REGENCY DRIVE
                                                                    Out     In    Total
                                                                    2309   1835    4144
                                                                      78      47    125
                                                                        7     14     21
                                                                    2394   1896    4290


                                                                           505     9   1321
                                                                            19     0     28
                                                                             3     0     11
                                                                           527     9   1360
                                                                         Right Thru    Left
                                           12
                                          226
                                         8442


                                         8680
                                        Total




                                                                                                                             5062


                                                                                                                             4930
                                                                                                                             Out
                                                                                                                             PIEDMONT PARKWAY
                          PIEDMONT PARKWAY




                                                                                                                              119
                                                     1
                                                  21
                                                 536


                                                 558




                                                                                                              Right Thru
                                                                                                              1830 3867


                                                                                                              1767 3766



                                                                                                                               13
                                                Left




                                                                            North




                                                                                                                 57
                                                                                                                  6
                                                                     6/27/2012 06:00
                                      3
                                   112
                                  4149


                                  4264




                                                          2
                                                        91
                                                   36 3577


                                                   36 3670
                                                Right Thru
                                   In




                                                                     6/27/2012 17:45




                                                                                                                                    5733


                                                                                                                                    5569
                                                                                                                                     In
                                                                                                                                      152
                                                                                                                      95




                                                                                                                                       12
                                                                                                                        6
                                                                     Cars
                                                    0
                                                    0




                                                                                                              Left
                                                                     Trucks
                               9
                            114
                           4293


                           4416




                                                                                                                                          10795


                                                                                                                                          10499
                           Out




                                                                                                                                           Total
                                                                                                                36


                                                                                                                36
                                                                     Buses




                                                                                                                   0
                                                                                                                   0




                                                                                                                                            271
                                                                                                                                              25
                                                                         Left   Thru Right
                                                                           22       6   32
                                                                              0     0    0
                                                                              0     0    0
                                                                           22       6   32


                                                                      81       60    141
                                                                        0       0      0
                                                                        0       0      0
                                                                      81       60    141
                                                                    Out      In    Total
                                                                     PRIVATE DRIVEWAY



                       REGENCY DRIVE                 PIEDMONT PARKWAY                         PRIVATE DRIVEWAY                     PIEDMONT PARKWAY
                         Southbound                      Westbound                                Northbound                           Eastbound
   Start Time    Left   Thru Right App. Total   Left    Thru Right App. Total          Left      Thru Right App.    Total   Left      Thru Right App.       Total   Int. Total
Peak Hour Analysis From 06:00 to 09:45 - Peak 1 of 1
Peak Hour for Entire Intersection Begins at 07:45
        07:45      35      2     14       51       4     307    109      420              0        0      0            0      16        95            7      118         589
        08:00      38      2     17       57       5     156     77      238              0        0      0            0      18       100            9      127         422
        08:15      29      0      5       34       2     156     90      248              0        2      2            4      20       111            1      132         418
        08:30      25      1     16       42       0     148     57      205              0        0      0            0      21        95            0      116         363
 Total Volume     127      5     52      184      11     767    333    1111               0        2      2            4      75       401           17      493        1792
 % App. Total      69    2.7   28.3                1      69     30                       0       50     50                 15.2      81.3          3.4
          PHF    .836   .625   .765     .807   .550    .625    .764    .661            .000     .250   .250        .250     .893      .903         .472     .934        .761

Peak Hour Analysis From 10:00 to 13:45 - Peak 1 of 1
Peak Hour for Entire Intersection Begins at 12:30
        12:30     30      0     16       46      2     85           42         129        1        0      0            1      12        84            0       96         272
        12:45     36      1     13       50      3    108           49         160        0        0      1            1      13        94            4      111         322
        13:00     32      0     13       45      2     77           51         130        0        0      0            0      11        96            6      113         288
        13:15     31      0     17       48      1     79           40         120        0        0      0            0      23        75            0       98         266
 Total Volume    129      1     59      189      8    349          182         539        1        0      1            2      59       349           10      418        1148
 % App. Total   68.3    0.5   31.2             1.5   64.7         33.8                   50        0     50                 14.1      83.5          2.4
          PHF   .896   .250   .868     .945   .667   .808         .892        .842     .250     .000   .250        .500     .641      .909         .417     .925        .891

Peak Hour Analysis From 14:00 to 17:45 - Peak 1 of 1
Peak Hour for Entire Intersection Begins at 16:45
        16:45     51      0     15       66      0     74           29         103        1        1      2            4      22       139            0      161         334
        17:00     48      0     24       72      0     98           62         160        1        0      8            9      42       269            1      312         553
        17:15     54      0     18       72      0     92           35         127        0        0      0            0      19       153            0      172         371
        17:30     53      0     19       72      1     99           37         137        3        0      3            6      21       175            0      196         411
 Total Volume    206      0     76      282      1    363          163         527        5        1     13           19     104       736            1      841        1669
 % App. Total     73      0     27             0.2   68.9         30.9                 26.3      5.3   68.4                 12.4      87.5          0.1
          PHF   .954   .000   .792     .979   .250   .917         .657        .823     .417     .250   .406        .528     .619      .684         .250     .674        .755
