                                                                      CITY OF McALLEN
                                                                      TRAFFIC OPERATIONS
                                                                        VOLUME COUNTS

 LOCATION    Bicentennial Blvd. @ Pecan Avenue


                          Major Street: Bicentennial Blvd.                                               Minor Street: Pecan Avenue
HOUR
OF          BOUND:           NORTH          BOUND:           SOUTH             Bi-         BOUND            EAST          BOUND:            WEST               Bi-            ALL
DAY         START         07/30/01 @ 0715   START:        07/30/01 @ 0715   directional START:          07/30/01 @ 0715   START:        07/30/01 @ 0715   directional directional
MILITARY    counter        ADR        6     counter        ADR        2     Hr./totals     counter       ADR        4     counter        ADR        3      Hr./totals      Hr./totals
  TIME        Thru         Left     Total     Thru         Left     Total    NB+SB           Thru        Left     Total     Thru         Left     Total     EB+WB          ALL BN

  00-01             102               102        114                  114            216           84                84        103                  103              187            403
  01-02              46                46            83                83            129           37                37            76                76              113            242
  02-03              31                31            48                48             79           29                29            65                65               94            173

  03-04              20                20            20                20             40           19                19            24                24               43             83

  04-05              18                18            40                40             58           21                21            13                13               34             92

  05-06              41                41        103                  103            144           45                45            31                31               76            220

  06-07              90                90        247                  247            337        142                 142        119                  119              261            598

  07-08             447               447       1000                 1000        1447           607                 607        479                  479          1086           2533

  08-09             535               535       1199                 1199        1734           729                 729        588                  588          1317           3051

  09-10             549               549       1022                 1022        1571           654                 654        727                  727          1381           2952

  10-11             553               553        922                  922        1475           735                 735        764                  764          1499           2974

  11-12             648               648        850                  850        1498           834                 834        915                  915          1749           3247

  12-13             797               797       1012                 1012        1809           945                 945        892                  892          1837           3646

  13-14             730               730       1133                 1133        1863           913                 913        998                  998          1911           3774

  14-15             757               757        989                  989        1746           776                 776        895                  895          1671           3417

  15-16             750               750        994                  994        1744           805                 805        889                  889          1694           3438

  16-17             790               790        994                  994        1784           848                 848        975                  975          1823           3607

  17-18         1035                 1035       1116                 1116        2151           767                 767        992                  992          1759           3910

  18-19             769               769        790                  790        1559           606                 606        702                  702          1308           2867

  19-20             541               541        668                  668        1209           504                 504        600                  600          1104           2313

  20-21             460               460        572                  572        1032           482                 482        472                  472              954        1986

  21-22             391               391        454                  454            845        451                 451        439                  439              890        1735
  22-23             257               257        336                  336            593        335                 335        269                  269              604        1197
  23-24             147               147        166                  166            313        159                 159        167                  167              326            639

TOTAL         10504            0   10504      14872            0   14872                     11527           0   11527      12194            0   12194


            TOTAL NB + SB 25376                                    TOTAL EB + WB 23721                           GRAND TOTAL               49097
                                                                                                                                                   Bicentennial Blvd. @ Pecan Ave. 21/14/20082:22 PM
