                                                                          CITY OF McALLEN
                                                                          TRAFFIC OPERATIONS
                                                                            VOLUME COUNTS

 LOCATION           McColl Road @ Ridge Road


                             Major Street: Ridge Road                                                          Minor Street: McColl Road
HOUR
OF          BOUND:            EAST              BOUND:            WEST             Bi-         BOUND            NORTH              BOUND:           SOUTH              Bi-            ALL
DAY         START         07/18/01 @ 0900       START:        07/18/01 @ 0900   directional START:           07/19/01 @ 1000       START:        07/19/01 @ 1000   directional directional
MILITARY    counter        ADR        2         counter        ADR        1     Hr./totals     counter        ADR        1         counter        ADR        7     Hr./totals      Hr./totals
  TIME        Thru         Left     Total         Thru         Left     Total    NB+SB           Thru         Left     Total         Thru         Left     Total    EB+WB          ALL BN

  00-01              69                69                49                49            118           20                 20                58                58              78            196
  01-02              27                27                23                23             50             8                     8            29                29              37             87
  02-03              14                14                15                15             29             1                     1            26                26              27             56

  03-04              10                10                13                13             23             2                     2            32                32              34             57

  04-05               9                     9            28                28             37           13                 13                19                19              32             69

  05-06              27                27                53                53             80           22                 22                60                60              82            162

  06-07             101               101            198                  198            299           66                 66            131                  131             197            496

  07-08             263               263            486                  486            749        192                  192            344                  344             536        1285

  08-09             385               385            529                  529            914        170                  170            509                  509             679        1593

  09-10             587               587            609                  609        1196           165                  165            444                  444             609        1805

  10-11             639               639            523                  523        1162           151                  151            563                  563             714        1876

  11-12             787               787            540                  540        1327           140                  140            456                  456             596        1923

  12-13             850               850            679                  679        1529           171                  171            502                  502             673        2202

  13-14             794               794            685                  685        1479           151                  151            638                  638             789        2268

  14-15             808               808            667                  667        1475           149                  149            557                  557             706        2181

  15-16             838               838            552                  552        1390           203                  203            560                  560             763        2153

  16-17             881               881            557                  557        1438           181                  181            636                  636             817        2255

  17-18             992               992            649                  649        1641           177                  177            650                  650             827        2468

  18-19             677               677            585                  585        1262           167                  167            557                  557             724        1986

  19-20             564               564            477                  477        1041           125                  125            458                  458             583        1624

  20-21             486               486            384                  384            870        102                  102            401                  401             503        1373

  21-22             346               346            316                  316            662           96                 96            328                  328             424        1086
  22-23             195               195            207                  207            402           77                 77            200                  200             277            679
  23-24             126               126            110                  110            236           39                 39            121                  121             160            396

TOTAL         10475            0   10475           8934            0     8934                     2588            0     2588          8279            0     8279


            TOTAL EB + WB 19409                                        TOTAL NB + SB 10867                            GRAND TOTAL                   30276
                                                                                                                                                                   McColl Rd. @ Ridge Rd.1/14/20082:25 PM
