                                                                                Chittenden County MPO
                                                                               30 Kimball Ave., Suite 206
Station ID: BURL-32                                                            South Burlington, VT 05403                                                               File Name       :   burl32
Location: Main St. & St. Paul St.                                                http://www.ccmpo.org/                                                                  Site Code       :   00000032
Town: Burlington / Counters: JW & JT                                                                                                                                    Start Date      :   08/20/2003
AUTO Count                                                                                                                                                              Page No         :   1
                                                                                        Groups Printed- Unshifted
                                St. Paul St.                                 Main St.                                     St. Paul St.                                 Main St.
                                From North                                  From East                                     From South                                  From West
                                                     App.                                       App.                                           App.                                     App.         Int.
    Start Time   Right   Thru       Left   Peds              Right   Thru     Left   Peds               Right   Thru         Left   Peds               Right   Thru     Left   Peds
                                                     Total                                      Total                                          Total                                    Total      Total
        Factor     1.0    1.0       1.0        1.0            1.0     1.0      1.0       1.0              1.0       1.0       1.0        1.0             1.0   1.0       1.0      1.0
        07:00        0      3         2          3      8       6      59        4         1       70       5        11         4          6     26        9    30         1        0        40     144
        07:15        2      5         3          0     10     13       56        8         0       77     10         24         8          9     51        7    51         0        3        61     199
        07:30        2      6         4          1     13       9      59        3         7       78       5        26        14        11      56      14     53         2        5        74     221
        07:45        4    11          6          2     23     20       76        5         5      106       8        40        16        16      80      13     63         3        5        84     293
         Total       8    25        15           6     54     48      250      20        13       331     28        101        42        42     213      43    197         6      13        259     857

        08:00       0     11          4         2      17      22      81       9         5       117      4         31        11        15      61       5     62        1        6         74     269
        08:15       0     11          5         2      18      14      85       4         8       111      7         23        14         7      51      16     52        2        2         72     252
        08:30       1     13          4         0      18      10      80       8         9       107      9         35        14        11      69      10     53        0        3         66     260
        08:45       2     10          3         0      15      16      67       9         4        96     12         35        13         8      68      10     45        2        1         58     237
        Total       3     45         16         4      68      62     313      30        26       431     32        124        52        41     249      41    212        5       12        270    1018

*** BREAK ***

        16:00       3     23         15         8      49      10      69      12        22       113      9         28        10        14      61       8     75        4        5         92     315
        16:15       5     25         17        10      57      18      90      11        19       138      8         23        11        20      62      19     81        4        3        107     364
        16:30       5     21         22         1      49      11      82      16        29       138     26         27        17         7      77      19     73        6        2        100     364
        16:45       5     37         24         4      70      14      73       9        28       124      9         29        18        20      76      25     93        5        9        132     402
        Total      18    106         78        23     225      53     314      48        98       513     52        107        56        61     276      71    322       19       19        431    1445

        17:00       2     28         25         9      64      14      81      13        35       143     13        19         22        25      79      23     76        2        4        105     391
        17:15       8     34         24         5      71      19      81      16        24       140     15        26         10        20      71      16    110        2        2        130     412
        17:30       0     23         23         3      49      22      81      11        29       143     10        29         20        19      78      16     75        4        6        101     371
        17:45       8     19         23         8      58      12      95      12        17       136      7        18         21        20      66       8     46        5        2         61     321
        Total      18    104         95        25     242      67     338      52       105       562     45        92         73        84     294      63    307       13       14        397    1495

   Grand Total     47    280       204         58     589    230     1215     150       242     1837     157    424          223     228       1032    218     1038      43       58    1357       4815
    Apprch %       8.0   47.5      34.6        9.8           12.5    66.1     8.2       13.2             15.2   41.1         21.6    22.1              16.1    76.5      3.2      4.3
      Total %      1.0    5.8       4.2        1.2   12.2     4.8    25.2     3.1        5.0     38.2     3.3    8.8          4.6     4.7      21.4     4.5    21.6      0.9      1.2       28.2
