                                                                             Chittenden County MPO
                                                                            30 Kimball Ave., Suite 206
WILL-15: Marshall Ave. & VT 2A                                              South Burlington, VT 05403                                                             File Name       : will15
Counted By: JSS                                                               http://www.ccmpo.org/                                                                Site Code       : 00000015
Weather: clear and sunny                                                                                                                                           Start Date      : 07/18/2001
AUTO Count                                                                                                                                                         Page No         :1
                                                                                         Groups Printed- auto
                                  VT 2A                              Construction site                                   VT 2A                                   MARSHALL
                                From North                             From East                                       From South                                From West
                                                   App.                                       App.                                        App.                                     App.      Int.
    Start Time   Right   Thru      Left   Peds             Right   Thru    Left   Peds                 Right    Thru      Left   Peds             Right   Thru     Left   Peds
                                                   Total                                      Total                                       Total                                    Total   Total
        Factor    1.0    1.0       1.0       1.0            1.0     1.0     1.0      1.0                 1.0    1.0       1.0       1.0            1.0     1.0      1.0      1.0
        07:00      23     85         1         0    109       0       3       2        0          5        6    117        60         0    183      16       0      10         0     26     323
        07:15      24    124         0         0    148       2       0       0        0          2        3    135        80         0    218      23       0        9        0     32     400
        07:30      33    143         2         0    178       0       0       0        0          0        0    173        89         0    262      34       1      12         0     47     487
        07:45      31    137         1         0    169       2       0       0        0          2        3    212       111         0    326      47       0      14         0     61     558
         Total    111    489         4         0    604       4       3       2        0          9      12     637       340         0    989     120       1      45         0    166    1768

        08:00      28    110         2        0     140       1      0        1          0        2       3     188        64        0     255      39      1       19        0      59     456
        08:15      22    111         0        0     133       5      1        0          0        6       3     147        78        0     228      44      0       15        0      59     426
        08:30      34    109         1        0     144       4      1        0          0        5       1     162        81        0     244      33      1       11        0      45     438
        08:45      34     82         1        0     117       1      0        0          1        2       3     168        87        0     258      52      2       20        0      74     451
        Total     118    412         4        0     534      11      2        1          1       15      10     665       310        0     985     168      4       65        0     237    1771

*** BREAK ***

        16:00      54    145         0        0     199       4      0        1          0        5        2    124        84        0     210     128      0       53        0     181     595
        16:15      52    141         0        0     193       0      0        0          0        0        1    132        83        0     216     142      0       54        0     196     605
        16:30      35    127         0        0     162       4      0        3          0        7        0    121        70        0     191     102      0       49        0     151     511
        16:45      41    167         0        0     208       3      1        0          0        4        1    136        82        0     219     135      0       56        0     191     622
        Total     182    580         0        0     762      11      1        4          0       16        4    513       319        0     836     507      0      212        0     719    2333

        17:00      49    177         0        0     226       1      1        0          0        2        1    157        85        0     243     139      1       63        0     203     674
        17:15      55    142         0        0     197       1      0        1          0        2        0    179        86        0     265     128      0       51        0     179     643
        17:30      35    133         0        0     168       1      1        0          0        2        0    159        82        0     241     119      0       48        0     167     578
        17:45      68    146         0        0     214       1      0        0          0        1        0    130        83        0     213     136      0       44        0     180     608
        Total     207    598         0        0     805       4      2        1          0        7        1    625       336        0     962     522      1      206        0     729    2503

   Grand Total   618     2079        8         0   2705     30        8      8         1         47      27     2440     1305         0   3772    1317       6     528         0   1851    8375
    Apprch %     22.8    76.9      0.3       0.0           63.8    17.0   17.0       2.1                 0.7    64.7     34.6       0.0           71.2     0.3     28.5      0.0
      Total %     7.4    24.8      0.1       0.0   32.3     0.4     0.1    0.1       0.0        0.6      0.3    29.1     15.6       0.0   45.0    15.7     0.1      6.3      0.0   22.1
