                                                                   City of High Point
                                                              Department of Transportation
                                                                     High Point, NC

Counted By: Kevin Grier &                                                                                                File Name           :   RvrdlUS2970
Kimberly Blackburn                                                                                                       Site Code           :   00000091
Weather: Clear                                                                                                           Start Date          :   8/8/2006
                                                                                                                         Page No             :   1

                                                                 Groups Printed- Cars - Trucks
                       RIVERDALE ROAD                   BUSINESS 85/US 29 70              RIVERDALE ROAD                   BUSINESS 85/US 29 70
                          From North                          From East                      From South                          From West
Start Time     Right     Thru   Left App.   Total   Right    Thru   Left App. Total Right   Thru   Left App.   Total   Right    Thru   Left App.   Total   Int. Total
   06:00 AM        1        3      2           6        6     102      1       109      2      0      1           3        1     111      1        113          231
   06:15 AM        4        2      6          12        3     139      6       148      3      2      0           5        2     153      1        156          321
   06:30 AM        2        6      8          16        3     185     18       206      5      0      0           5        3     257      2        262          489
   06:45 AM        1       13      4          18       13     168     27       208     10      0      2          12       10     222      5        237          475
      Total        8       24     20          52       25     594     52       671     20      2      3          25       16     743      9        768         1516

   07:00 AM       2        7       6          15        7    204      8      219       9      6       2          17        2    183      3          188         439
   07:15 AM       5       14      10          29       10    256     22      288      11      1       3          15       15    267      1          283         615
   07:30 AM       6        6       5          17        5    339     21      365      13      3       3          19       10    344      4          358         759
   07:45 AM       8       10      11          29        8    290     33      331      11      3       4          18       18    395     10          423         801
      Total      21       37      32          90       30   1089     84     1203      44     13      12          69       45   1189     18         1252        2614

   08:00 AM       6        3       8          17        6    261     22      289       6      2       8          16       17    284      5          306         628
   08:15 AM       6       12       6          24        7    226     40      273       9      3       4          16       20    262      8          290         603
   08:30 AM       5        5       2          12       11    190     27      228      16      4       0          20       13    248      6          267         527
   08:45 AM       3        3       2           8       23    179     26      228       3      6       4          13       13    245     11          269         518
      Total      20       23      18          61       47    856    115     1018      34     15      16          65       63   1039     30         1132        2276

   09:00 AM       9        3       8          20       13    142     21      176       4      2       3           9        6    196      8         210          415
   09:15 AM       4        4       5          13        9    154     12      175       5      5       0          10        7    146      9         162          360
   09:30 AM       6        3       8          17        8    156     13      177       1      5       0           6        4    171      7         182          382
   09:45 AM       5        4       6          15        7    160     11      178       5      1       2           8        9    176      9         194          395
      Total      24       14      27          65       37    612     57      706      15     13       5          33       26    689     33         748         1552

   10:00 AM       7        2       4          13       10    149      9      168       9      0       1          10        7    158      9         174          365
   10:15 AM       7        2       4          13       11    188     16      215       2      2       2           6        7    150     11         168          402
   10:30 AM      15        5       3          23        9    141     12      162       5      2       5          12       10    163     13         186          383
   10:45 AM      14        1      11          26       10    145     11      166      12      7       4          23       11    149      8         168          383
      Total      43       10      22          75       40    623     48      711      28     11      12          51       35    620     41         696         1533

   11:00 AM      11        2       3          16        7    163      9      179       5      4       3          12       11    149     11         171          378
   11:15 AM       7        7       7          21        7    154     14      175       7      2       3          12       11    133      5         149          357
   11:30 AM       5        3      15          23        9    194     11      214      13      8      13          34        8    180      7         195          466
   11:45 AM       9        5       8          22       10    203     13      226      18      6       7          31       10    158      6         174          453
      Total      32       17      33          82       33    714     47      794      43     20      26          89       40    620     29         689         1654

   12:00 PM       5        1       5          11        4    148     12      164      20      8       4          32        9    168      9         186          393
   12:15 PM      15        5       3          23       11    164     20      195      13      4       6          23        8    149      7         164          405
   12:30 PM       9        1       3          13       14    151     23      188       6      5       7          18        7    141     12         160          379
   12:45 PM       6        8      13          27        7    145     19      171      11      7       2          20       11    137      9         157          375
      Total      35       15      24          74       36    608     74      718      50     24      19          93       35    595     37         667         1552

   01:00 PM      12        8       8          28       11    164     20      195      13      5       8          26       11    145     14         170          419
   01:15 PM      11        7       5          23       12    148     15      175       9      3       2          14       13    167     12         192          404
   01:30 PM       7        3       3          13        7    131      9      147       7      3       5          15        2    110     12         124          299
   01:45 PM      13        8      12          33       10    129     18      157      11      6       5          22        6    151      9         166          378
      Total      43       26      28          97       40    572     62      674      40     17      20          77       32    573     47         652         1500

   02:00 PM       6        1       8          15       12    162     12      186      10      6       8          24        6    162      6         174          399
   02:15 PM       7        6       9          22       15    153     12      180       4      7       9          20        8    174      7         189          411
   02:30 PM      14        0       5          19        9    199     21      229      12      4      10          26        7    184      7         198          472
   02:45 PM       5        4       7          16       13    163      9      185      11      2       6          19        6    173      7         186          406
      Total      32       11      29          72       49    677     54      780      37     19      33          89       27    693     27         747         1688

   03:00 PM       9        2       7          18        1    167     16      184       7      7       7          21        5    157     11         173          396
   03:15 PM       8        0       7          15        7    209     16      232      13      3       7          23        1    205      9         215          485
   03:30 PM      10        4       3          17       17    251     13      281      25     15      16          56        7    204      6         217          571
   03:45 PM      13        2       7          22       12    236      5      253      16      2       6          24        5    223      9         237          536
      Total      40        8      24          72       37    863     50      950      61     27      36         124       18    789     35         842         1988

   04:00 PM      13        2      10          25       10    243     19      272      19      8      13          40       18    205      9          232         569
   04:15 PM       9        9       8          26        9    236     14      259      16      7      14          37        7    215      9          231         553
   04:30 PM       8        2       7          17       11    249     11      271      19      7       8          34        4    256      7          267         589
   04:45 PM       5        2       7          14       10    265      5      280      18      7      15          40       10    264      3          277         611
      Total      35       15      32          82       40    993     49     1082      72     29      50         151       39    940     28         1007        2322

   05:00 PM       1        3       3           7       12    424     13      449      48     21      24          93        9    276      6          291         840
   05:15 PM      13        1      15          29       23    401     13      437      27     17      17          61        5    365      1          371         898
   05:30 PM      10        1      12          23        8    357     16      381      36     14      32          82        1    276      4          281         767
   05:45 PM       9        3       8          20       10    267      5      282      30      6      21          57        6    237      0          243         602
      Total      33        8      38          79       53   1449     47     1549     141     58      94         293       21   1154     11         1186        3107

 Grand Total    366      208     327        901       467   9650    739    10856     585    248     326        1159      397   9644    345       10386        23302
    Apprch %   40.6     23.1    36.3                  4.3   88.9    6.8             50.5   21.4    28.1                  3.8   92.9    3.3
     Total %    1.6      0.9     1.4         3.9        2   41.4    3.2     46.6     2.5    1.1     1.4           5      1.7   41.4    1.5         44.6
        Cars    161      199     224         584      335   8719    680     9734     559    242     320        1121      387   8664    150         9201       20640
      % Cars     44     95.7    68.5        64.8     71.7   90.4     92     89.7    95.6   97.6    98.2        96.7     97.5   89.8   43.5         88.6        88.6
      Trucks    205        9     103         317      132    931     59     1122      26      6       6          38       10    980    195         1185        2662
    % Trucks     56      4.3    31.5        35.2     28.3    9.6      8     10.3     4.4    2.4     1.8         3.3      2.5   10.2   56.5         11.4        11.4
                                                             City of High Point
                                                        Department of Transportation
                                                               High Point, NC

Counted By: Kevin Grier &                                                                           File Name                 :   RvrdlUS2970
Kimberly Blackburn                                                                                  Site Code                 :   00000091
Weather: Clear                                                                                      Start Date                :   8/8/2006
                                                                                                    Page No                   :   2

                                                                RIVERDALE ROAD
                                                              Out     In    Total
                                                               727     584   1311
                                                               333     317    650
                                                              1060     901   1961


                                                                 161  199       224
                                                                 205     9      103
                                                                 366  208       327
                                                               Right Thru      Left
                                   2327
                                  18401

                                  20728
                                   Total




                                                                                                     10556



                                                                                                      BUSINESS 85/US 29 70
                                                                                                      1109
                                                                                                      9447
                                                                                                      Out
                 BUSINESS 85/US 29 70




                                            345
                                            150
                                            195




                                                                                       Right Thru
                                           Left




                                                                                         467 9650
                                                                                         132
                                                                                         335 8719
                                                                       North
                          9201
                          1185
                        10386




                                                              8/8/2006 06:00 AM




                                                                                                             10856
                                             397 9644
                                                  980
                                             387 8664


                                           Right Thru
                           In




                                                                                                              1122
                                                                                                              9734
                                                                                                               In
                                                                                              931
                                                              8/8/2006 05:45 PM

                                                              Cars
                                              10




                                                                                       Left
                  9200
                  1142
                 10342




                                                                                        739

                                                                                        680
                                                              Trucks




                                                                                                                     21412

                                                                                                                     19181
                  Out




                                                                                                                      Total
                                                                                         59




                                                                                                                       2231
                                                                Left   Thru Right
                                                                 320    242   559
                                                                     6     6   26
                                                                 326    248   585


                                                              1266    1121   2387
                                                                78       38   116
                                                              1344    1159   2503
                                                              Out      In   Total
                                                                RIVERDALE ROAD
                                                                City of High Point
                                                           Department of Transportation
                                                                  High Point, NC

Counted By: Kevin Grier &                                                                                              File Name            :   RvrdlUS2970
Kimberly Blackburn                                                                                                     Site Code            :   00000091
Weather: Clear                                                                                                         Start Date           :   8/8/2006
                                                                                                                       Page No              :   3


                       RIVERDALE ROAD               BUSINESS 85/US 29 70                RIVERDALE ROAD                   BUSINESS 85/US 29 70
                          From North                      From East                        From South                          From West
 Start Time Right        Thru   Left App. Total Right    Thru   Left App. Total   Right   Thru   Left App.   Total   Right    Thru   Left App.   Total   Int. Total
Peak Hour Analysis From 06:00 AM to 09:45 AM - Peak 1 of 1
Peak Hour for Entire Intersection Begins at 07:15 AM
      07:15 AM      5      14     10        29     10     256     22       288      11       1      3          15       15    267      1         283          615
      07:30 AM      6       6      5        17      5     339     21       365       13      3      3          19       10    344      4         358          759
      07:45 AM      8      10     11        29      8     290     33       331      11       3      4          18       18    395      10         423          801
      08:00 AM      6       3      8        17      6     261     22       289       6       2      8          16       17    284      5          306         628
  Total Volume     25      33     34        92     29    1146     98      1273      41       9     18          68       60   1290     20         1370        2803
  % App. Total   27.2    35.9     37              2.3      90    7.7              60.3    13.2   26.5                  4.4   94.2    1.5
           PHF   .781    .589   .773      .793   .725    .845   .742      .872    .788    .750   .563        .895     .833   .816   .500         .810        .875

Peak Hour Analysis From 10:00 AM to 01:45 PM - Peak 1 of 1
Peak Hour for Entire Intersection Begins at 11:30 AM
      11:30 AM      5      3     15       23       9    194        11      214      13       8     13          34        8    180      7          195          466
      11:45 AM      9      5      8       22      10    203        13      226      18       6      7          31       10    158      6         174          453
      12:00 PM      5      1      5       11       4    148        12      164       20      8      4          32        9    168       9        186          393
      12:15 PM     15      5      3       23      11    164        20      195      13       4      6          23        8    149      7         164          405
  Total Volume     34     14     31       79      34    709        56      799      64      26     30         120       35    655     29         719         1717
  % App. Total     43   17.7   39.2              4.3   88.7         7             53.3    21.7     25                  4.9   91.1      4
           PHF   .567   .700   .517     .859    .773   .873      .700     .884    .800    .813   .577        .882     .875   .910   .806         .922        .921

Peak Hour Analysis From 02:00 PM to 05:45 PM - Peak 1 of 1
Peak Hour for Entire Intersection Begins at 04:45 PM
      04:45 PM      5      2      7       14      10    265         5      280      18       7     15          40       10    264      3         277          611
      05:00 PM      1      3      3        7      12    424        13      449       48     21     24          93        9    276       6        291          840
      05:15 PM     13      1     15       29      23    401        13      437      27      17     17          61        5    365      1          371          898
      05:30 PM     10      1     12       23       8    357        16      381      36      14     32          82        1    276      4          281         767
  Total Volume     29      7     37       73      53   1447        47     1547     129      59     88         276       25   1181     14         1220        3116
  % App. Total   39.7    9.6   50.7              3.4   93.5         3             46.7    21.4   31.9                    2   96.8    1.1
           PHF   .558   .583   .617     .629    .576   .853      .734     .861    .672    .702   .688        .742     .625   .809   .583         .822        .867
