                                                                 City of High Point
                                                            Department of Transportation
                                                                Summer Count Program
AA
                                                                   High Point, NC
Counted By: Charlotte Johnson &                                                                                          File Name       :   EstchstrMalLn
Robert Farlow                                                                                                            Site Code       :   00000004
Weather: Clear                                                                                                           Start Date      :   6/1/2006
                                                                                                                         Page No         :   1


                                                               Groups Printed- Cars - Trucks
                        EASTCHESTER DRIVE                 PRIVATE DRIVE                EASTCHESTER DRIVE                   N MALL LANE
                            Southbound                      Westbound                      Northbound                       Eastbound
     Start Time    Left    Thru Right App. Total   Left    Thru Right App. Total  Left    Thru Right App. Total   Left     Thru Right    App. Total   Int. Total
       06:00 AM       0      39      6       45       0       0      0         0     3      47      0       50       4        0      1           5         100
       06:15 AM       0      40      7       47       0       0      0         0     7      75      0       82       4        1      3           8         137
       06:30 AM       0      65     10       75       0       0      0         0     4     119      0      123       6        0      6          12         210
       06:45 AM       0     106     13      119       0       0      1         1     7      88      0       95       5        0      9          14         229
          Total       0     250     36      286       0       0      1         1    21     329      0      350      19        1     19          39         676

       07:00 AM       0     87      15      102      0        0      0        0      9     136      0      145     12        0      2          14          261
       07:15 AM       0    130      19      149      0        0      0        0      5     153      0      158      7        1     13          21          328
       07:30 AM       0    163      12      175      0        0      1        1     14     213      0      227     17        0     11          28          431
       07:45 AM       0    199      16      215      0        0      0        0     14     173      0      187     20        0     18          38          440
          Total       0    579      62      641      0        0      1        1     42     675      0      717     56        1     44         101         1460

       08:00 AM       0    164      24      188      0        0      0        0      7     183      0      190     16        0      8          24          402
       08:15 AM       0    164      27      191      0        0      0        0     16     160      0      176     21        0      8          29          396
       08:30 AM       0    204      30      234      0        0      0        0     12     157      0      169     21        0     16          37          440
       08:45 AM       0    164      31      195      0        0      0        0     16     162      1      179     23        0      9          32          406
          Total       0    696     112      808      0        0      0        0     51     662      1      714     81        0     41         122         1644

       09:00 AM       0    122      31      153      0        0      0        0     17     158      0      175     19        0      7          26          354
       09:15 AM       0    151      42      193      0        1      1        2     16     148      0      164     25        0     12          37          396
       09:30 AM       0    173      39      212      0        0      0        0     26     145      0      171     21        0     13          34          417
       09:45 AM       1    175      40      216      0        0      1        1     24     170      0      194     19        0      9          28          439
          Total       1    621     152      774      0        1      2        3     83     621      0      704     84        0     41         125         1606

       10:00 AM       0    162      51      213      1        0      0        1     27     167      0      194     21        0      2          23          431
       10:15 AM       0    152      37      189      0        0      0        0     19     190      0      209     25        0     13          38          436
       10:30 AM       0    173      43      216      1        0      0        1     16     160      0      176     26        0     16          42          435
       10:45 AM       0    162      45      207      0        0      0        0     16     161      0      177     28        0     17          45          429
          Total       0    649     176      825      2        0      0        2     78     678      0      756    100        0     48         148         1731

       11:00 AM       0    160      48      208      1        0      1        2      25    178      0      203     34        0     14          48          461
       11:15 AM       0    199      55      254      0        0      1        1      35    205      0      240     32        0     17          49          544
       11:30 AM       0    169      77      246      0        1      3        4      20    171      0      191     42        0     21          63          504
       11:45 AM       0    195      84      279      0        1      0        1      35    193      0      228     54        0     35          89          597
          Total       0    723     264      987      1        2      5        8     115    747      0      862    162        0     87         249         2106

       12:00 PM       0    204      84      288      0        0      2        2      46    228      0      274     42        0     24          66          630
       12:15 PM       0    194      97      291      0        0      0        0      32    218      1      251     50        0     23          73          615
       12:30 PM       0    184      75      259      0        1      3        4      38    214      0      252     73        0     38         111          626
       12:45 PM       0    231      84      315      1        1      1        3      39    203      0      242     61        0     37          98          658
          Total       0    813     340     1153      1        2      6        9     155    863      1     1019    226        0    122         348         2529

       01:00 PM       0    210      46      256      0        0      0        0      33    234      0      267     85        0     31         116          639
       01:15 PM       0    221      75      296      0        1      0        1      31    209      0      240     63        0     45         108          645
       01:30 PM       0    205      57      262      2        1      1        4      36    176      0      212     66        0     40         106          584
       01:45 PM       0    205      56      261      0        0      0        0      34    188      0      222     60        0     21          81          564
          Total       0    841     234     1075      2        2      1        5     134    807      0      941    274        0    137         411         2432

       02:00 PM       0    186      74      260      0        0      0        0      32    177      0      209     57        0     41          98          567
       02:15 PM       0    197      41      238      1        0      1        2      20    193      2      215     43        0     34          77          532
       02:30 PM       0    188      53      241      0        0      2        2      23    193      0      216     65        0     25          90          549
       02:45 PM       0    202      49      251      2        0      1        3      28    179      0      207     42        0     21          63          524
          Total       0    773     217      990      3        0      4        7     103    742      2      847    207        0    121         328         2172

       03:00 PM       0    174      47      221      0        0      1        1      34    226      0      260     52        0     29          81          563
       03:15 PM       0    180      44      224      2        0      1        3      37    209      0      246     53        0     28          81          554
       03:30 PM       0    174      58      232      1        0      1        2      24    189      0      213     45        0     37          82          529
       03:45 PM       0    228      52      280      0        0      2        2      25    195      0      220     55        0     29          84          586
          Total       0    756     201      957      3        0      5        8     120    819      0      939    205        0    123         328         2232

       04:00 PM       0    217      59      276      1        0      1        2      35    187      0      222     61        0     35          96          596
       04:15 PM       0    224      75      299      1        0      0        1      35    214      0      249     53        0     25          78          627
       04:30 PM       0    204      60      264      0        0      0        0      37    216      0      253     68        0     34         102          619
       04:45 PM       0    221      77      298      0        0      1        1      39    216      0      255     62        0     36          98          652
          Total       0    866     271     1137      2        0      2        4     146    833      0      979    244        0    130         374         2494

       05:00 PM       0    212      56      268      3        1      1        5      32    263      1      296     70        0     32         102          671
       05:15 PM       0    222      70      292      0        0      2        2      32    236      0      268     52        0     21          73          635
       05:30 PM       0    202      55      257      2        0      2        4      33    207      0      240     44        0     23          67          568
       05:45 PM       0    207      63      270      0        0      0        0      38    189      0      227     52        0     35          87          584
          Total       0    843     244     1087      5        1      5       11     135    895      1     1031    218        0    111         329         2458

     Grand Total      1   8410    2309    10720      19       8     32       59    1183   8671      5     9859    1876       2   1024        2902        23540
        Apprch %      0   78.5    21.5             32.2    13.6   54.2               12     88    0.1             64.6     0.1   35.3
         Total %      0   35.7     9.8     45.5     0.1       0    0.1      0.3       5   36.8      0     41.9       8       0    4.4        12.3
            Cars      1   8024    2264    10289      19       7     27       53    1157   8316      5     9478    1823       2   1004        2829        22649
          % Cars    100   95.4    98.1       96     100    87.5   84.4     89.8    97.8   95.9    100     96.1    97.2     100     98        97.5         96.2
          Trucks      0    386      45      431       0       1      5        6      26    355      0      381      53       0     20          73          891
        % Trucks      0    4.6     1.9        4       0    12.5   15.6     10.2     2.2    4.1      0      3.9     2.8       0      2         2.5          3.8
                                                              City of High Point
                                                         Department of Transportation
                                                             Summer Count Program
AA
                                                                High Point, NC
Counted By: Charlotte Johnson &                                                                              File Name          :   EstchstrMalLn
Robert Farlow                                                                                                Site Code          :   00000004
Weather: Clear                                                                                               Start Date         :   6/1/2006
                                                                                                             Page No            :   2

                                                               EASTCHESTER DRIVE
                                                               Out     In   Total
                                                              10166  10289  20455
                                                                413     431   844
                                                              10579  10720  21299


                                                                 2264 8024             1
                                                                   45  386             0
                                                                 2309 8410             1
                                                                Right Thru      Left
                                    145
                                   6257

                                   6402
                                   Total




                                                                                                         Out
                                           1876
                                             53
                                           1823




                                                                                           Right Thru
                                           Left




                                                                                                            PRIVATE DRIVE
                                                                                                         8
                                                                                                         0
                                                                                                         8
                                                                        North
                       N MALL LANE




                                                                                              32

                                                                                              27
                                                                                               5
                               73
                            2829

                            2902




                                                     2




                                                               6/1/2006 06:00 AM
                                                     2
                                                     0

                                           Right Thru
                             In




                                                                                                                  In
                                                               6/1/2006 05:45 PM




                                                                                                                    59

                                                                                                                    53
                                                                                                     8
                                                                                                     1
                                                                                                     7



                                                                                                                     6
                                                               Cars
                                           1024
                                              20
                                           1004




                                                                                           Left
                      72
                    3428

                    3500




                                                               Trucks
                    Out




                                                                                                                        Total
                                                                                             19

                                                                                             19
                                                                                                0



                                                                                                                           67

                                                                                                                           61
                                                                                                                            6
                                                                 Left Thru Right
                                                                 1157 8316     5
                                                                   26  355     0
                                                                 1183 8671     5


                                                               9047   9478  18525
                                                                406     381   787
                                                               9453   9859  19312
                                                               Out     In   Total
                                                               EASTCHESTER DRIVE
                                                                     City of High Point
                                                                Department of Transportation
                                                                    Summer Count Program
AA
                                                                       High Point, NC
Counted By: Charlotte Johnson &                                                                                                      File Name        :   EstchstrMalLn
Robert Farlow                                                                                                                        Site Code        :   00000004
Weather: Clear                                                                                                                       Start Date       :   6/1/2006
                                                                                                                                     Page No          :   3


                      EASTCHESTER DRIVE               PRIVATE DRIVE                             EASTCHESTER DRIVE                       N MALL LANE
                          Southbound                    Westbound                                   Northbound                           Eastbound
   Start Time    Left    Thru Right App. Total  Left   Thru Right            App. Total    Left    Thru Right App.   Total    Left      Thru Right    App. Total   Int. Total
Peak Hour Analysis From 06:00 AM to 09:45 AM - Peak 1 of 1
Peak Hour for Entire Intersection Begins at 07:45 AM
      07:45 AM      0     199     16      215      0      0      0                   0       14       173      0      187       20         0      0          0            0
      08:00 AM      0     164     24      188      0      0      0                   0        7         7      0        0       16         0      8         24          402
      08:15 AM      0     164     27      191      0      0      0                   0        0       160      0      176      176         0      8         29          396
      08:30 AM      0       0      0         0     0      0      0                   0       12       157      0      169       21         0     16         37          440
  Total Volume      0     731     97      828      0      0      0                   0       49       673      0      722       78         0     50        128         1678
  % App. Total      0    88.3   11.7               0      0      0                          6.8      93.2      0              60.9         0   39.1
           PHF   .000    .896   .808     .885   .000   .000   .000               .000      .766      .919   .000     .950     .929      .000   .694       .842         .953

Peak Hour Analysis From 06:00 AM to 09:45 AM - Peak 1 of 1
Peak Hour for Each Approach Begins at:
                    07:45 AM                        09:00 AM                              07:30 AM                           08:30 AM
      +0 mins.      0    199     16      215       0      0              0           0       14        14      0        0       21         0      0          0
     +15 mins.      0    164     24      188       0      0              0           0       14       173      0      187       23         0      9         32
     +30 mins.      0    164     27      191       0      0              0           0        7       183      0      190       19         0      7         26
     +45 mins.      0      0      0        0       0      0              1           1        1       160      0      176      176         0     12         37
  Total Volume      0    731     97      828       0      1              2           3       51       729      0      780       88         0     44        132
  % App. Total      0   88.3   11.7                0   33.3           66.7                  6.5      93.5      0              66.7         0   33.3
           PHF   .000   .896   .808     .885    .000   .250           .500       .375      .797      .856   .000     .859     .880      .000   .688       .892
Peak Hour Analysis From 10:00 AM to 01:45 PM - Peak 1 of 1
Peak Hour for Each Approach Begins at:
                    12:00 PM                        12:00 PM                              12:00 PM                           12:30 PM
      +0 mins.      0    204     84      288       0      0              2           2        2         2      0        0       73         0     38        111
     +15 mins.      0    194    194      291       0      0              0           0       32       218    218      251       61         0     37         98
     +30 mins.      0    184     75      259       0      0              0           0       38       214      0      252      252         0     31         31
     +45 mins.      0      0     84       84      84      1              1           3       39       203      0      242       63         0      0        108
  Total Volume      0    813    340     1153       1      2              6           9      155       863      1     1019      282         0    151        433
  % App. Total      0   70.5   29.5             11.1   22.2           66.7                 15.2      84.7    0.1              65.1         0   34.9
           PHF   .000   .880   .876     .915    .250   .500           .500       .563      .842      .946   .250     .930     .829      .000   .839       .933
Peak Hour Analysis From 02:00 PM to 05:45 PM - Peak 1 of 1
Peak Hour for Each Approach Begins at:
                    04:00 PM                        04:45 PM                              04:30 PM                           04:15 PM
         +0 mins.       0       217     59    276       0         0      1           1       37       216      0      253       53         0     25         78
        +15 mins.       0         0     75     75      75        75      1           1        1       216      0      255       68         0     34         34
        +30 mins.       0       204     60    264       0         0      0           2       32        32     32       32       62         0      0         98
        +45 mins.       0       221    221    298       2         0      2           4       32       236      0      268      268         0     32        102
     Total Volume       0       866    271   1137       5         1      6          12      140       931      1     1072      253         0    127        380
     % App. Total       0      76.2   23.8           41.7       8.3     50                 13.1      86.8    0.1              66.6         0   33.4
              PHF    .000      .967   .880   .951    .417      .250   .750       .600      .897      .885   .250     .905     .904      .000   .882       .931
