                                                                    City of High Point
                                                               Department of Transportation
                                                                   Summer Count Program
AA
                                                                      High Point, NC
Counted By: Benjamin Scoggin &                                                                                                    File Name       :   GrnTrnty
Stephen Huntley                                                                                                                   Site Code       :   00000027
Weather: Clear                                                                                                                    Start Date      :   6/20/2006
                                                                                                                                  Page No         :   1


                                                                  Groups Printed- Cars - Trucks
                          GREEN DRIVE                       TRINITY AVENUE                  GREEN DRIVE                       TRINITY AVENUE
                           Southbound                          Westbound                     Northbound                          Eastbound
     Start Time    Left   Thru Right    App. Total   Left     Thru Right App. Total  Left   Thru Right    App. Total   Left     Thru Right App. Total   Int. Total
       06:00 AM       0     44      9         53        0        0      0         0    47     65      0        112        7        0     21       28         193
       06:15 AM       0     51      9         60        0        1      0         1    51     87      2        140       15        1     23       39         240
       06:30 AM       0     74      9         83        0        0      0         0    55    166      0        221       13        0     27       40         344
       06:45 AM       0     94     12        106        1        0      0         1    67    204      0        271       13        0     20       33         411
          Total       0    263     39        302        1        1      0         2   220    522      2        744       48        1     91      140        1188

       07:00 AM       0     59     0          59       0        0      0        0     31     99      1         131       6        0      15       21         211
       07:15 AM       0     75     1          76       3        0      2        5     37    113      0         150      10        0      24       34         265
       07:30 AM       0     80     5          85       6        0      0        6     37    152      2         191       7        0      27       34         316
       07:45 AM       0     86     3          89       0        0      0        0     76    219      2         297      19        0      20       39         425
          Total       0    300     9         309       9        0      2       11    181    583      5         769      42        0      86      128        1217

       08:00 AM       0     86     5          91       0        1      2        3     44    144      4         192      11        0      21       32         318
       08:15 AM       0     82     4          86       1        1      1        3     21    115      2         138       5        0      17       22         249
       08:30 AM       1     66     1          68       2        2      3        7     27     94      4         125       6        1      11       18         218
       08:45 AM       0     94    10         104       1        0      0        1     26     90      5         121       5        0      24       29         255
          Total       1    328    20         349       4        4      6       14    118    443     15         576      27        1      73      101        1040

       09:00 AM       0     58     8          66       2        0      2        4     25     82      3         110       5        0      17       22         202
       09:15 AM       1     83     5          89       4        0      0        4     23     94      0         117       7        0      27       34         244
       09:30 AM       1     72    11          84       0        0      0        0     20     73      1          94       7        1      27       35         213
       09:45 AM       0     83     4          87       5        0      1        6     22     92      3         117       7        0      32       39         249
          Total       2    296    28         326      11        0      3       14     90    341      7         438      26        1     103      130         908

       10:00 AM       1     78     4          83       1        0      1        2     15     77      1          93      11        0      24       35         213
       10:15 AM       0     62     3          65       1        0      1        2     12     77      0          89       4        0      27       31         187
       10:30 AM       0     90     5          95       0        0      0        0     17     74      1          92       6        0      22       28         215
       10:45 AM       0     89    10          99       1        1      3        5     20     78      0          98       7        0      16       23         225
          Total       1    319    22         342       3        1      5        9     64    306      2         372      28        0      89      117         840

       11:00 AM       0     84    15          99       2        1      0        3     14     89      3         106       6        1      33       40         248
       11:15 AM       0     91     7          98       1        1      1        3     26     80      2         108       9        0      23       32         241
       11:30 AM       0     79     7          86       3        0      0        3     17     82      1         100       7        1      37       45         234
       11:45 AM       1    119     6         126       0        0      0        0     23     95      0         118       6        2      46       54         298
          Total       1    373    35         409       6        2      1        9     80    346      6         432      28        4     139      171        1021

       12:00 PM       0    107     9         116       3        0      1        4     26     92      0         118      17        1      53       71         309
       12:15 PM       0    100     8         108       1        1      0        2     39     78      1         118       3        0      31       34         262
       12:30 PM       3     86     5          94       1        6      1        8     32     78      2         112      13       18      33       64         278
       12:45 PM       1     92    13         106       4        2      1        7     28    110      2         140       5        0      23       28         281
          Total       4    385    35         424       9        9      3       21    125    358      5         488      38       19     140      197        1130

       01:00 PM       1    107     5         113       1        0      0        1     26    124      0         150       6        1      33       40         304
       01:15 PM       1     78     3          82       2        0      0        2     26    101      3         130       3        0      18       21         235
       01:30 PM       0    100     4         104       2        2      1        5     18    110      3         131      10        1      32       43         283
       01:45 PM       0     95     7         102       0        0      0        0     26     97      0         123       4        0      22       26         251
          Total       2    380    19         401       5        2      1        8     96    432      6         534      23        2     105      130        1073

       02:00 PM       2    123     6         131       0        0      0        0     25     80      1         106       4        0      26       30         267
       02:15 PM       0     82    12          94       0        0      1        1     29     81      0         110       6        0      37       43         248
       02:30 PM       1    129     7         137       2        0      1        3     22    103      2         127       9        0      51       60         327
       02:45 PM       1     91     8         100       0        0      2        2     19    110      2         131       4        0      38       42         275
          Total       4    425    33         462       2        0      4        6     95    374      5         474      23        0     152      175        1117

       03:00 PM       1     96     3         100       2        1      4        7     25     98      2         125       9        1      38       48         280
       03:15 PM       0    101     3         104       0        0      1        1     18    101      0         119       6        1      19       26         250
       03:30 PM       0    234    13         247       2        1      1        4     27    118      0         145       8        2      67       77         473
       03:45 PM       0    145    12         157       2        0      1        3     19     94      1         114      21        0      74       95         369
          Total       1    576    31         608       6        2      7       15     89    411      3         503      44        4     198      246        1372

       04:00 PM       2    141     7         150       4        0      1        5     14     98      2         114       8        0      35       43         312
       04:15 PM       0    145    10         155       2        0      2        4     25     89      1         115      10        0      44       54         328
       04:30 PM       0    227    11         238       1        0      0        1     17    119      1         137      16        0      56       72         448
       04:45 PM       0    118    10         128       6        0      1        7     12    109      0         121       7        0      62       69         325
          Total       2    631    38         671      13        0      4       17     68    415      4         487      41        0     197      238        1413

       05:00 PM       0    243     8         251       6        0      1        7     11    117      1         129      21        0     144      165         552
       05:15 PM       0    142     6         148       2        2      0        4     14    100      0         114       6        0      44       50         316
       05:30 PM       0    121     7         128       1        0      0        1     12     87      1         100       3        0      36       39         268
       05:45 PM       0     77     1          78       3        0      0        3     11     79      1          91       2        0      21       23         195
          Total       0    583    22         605      12        2      1       15     48    383      3         434      32        0     245      277        1331

     Grand Total     18   4859    331       5208       81      23     37      141   1274   4914     63        6251      400      32    1618     2050       13650
        Apprch %    0.3   93.3    6.4                57.4    16.3   26.2            20.4   78.6      1                 19.5     1.6    78.9
         Total %    0.1   35.6    2.4       38.2      0.6     0.2    0.3        1    9.3     36    0.5        45.8      2.9     0.2    11.9       15
            Cars     13   4381    281       4675       52      18     24       94   1071   4408     51        5530      331      26    1423     1780       12079
          % Cars   72.2   90.2   84.9       89.8     64.2    78.3   64.9     66.7   84.1   89.7     81        88.5     82.8    81.2    87.9     86.8        88.5
          Trucks      5    478     50        533       29       5     13       47    203    506     12         721       69       6     195      270        1571
        % Trucks   27.8    9.8   15.1       10.2     35.8    21.7   35.1     33.3   15.9   10.3     19        11.5     17.2    18.8    12.1     13.2        11.5
                                                              City of High Point
                                                         Department of Transportation
                                                             Summer Count Program
AA
                                                                High Point, NC
Counted By: Benjamin Scoggin &                                                                                       File Name    :   GrnTrnty
Stephen Huntley                                                                                                      Site Code    :   00000027
Weather: Clear                                                                                                       Start Date   :   6/20/2006
                                                                                                                     Page No      :   2

                                                                   GREEN DRIVE
                                                               Out      In    Total
                                                               4763    4675    9438
                                                                588      533   1121
                                                               5351    5208   10559


                                                                  281 4381       13
                                                                   50  478          5
                                                                  331 4859       18
                                                                Right Thru     Left
                                     528
                                    3150

                                    3678
                                   Total




                                                                                                      Out
                                                                                                       113
                                            400
                                             69
                                            331




                                                                                        Right Thru




                                                                                                        23
                                                                                                        90
                                           Left




                                                                                                        TRINITY AVENUE
                     TRINITY AVENUE




                                                                       North




                                                                                           37
                                                                                           13
                                                                                           24
                             270
                            1780

                            2050




                                                              6/20/2006 06:00 AM
                                                    32
                                                     6
                                                   26


                                           Right Thru
                             In




                                                                                                               In
                                                                                                               141
                                                              6/20/2006 05:45 PM




                                                                                                23

                                                                                                18



                                                                                                                 47
                                                                                                                 94
                                                                                                  5
                                                              Cars
                                           1618
                                             195
                                           1423




                                                                                        Left
                     258
                    1370

                    1628




                                                              Trucks
                    Out




                                                                                                                     Total
                                                                                          81
                                                                                          29
                                                                                          52


                                                                                                                       254

                                                                                                                       184
                                                                                                                        70
                                                                Left Thru Right
                                                                1071 4408    51
                                                                 203  506    12
                                                                1274 4914    63


                                                               5856    5530   11386
                                                                702      721   1423
                                                               6558    6251   12809
                                                               Out      In    Total
                                                                   GREEN DRIVE
                                                              City of High Point
                                                         Department of Transportation
                                                             Summer Count Program
AA
                                                                High Point, NC
Counted By: Benjamin Scoggin &                                                                                            File Name        :   GrnTrnty
Stephen Huntley                                                                                                           Site Code        :   00000027
Weather: Clear                                                                                                            Start Date       :   6/20/2006
                                                                                                                          Page No          :   3


                        GREEN DRIVE                  TRINITY AVENUE                   GREEN DRIVE                     TRINITY AVENUE
                         Southbound                     Westbound                      Northbound                        Eastbound
   Start Time    Left   Thru Right App. Total   Left   Thru Right App. Total   Left   Thru Right    App. Total   Left   Thru Right App.   Total   Int. Total
Peak Hour Analysis From 06:00 AM to 09:45 AM - Peak 1 of 1
Peak Hour for Entire Intersection Begins at 07:15 AM
      07:15 AM      0     75      1       76       3      0      0         5     37    113      0        150       10      0     24        34          265
      07:30 AM      0     80     80       85      85      0      0         0     37    152      2        191        7      0      0        34          316
      07:45 AM      0      0      3       89       0      0      0         0      0      0      2          2        2      0     20        20           20
      08:00 AM      0     86      5         5      0      0      2         3     44    144    144        192       11      0     21        32          318
  Total Volume      0    327     14      341       9      1      4       14     194    628      8        830       47      0     92       139         1324
  % App. Total      0   95.9    4.1             64.3    7.1   28.6             23.4   75.7      1                33.8      0   66.2
           PHF   .000   .951   .700     .937    .375   .250   .500     .583    .638   .717   .500       .699     .618   .000   .852       .891        .779

Peak Hour Analysis From 10:00 AM to 01:45 PM - Peak 1 of 1
Peak Hour for Entire Intersection Begins at 11:45 AM
      11:45 AM      1      1      6        6       0      0      0        0      23     23      0          0        6      2     46        54          298
      12:00 PM      0    107    107      116     116      0      0        4      26     92      0        118      118      1      1         1            1
      12:15 PM      0    100      8      108       1      1      0        2       2     78      1        118        3      0     31        34          262
      12:30 PM    262     86      5       94       1      1      1        1      32     78     78        112       13     13     33        64          278
  Total Volume      4    412     28      444       5      7      2       14     120    343      3        466       39     21    163       223         1147
  % App. Total    0.9   92.8    6.3             35.7     50   14.3             25.8   73.6    0.6                17.5    9.4   73.1
           PHF   .333   .866   .778     .881    .417   .292   .500     .438    .769   .903   .375       .987     .574   .292   .769       .785        .928

Peak Hour Analysis From 02:00 PM to 05:45 PM - Peak 1 of 1
Peak Hour for Entire Intersection Begins at 04:15 PM
      04:15 PM      0    145     10      155       2      0      0        4       4     89     89        115       10      0     44        54          328
      04:30 PM      0    227    227      238       1      0      0        1      17     17      1          1       16      0     56        72          448
      04:45 PM      0    118     10      128     128      0      1        1      12    109      0        121        7      0     62        69          325
      05:00 PM      0      0      8        8       6      0      1        7      11    117      1        129      129      0      0         0            0
  Total Volume      0    733     39      772      15      0      4       19      65    434      3        502       54      0    306       360         1653
  % App. Total      0   94.9    5.1             78.9      0   21.1             12.9   86.5    0.6                  15      0     85
           PHF   .000   .754   .886     .769    .625   .000   .500     .679    .650   .912   .750       .916     .643   .000   .531       .545        .749
