                                                                  City of High Point
                                                             Department of Transportation
                                                                 Summer Count Program
AA
                                                                    High Point, NC
Counted By: Stephen Huntley &                                                                                          File Name      :     HartlyOldWinstn
Benjamin Scoggin                                                                                                       Site Code      :     00000012
Weather: Clear                                                                                                         Start Date     :     6/8/2006
                                                                                                                       Page No        :     1


                                                                Groups Printed- Cars - Trucks
                          OLD WINSTON ROAD                 HARTLEY DRIVE                OLD WINSTON ROAD                    HARTLEY DRIVE
                             Southbound                      Westbound                      Northbound                        Eastbound
     Start Time    Left     Thru Right App. Total   Left    Thru Right App. Total  Left    Thru Right App.   Total   Left    Thru Right     App. Total   Int. Total
       06:00 AM       3       13      0       16       2       7      1       10      4       1      2          7       0       5      2            7          40
       06:15 AM       5       12      7       24       2       9      4       15      1       4      3          8       1      14      1           16          63
       06:30 AM       2       24      9       35       5      17      2       24      4      13      4         21       0      27      2           29         109
       06:45 AM       6       20     12       38       9      25      3       37      2      15      5         22       4      17      6           27         124
          Total      16       69     28      113      18      58     10       86     11      33     14         58       5      63     11           79         336

       07:00 AM       6       26      6       38      8       24      8       40      5     22     12          39      3      31      1           35          152
       07:15 AM       8       31     11       50      8       33     10       51     11     33     16          60      6      32      9           47          208
       07:30 AM      14       56     25       95     25       44      8       77      7     32     21          60      9      54      6           69          301
       07:45 AM      10       64     38      112     27       57      6       90     11     28     16          55      7      55      6           68          325
          Total      38      177     80      295     68      158     32      258     34    115     65         214     25     172     22          219          986

       08:00 AM       8       23     15       46     14       46      5       65      3     32     12          47     15      43      0           58          216
       08:15 AM      11       30     10       51     15       49      3       67      7     25      5          37     10      52     10           72          227
       08:30 AM       5       28     19       52     12       49      7       68     13     29     14          56      6      40      5           51          227
       08:45 AM      10       31     18       59     13       40      6       59      5     27      7          39     12      44     10           66          223
          Total      34      112     62      208     54      184     21      259     28    113     38         179     43     179     25          247          893

       09:00 AM       6       22     10       38      7       47      4       58      6     21     14          41     11      50      3           64          201
       09:15 AM       7       28     17       52      5       61      0       66      5     24      9          38     12      45      8           65          221
       09:30 AM       6       31     11       48     12       56      4       72     12     29      8          49     11      53      9           73          242
       09:45 AM       6       25     13       44      8       55      7       70     13     28     11          52      9      63      5           77          243
          Total      25      106     51      182     32      219     15      266     36    102     42         180     43     211     25          279          907

       10:00 AM       7       35     31       73      5       54     12       71     12     14     14          40      6      42      5           53          237
       10:15 AM      10       32     24       66     16       67      2       85      7     23     10          40     19      48      7           74          265
       10:30 AM      10       36     16       62     15       73      9       97     13     27      7          47      9      54     13           76          282
       10:45 AM       7       33     13       53     10       67      5       82     10     35      8          53     20      76      9          105          293
          Total      34      136     84      254     46      261     28      335     42     99     39         180     54     220     34          308         1077

       11:00 AM       5       32     16       53     15       58      3       76      8     35     13          56     26      58     14           98          283
       11:15 AM       3       27     14       44     14       65      5       84      8     34     12          54     16      69     14           99          281
       11:30 AM       3       22     15       40     14       74      9       97      8     39     14          61     12      64     13           89          287
       11:45 AM       9       27     25       61     12       97      6      115     16     49     19          84     18      61     14           93          353
          Total      20      108     70      198     55      294     23      372     40    157     58         255     72     252     55          379         1204

       12:00 PM       7       24     23       54     12      105      6      123     15     47     16          78     12      66     14           92          347
       12:15 PM      10       45     27       82     15       95      3      113     19     47     12          78     18      75     14          107          380
       12:30 PM      11       34     18       63     22       78     12      112     19     43      8          70      9      80     18          107          352
       12:45 PM       7       36     20       63     19       91      5      115     15     37     17          69     26      89     17          132          379
          Total      35      139     88      262     68      369     26      463     68    174     53         295     65     310     63          438         1458

       01:00 PM       5       28     16       49     23       94      6      123     13     46     15          74     12      89     12          113          359
       01:15 PM       8       29     18       55     16       71      5       92     18     29     18          65     13      71     19          103          315
       01:30 PM      12       39     12       63     11       79      7       97     19     50     20          89     13      79     16          108          357
       01:45 PM       5       34     14       53     17       97      9      123     12     28     21          61     21      82     14          117          354
          Total      30      130     60      220     67      341     27      435     62    153     74         289     59     321     61          441         1385

       02:00 PM       8       33     13       54     12       71     13       96     15     32     22          69     15      75      7           97          316
       02:15 PM      12       37     12       61     15       93      7      115      7     41     12          60     15      77     21          113          349
       02:30 PM      11       35     18       64     21       66      6       93     16     55     19          90     17      67      8           92          339
       02:45 PM      12       31     19       62     19       84      5      108     12     41     23          76     13      70     16           99          345
          Total      43      136     62      241     67      314     31      412     50    169     76         295     60     289     52          401         1349

       03:00 PM       8       40     25       73     13       94     10      117     15     37     19          71     19      70     16          105          366
       03:15 PM       1       32     16       49     16       85      5      106     17     37     14          68     18      71     11          100          323
       03:30 PM      11       32     22       65     18       91      9      118     15     40     15          70     25      81     11          117          370
       03:45 PM       7       26      4       37     13       80     11      104      8     43      6          57     12      68     10           90          288
          Total      27      130     67      224     60      350     35      445     55    157     54         266     74     290     48          412         1347

       04:00 PM       5       28     16       49     15       71      5       91     10     41     16          67     13      67     10           90          297
       04:15 PM       4       35     14       53     24       94     10      128     13     40     17          70     16      73     12          101          352
       04:30 PM       5       33      7       45     22       99      4      125      8     44     19          71     11      68     11           90          331
       04:45 PM       4       48     14       66     21      107     12      140     14     59     13          86     12      67     16           95          387
          Total      18      144     51      213     82      371     31      484     45    184     65         294     52     275     49          376         1367

       05:00 PM       9       44     22       75     19       92      5      116     16     68     27         111     10      67      7           84          386
       05:15 PM       5       32     30       67     26      134     10      170     23     66     17         106     28      93     16          137          480
       05:30 PM       5       42     16       63     21      124      9      154     19     77     23         119     27      88     10          125          461
       05:45 PM       7       43     23       73     16      116     13      145     16     54     35         105     18      83     16          117          440
          Total      26      161     91      278     82      466     37      585     74    265    102         441     83     331     49          463         1767

     Grand Total    346     1548    794     2688     699    3385    316     4400    545   1721    680        2946     635    2913    494        4042        14076
        Apprch %   12.9     57.6   29.5             15.9    76.9    7.2            18.5   58.4   23.1                15.7    72.1   12.2
         Total %    2.5       11    5.6     19.1       5      24    2.2     31.3    3.9   12.2    4.8        20.9     4.5    20.7    3.5        28.7
            Cars    331     1536    784     2651     684    3330    304     4318    536   1682    669        2887     632    2867    481        3980        13836
          % Cars   95.7     99.2   98.7     98.6    97.9    98.4   96.2     98.1   98.3   97.7   98.4          98    99.5    98.4   97.4        98.5         98.3
          Trucks     15       12     10       37      15      55     12       82      9     39     11          59       3      46     13          62          240
        % Trucks    4.3      0.8    1.3      1.4     2.1     1.6    3.8      1.9    1.7    2.3    1.6           2     0.5     1.6    2.6         1.5          1.7
                                                             City of High Point
                                                        Department of Transportation
                                                            Summer Count Program
AA
                                                               High Point, NC
Counted By: Stephen Huntley &                                                                       File Name             :   HartlyOldWinstn
Benjamin Scoggin                                                                                    Site Code             :   00000012
Weather: Clear                                                                                      Start Date            :   6/8/2006
                                                                                                    Page No               :   2

                                                              OLD WINSTON ROAD
                                                              Out     In    Total
                                                              2618   2651    5269
                                                                54      37     91
                                                              2672   2688    5360


                                                                 784 1536       331
                                                                  10    12       15
                                                                 794 1548       346
                                                               Right Thru      Left
                                    136
                                   8630

                                   8766
                                   Total




                                                                                                    3939

                                                                                                    3867
                                                                                                    Out
                                            635
                                                3
                                            632




                                                                                       Right Thru




                                                                                                      72
                                           Left




                                                                                                      HARTLEY DRIVE
                     HARTLEY DRIVE




                                                                                         316 3385

                                                                                         304 3330
                                                                       North




                                                                                          12
                              62
                           3980

                           4042




                                                              6/8/2006 06:00 AM
                                             494 2913
                                                   46
                                             481 2867


                                           Right Thru
                            In




                                                                                                           4400

                                                                                                           4318
                                                                                                            In
                                                              6/8/2006 05:45 PM




                                                                                               55




                                                                                                              82
                                                              Cars
                                              13




                                                                                       Left
                      74
                    4650

                    4724




                                                                                        699

                                                                                        684
                                                              Trucks
                    Out




                                                                                                                  Total
                                                                                         15



                                                                                                                   8339

                                                                                                                   8185
                                                                                                                    154
                                                                Left   Thru Right
                                                                 536 1682     669
                                                                     9   39    11
                                                                 545 1721     680


                                                              2701   2887    5588
                                                                40      59     99
                                                              2741   2946    5687
                                                              Out     In    Total
                                                              OLD WINSTON ROAD
                                                                   City of High Point
                                                              Department of Transportation
                                                                  Summer Count Program
AA
                                                                     High Point, NC
Counted By: Stephen Huntley &                                                                                               File Name      :     HartlyOldWinstn
Benjamin Scoggin                                                                                                            Site Code      :     00000012
Weather: Clear                                                                                                              Start Date     :     6/8/2006
                                                                                                                            Page No        :     3


                      OLD WINSTON ROAD                HARTLEY DRIVE                          OLD WINSTON ROAD                    HARTLEY DRIVE
                         Southbound                     Westbound                                Northbound                        Eastbound
   Start Time    Left   Thru Right App. Total   Left   Thru Right          App. Total   Left    Thru Right App.   Total   Left    Thru Right     App. Total   Int. Total
Peak Hour Analysis From 06:00 AM to 09:45 AM - Peak 1 of 1
Peak Hour for Entire Intersection Begins at 07:30 AM
                      Tot.
        07:30 AM                 56      25     95     25     44     44           77      7       7      7           7      9      54      6            69         301
                    Volume|
         07:45 AM     10        10        10    10      10     10      6          6        6     28     16          55       7       7      6          68           68
         08:00 AM      8        23        15    46      14     46      5         65        3     32     12          47      47      43      0          58          216
         08:15 AM     11        30        10    51      15     49      3         67        7     25      5          37      10      52     52          52          227
     Total Volume     43       173        88   304      81    196     22        299       28    117     54         199      41     204     22         267         1069
     % App. Total   14.1      56.9      28.9          27.1   65.6    7.4                14.1   58.8   27.1                15.4    76.4    8.2
              PHF   .768      .676      .579   .679   .750   .860   .688       .831     .636   .914   .643        .829    .683    .927   .550        .927         .822

Peak Hour Analysis From 10:00 AM to 01:45 PM - Peak 1 of 1
Peak Hour for Entire Intersection Begins at 12:15 PM
      12:15 PM     10     10     10       10      15     15            3        113      113    113     12          12      18      75     14         107          107
      12:30 PM    107     34     18       63      22     78           78        112       19     43      8          70       9      80     80         107          352
      12:45 PM      7     36     20       63      19     91            5        115       15     37     37          69      69      69     17          17          379
      01:00 PM      5     28     16       49      49     94            6          6       13     46     15          74      12      89     12         113          359
  Total Volume     33    143     81      257      79    358           26        463       66    173     52         291      65     333     61         459         1470
  % App. Total   12.8   55.6   31.5             17.1   77.3          5.6                22.7   59.5   17.9                14.2    72.5   13.3
           PHF   .750   .794   .750     .784    .859   .942         .542       .941     .868   .920   .765        .933    .625    .935   .847        .869         .967

Peak Hour Analysis From 02:00 PM to 05:45 PM - Peak 1 of 1
Peak Hour for Entire Intersection Begins at 05:00 PM
                      Tot.      Tot.
        05:00 PM                         22     22     19     92      5         116      16      68     27         111     10      67      7            84         386
                    Volume|   Volume|
         05:15 PM      5        32        32    67      67     67     10         10       10     66     17         106     106     106    106         106          106
         05:30 PM      5        42        16    63      21    124      9        154       19     19     23          23      27      88     10         125          461
         05:45 PM      7        43        23    73      16    116    116        145       16     54     54         105      18      83     16         117          440
     Total Volume     26       161        91   278      82    466     37        585       74    265    102         441      83     331     49         463         1767
     % App. Total    9.4      57.9      32.7            14   79.7    6.3                16.8   60.1   23.1                17.9    71.5   10.6
              PHF   .722      .915      .758   .927   .788   .869   .712       .860     .804   .860   .729        .926    .741    .890   .766        .845         .920
