                                                                    City of High Point
                                                               Department of Transportation
                                                                   Summer Count Program
AA
                                                                      High Point, NC
Counted By: Leon Chidester &                                                                                                    File Name        :   JulianMain
Kimberly Blackburn                                                                                                              Site Code        :   00000052
Weather: Clear                                                                                                                  Start Date       :   7/11/2006
                                                                                                                                Page No          :   1


                                                                  Groups Printed- Cars - Trucks
                          JULIAN AVENUE                       MAIN STREET                  JULIAN AVENUE                       MAIN STREET
                            Southbound                         Westbound                     Northbound                         Eastbound
     Start Time    Left    Thru Right     App. Total   Left   Thru Right App. Total  Left   Thru Right     App. Total   Left   Thru Right    App. Total   Int. Total
       06:00 AM       7      15      2          24        4      3      7       14      3     26     12          41        7     10      0         17           96
       06:15 AM      11      21     13          45        5      7      6       18      3     36     20          59       11     21      1         33          155
       06:30 AM      40      37     23         100        6     11      8       25      3     52     27          82       11     50      3         64          271
       06:45 AM      45      38     14          97        5     19      8       32      2     47     17          66        9     27      3         39          234
          Total     103     111     52         266       20     40     29       89     11    161     76         248       38    108      7        153          756

       07:00 AM      13     28      4           45      12     12     20       44      1     62     14           77       7     16      3          26          192
       07:15 AM      12     31     10           53       2     11      9       22      1     80     17           98       9     19      3          31          204
       07:30 AM      19     37     21           77       9     22     11       42      0     90     24          114      17     23      1          41          274
       07:45 AM      17     41     25           83       4     30      7       41      6     81     19          106      20     29      1          50          280
          Total      61    137     60          258      27     75     47      149      8    313     74          395      53     87      8         148          950

       08:00 AM       9     50     21           80       9     26     13       48      4     84     18          106      15     12      0            27        261
       08:15 AM       9     22      8           39       6     12      1       19      0     37      1           38       8      7      1            16        112
       08:30 AM       4     15      6           25       4     10      5       19      0     25      3           28       3      9      3            15         87
       08:45 AM       4     12      5           21       3      5      0        8      5     22      1           28       5      2      0             7         64
          Total      26     99     40          165      22     53     19       94      9    168     23          200      31     30      4            65        524

       09:00 AM       6     28      8           42       7     14     13       34      1     45     10           56      16      7      2          25          157
       09:15 AM       7     46     13           66       3      5     11       19      1     53      8           62      10     11      0          21          168
       09:30 AM       7     46      6           59       5      6     12       23      1     51     10           62      14     12      2          28          172
       09:45 AM      13     34      8           55       3     17      8       28      5     55      7           67      12     14      2          28          178
          Total      33    154     35          222      18     42     44      104      8    204     35          247      52     44      6         102          675

       10:00 AM       9     54     19           82       3      8      0       11      0     50      9           59      15      6      0            21        173
       10:15 AM       5     51      6           62      11     10      9       30      4     46      8           58      14     16      3            33        183
       10:30 AM       7     34     16           57       9     14      0       23      3     62     11           76      12     13      1            26        182
       10:45 AM       6     17      3           26       1      9      0       10      1     15     12           28       5     11      1            17         81
          Total      27    156     44          227      24     41      9       74      8    173     40          221      46     46      5            97        619

       11:00 AM      13     54     16           83       7     14     11       32      2     47     12           61      14     10      3          27          203
       11:15 AM      14     53     11           78       8     11     14       33      0     48     11           59      14     16      1          31          201
       11:30 AM      13     54     11           78      12     17     21       50      2     53     12           67       7     18      6          31          226
       11:45 AM      11     53     13           77       4     14     15       33      3     55     13           71      17     19      7          43          224
          Total      51    214     51          316      31     56     61      148      7    203     48          258      52     63     17         132          854

       12:00 PM      11     43     13           67      14     16      2       32      2     40      8           50      28     19     10          57          206
       12:15 PM      29     59     18          106      17     22     11       50      2     48      7           57      15      9      2          26          239
       12:30 PM      18     56     18           92       8     17     11       36      4     68      9           81      17     11      2          30          239
       12:45 PM      12     60     27           99      13      8      9       30      8     50      9           67      25     17      1          43          239
          Total      70    218     76          364      52     63     33      148     16    206     33          255      85     56     15         156          923

       01:00 PM      13     75     20          108      15     16     12       43      5     66     12           83      13     12      2          27          261
       01:15 PM       6     55     22           83      14     13     13       40      3     61     11           75      21     19      7          47          245
       01:30 PM      11     58     13           82       7     11     15       33      3     56     14           73       8     14      1          23          211
       01:45 PM      20     67     16          103       8     12     12       32      3     70      6           79      21     15      7          43          257
          Total      50    255     71          376      44     52     52      148     14    253     43          310      63     60     17         140          974

       02:00 PM      10     56      7           73      10     20      7       37      1     58     14           73      15     15      5          35          218
       02:15 PM      13     53     11           77      14     13     11       38      1     48      6           55      13     19      4          36          206
       02:30 PM      13     36     13           62      12     22     13       47      4     31      6           41      12     10      0          22          172
       02:45 PM       5     48     12           65       7     16      7       30      3     38      5           46      10     10      3          23          164
          Total      41    193     43          277      43     71     38      152      9    175     31          215      50     54     12         116          760

       03:00 PM       9     53     11           73      11     16     17       44      1     57     12           70      16     15      5          36          223
       03:15 PM      19     87     11          117       5     16     20       41      0     63     14           77      13     10      3          26          261
       03:30 PM      16     87     18          121      22     38     37       97      7     80      9           96      33     30      7          70          384
       03:45 PM      14     87     24          125      13     26     16       55      0     69     14           83      21     18      3          42          305
          Total      58    314     64          436      51     96     90      237      8    269     49          326      83     73     18         174         1173

       04:00 PM       5     67     17           89      14     20      2       36      0     65     19           84      18     13      2          33          242
       04:15 PM      12     80     17          109      17     26      9       52      5     63      7           75      15     11      2          28          264
       04:30 PM      11     66      8           85       9     17     18       44      2     40      6           48      14     12      1          27          204
       04:45 PM      16     65     11           92      12     14      1       27      1     33      9           43      12      4      3          19          181
          Total      44    278     53          375      52     77     30      159      8    201     41          250      59     40      8         107          891

       05:00 PM      15    100     19          134      15     23      9       47      3     68     13           84      23     41      5          69          334
       05:15 PM      11    115     19          145      18     29      7       54      2     68      8           78      31     20      5          56          333
       05:30 PM      12    106     15          133      13     19     15       47      0     62      9           71      20     19      4          43          294
       05:45 PM      14     92     19          125       5     18     21       44      1     63     15           79      11     12      5          28          276
          Total      52    413     72          537      51     89     52      192      6    261     45          312      85     92     19         196         1237

     Grand Total    616    2542    661        3819      435    755    504    1694    112   2587    538         3237      697    753    136       1586        10336
        Apprch %   16.1    66.6   17.3                 25.7   44.6   29.8            3.5   79.9   16.6                  43.9   47.5    8.6
         Total %      6    24.6    6.4        36.9      4.2    7.3    4.9    16.4    1.1     25    5.2         31.3      6.7    7.3    1.3       15.3
            Cars    603    2496    651        3750      416    730    483    1629    106   2536    511         3153      685    727    130       1542        10074
          % Cars   97.9    98.2   98.5        98.2     95.6   96.7   95.8    96.2   94.6     98     95         97.4     98.3   96.5   95.6       97.2         97.5
          Trucks     13      46     10          69       19     25     21      65      6     51     27           84       12     26      6         44          262
        % Trucks    2.1     1.8    1.5         1.8      4.4    3.3    4.2     3.8    5.4      2      5          2.6      1.7    3.5    4.4        2.8          2.5
                                                             City of High Point
                                                        Department of Transportation
                                                            Summer Count Program
AA
                                                               High Point, NC
Counted By: Leon Chidester &                                                                                    File Name    :   JulianMain
Kimberly Blackburn                                                                                              Site Code    :   00000052
Weather: Clear                                                                                                  Start Date   :   7/11/2006
                                                                                                                Page No      :   2

                                                                 JULIAN AVENUE
                                                              Out       In   Total
                                                              3704     3750   7454
                                                                84        69   153
                                                              3788     3819   7607


                                                                 651 2496      603
                                                                  10    46      13
                                                                 661 2542      616
                                                               Right Thru     Left
                                      85
                                   3029

                                   3114
                                   Total




                                                                                                    1907

                                                                                                    1841
                                                                                                    Out
                                            697
                                             12
                                            685




                                                                                       Right Thru




                                                                                                      66
                                           Left




                                                                                         504

                                                                                         483
                                                                      North




                                                                                                        MAIN STREET
                       MAIN STREET




                                                                                          21
                                44
                             1542

                             1586




                                                             7/11/2006 06:00 AM
                                                  753
                                                   26
                                                  727


                                           Right Thru
                              In




                                                                                                            1694

                                                                                                            1629
                                                                                                             In
                                                                                              755

                                                                                              730
                                                             7/11/2006 05:45 PM




                                                                                               25




                                                                                                               65
                                                             Cars
                                             136
                                               6
                                             130




                                                                                       Left
                      41
                    1487

                    1528




                                                                                        435

                                                                                        416
                                                             Trucks
                    Out




                                                                                                                    Total
                                                                                         19



                                                                                                                    3601

                                                                                                                    3470
                                                                                                                     131
                                                               Left   Thru Right
                                                                106 2536     511
                                                                    6   51    27
                                                                112 2587     538


                                                              3042     3153   6195
                                                                71        84   155
                                                              3113     3237   6350
                                                              Out       In   Total
                                                                 JULIAN AVENUE
                                                                City of High Point
                                                           Department of Transportation
                                                               Summer Count Program
AA
                                                                  High Point, NC
Counted By: Leon Chidester &                                                                                                     File Name        :   JulianMain
Kimberly Blackburn                                                                                                               Site Code        :   00000052
Weather: Clear                                                                                                                   Start Date       :   7/11/2006
                                                                                                                                 Page No          :   3


                       JULIAN AVENUE                   MAIN STREET                          JULIAN AVENUE                       MAIN STREET
                         Southbound                     Westbound                             Northbound                         Eastbound
   Start Time    Left   Thru Right App. Total   Left   Thru Right       App. Total   Left    Thru Right     App. Total   Left   Thru Right    App. Total   Int. Total
Peak Hour Analysis From 06:00 AM to 09:45 AM - Peak 1 of 1
Peak Hour for Entire Intersection Begins at 07:15 AM
      07:15 AM     12     31     10       53       2     11      9            22        1      80     17          98        9     19     19         31          204
      07:30 AM    204     37     21       77      77     22     11            42        0       0      0           0       17     23      1         41          274
      07:45 AM     17     41     41       41       4      4      7            41       41      81     19         106      106    106      1          1            1
      08:00 AM      9      9     21       80       9     26     26            26        4      84     18         106       15     12      0         27          261
  Total Volume     57    159     77      293      24     89     40           153       11     335     78         424       61     83      5        149         1019
  % App. Total   19.5   54.3   26.3             15.7   58.2   26.1                    2.6      79   18.4                 40.9   55.7    3.4
           PHF   .750   .795   .770     .883    .667   .742   .769          .797     .458    .931   .813        .930     .763   .716   .417       .745         .910

Peak Hour Analysis From 10:00 AM to 01:45 PM - Peak 1 of 1
Peak Hour for Entire Intersection Begins at 12:30 PM
                      Tot.
        12:30 PM               56     18     92      8      8     11           36      4       4      9            81     17     11      2            30        239
                    Volume|
         12:45 PM     12        60     60    99      13      8      9         30       30      50      9          67       67     17      1         43          239
         01:00 PM     13        13     20    20      20     16     12         12        5      66     66          66       13     12      2         27           27
         01:15 PM      6        55     22    83      14     13     13         40        3      61     11          75       21     21     21         21          245
     Total Volume     49       246     87   382      50     54     45        149       20     245     41         306       76     59     12        147          984
     % App. Total   12.8      64.4   22.8          33.6   36.2   30.2                 6.5    80.1   13.4                 51.7   40.1    8.2
              PHF   .681      .820   .806   .884   .833   .794   .865       .866     .625    .901   .854        .922     .760   .776   .429       .782         .943

Peak Hour Analysis From 02:00 PM to 05:45 PM - Peak 1 of 1
Peak Hour for Entire Intersection Begins at 05:00 PM
                      Tot.
        05:00 PM              100    100    134     15     23      9           47     47      47     13            13     23     23     23            23          23
                    Volume|
         05:15 PM     11        11     19    19      19     19      7          7        2      68      8          78       78     20      5         56          333
         05:30 PM     12       106     15   133      13     19     15         47        0      62      9          71       20     19      4         43          294
         05:45 PM     14        92     19   125       5     18     18         44        1      63     63          79       11     12      5         28          276
     Total Volume     52       413     72   537      51     89     52        192        6     261     45         312       85     92     19        196         1237
     % App. Total    9.7      76.9   13.4          26.6   46.4   27.1                 1.9    83.7   14.4                 43.4   46.9    9.7
              PHF   .867      .898   .947   .926   .708   .767   .619       .889     .500    .960   .750        .929     .685   .561   .950       .710         .926
