                                                                City of High Point
                                                           Department of Transportation
                                                               Summer Count Program
                                                                  High Point, NC
Counted By: Stephen Huntley &                                                                                              File Name          :    MainWard
Benjamin Scoggin                                                                                                           Site Code          :    00000006
Weather: Clear                                                                                                             Start Date         :    6/6/2006
                                                                                                                           Page No            :    1

                                                              Groups Printed- Cars - Trucks
                       MAIN STREET                        WARD AVENUE                   MAIN STREET                         WARD AVENUE
                        From North                         From East                     From South                          From West
Start Time     Right   Thru   Left   App. Total   Right   Thru   Left App. Total Right  Thru   Left   App. Total   Right    Thru   Left   App. Total   Int. Total
   06:00 AM        2     42      0         44         1      4      0          5     0    28      6         34        17       6      1           24        107
   06:15 AM        6     72      0         78         1      3      0          4     1    47      8         56        13       3      3           19        157
   06:30 AM        7     62      0         69         2      8      1        11      0   117     15        132        25       3      2           30        242
   06:45 AM        4     73      0         77         7      6      0        13      3   130     12        145        19       3      2           24        259
      Total       19    249      0        268        11     21      1        33      4   322     41        367        74      15      8           97        765

   07:00 AM       2     57      0          59        1      5      0        6      2    112     10         124       17       3      4          24          213
   07:15 AM       4     80      0          84        6      4      0       10      3    126      6         135       21       4      0          25          254
   07:30 AM       4     80      0          84        4      2      0        6      3    218      8         229       18       5      2          25          344
   07:45 AM      10     85      3          98        8      2      0       10      2    295     14         311       17       5      4          26          445
      Total      20    302      3         325       19     13      0       32     10    751     38         799       73      17     10         100         1256

   08:00 AM       9    102      1         112        7      3      2       12      1    252     14         267       18       6      5          29          420
   08:15 AM       1    112      1         114        2      2      3        7      5    204     15         224       19       5      1          25          370
   08:30 AM       2     71      2          75        6      0      0        6      0    218     14         232       14       2      6          22          335
   08:45 AM       6    101      3         110        4      1      2        7      3    215      7         225       14      10      6          30          372
      Total      18    386      7         411       19      6      7       32      9    889     50         948       65      23     18         106         1497

   09:00 AM       5     95      1         101        2      3      1        6      3    172      9         184       15       6      6          27          318
   09:15 AM      10    114      1         125        1      3      3        7      1    153     11         165       19       1      3          23          320
   09:30 AM       5    102      0         107        5      2      1        8      2    165      8         175       34       6      1          41          331
   09:45 AM       7    134      0         141        4      3      2        9      0    148      7         155       23       3      4          30          335
      Total      27    445      2         474       12     11      7       30      6    638     35         679       91      16     14         121         1304

   10:00 AM      10    111      2         123        8      2      1       11      3    144      8         155       14       3      1          18          307
   10:15 AM       7    147      1         155        5      3      3       11      1    186      9         196       26       7      4          37          399
   10:30 AM       4    125      1         130        0      5      6       11      0    176     14         190       18       6      2          26          357
   10:45 AM       9    145      1         155        0      1      3        4      1    162     13         176       25       6      5          36          371
      Total      30    528      5         563       13     11     13       37      5    668     44         717       83      22     12         117         1434

   11:00 AM      11    159      1         171        2      3      1        6      2    142      5         149       30       4      2          36          362
   11:15 AM       8    150      1         159        5      1      3        9      0    135      8         143       30       5      2          37          348
   11:30 AM       8    185      2         195        8      3      4       15      4    139      5         148       23       1      9          33          391
   11:45 AM       9    165      1         175        3      1      3        7      4    181     15         200       40       6      5          51          433
      Total      36    659      5         700       18      8     11       37     10    597     33         640      123      16     18         157         1534

   12:00 PM       9    197      1         207        8     11      3       22      0    181     11         192       41       5      8          54          475
   12:15 PM       8    177      0         185        5      4      3       12      0    172     13         185       33       6      4          43          425
   12:30 PM       4    184      2         190        6      3      3       12      7    172      4         183       26       6     12          44          429
   12:45 PM       8    157      1         166        4      5      6       15      1    207     11         219       30       2      6          38          438
      Total      29    715      4         748       23     23     15       61      8    732     39         779      130      19     30         179         1767

   01:00 PM       5    177      2         184        8      1      5       14      4    183     12         199       30       7      7          44          441
   01:15 PM       5    160      1         166        6      3      3       12      1    151     15         167       24       5      2          31          376
   01:30 PM      10    169      5         184        2      2      2        6      3    193     20         216       18       0     11          29          435
   01:45 PM      14    153      2         169        6      5      3       14      2    166     13         181       20       2      3          25          389
      Total      34    659     10         703       22     11     13       46     10    693     60         763       92      14     23         129         1641

   02:00 PM       3    155      0         158        3      5      2       10      2    164      5         171       25       4      8          37          376
   02:15 PM       6    160      0         166        4      2      1        7      0    172     11         183       30       6      2          38          394
   02:30 PM      14    195      1         210        1      7      3       11      5    204     11         220       47       1      8          56          497
   02:45 PM      14    142      0         156        1      4      2        7      2    155      9         166       35       4      3          42          371
      Total      37    652      1         690        9     18      8       35      9    695     36         740      137      15     21         173         1638

   03:00 PM       8    170      2         180        6      1      3       10      1    143     12         156       31       8      9          48          394
   03:15 PM       9    192      0         201        6      3      2       11      1    157     11         169       38       8      3          49          430
   03:30 PM      12    190      1         203       17     15      3       35      0    156     12         168       57       6      6          69          475
   03:45 PM      10    194      2         206        7      5      1       13      4    175     14         193       43       7     10          60          472
      Total      39    746      5         790       36     24      9       69      6    631     49         686      169      29     28         226         1771

   04:00 PM      10    213      0         223        9      8      2       19      1    190     12         203       43       8      9          60          505
   04:15 PM       6    198      2         206        6      6      4       16      2    149     10         161       34       7      6          47          430
   04:30 PM      11    215      2         228        9      7      3       19      6    163     11         180       87      10     10         107          534
   04:45 PM      21    210      0         231        2      0      3        5      2    153      4         159       40       6      5          51          446
      Total      48    836      4         888       26     21     12       59     11    655     37         703      204      31     30         265         1915

   05:00 PM      11    277      0         288        8      3      0       11      2    167     12         181       74      10      9          93          573
   05:15 PM       7    238      0         245        4      1      4        9      2    151      9         162       47       5      6          58          474
   05:30 PM      11    173      3         187       14      7      6       27      3    138      9         150       33       8     13          54          418
   05:45 PM       6    161      0         167        4      3      2        9      5    162      8         175       27       6     11          44          395
      Total      35    849      3         887       30     14     12       56     12    618     38         668      181      29     39         249         1860

 Grand Total    372    7026     49       7447      238     181    108     527    100   7889    500        8489     1422      246    251       1919        18382
    Apprch %      5    94.3    0.7                45.2    34.3   20.5            1.2   92.9    5.9                 74.1     12.8   13.1
     Total %      2    38.2    0.3       40.5      1.3       1    0.6     2.9    0.5   42.9    2.7        46.2      7.7      1.3    1.4       10.4
        Cars    353    6735     46       7134      229     170    102     501     91   7558    473        8122     1359      233    241       1833        17590
      % Cars   94.9    95.9   93.9       95.8     96.2    93.9   94.4    95.1     91   95.8   94.6        95.7     95.6     94.7     96       95.5         95.7
      Trucks     19     291      3        313        9      11      6      26      9    331     27         367       63       13     10         86          792
    % Trucks    5.1     4.1    6.1        4.2      3.8     6.1    5.6     4.9      9    4.2    5.4         4.3      4.4      5.3      4        4.5          4.3
                                                         City of High Point
                                                    Department of Transportation
                                                        Summer Count Program
                                                           High Point, NC
Counted By: Stephen Huntley &                                                                         File Name        :   MainWard
Benjamin Scoggin                                                                                      Site Code        :   00000006
Weather: Clear                                                                                        Start Date       :   6/6/2006
                                                                                                      Page No          :   2

                                                              MAIN STREET
                                                          Out      In     Total
                                                          8028    7134   15162
                                                           350      313     663
                                                          8378    7447   15825


                                                             353 6735        46
                                                              19  291           3
                                                             372 7026        49
                                                           Right Thru      Left
                                143
                               2829

                               2972
                               Total




                                                                                                 Out
                                                                                                  395

                                                                                                  370
                                        251
                                         10
                                        241




                                                                                    Right Thru




                                                                                                   25
                                       Left




                                                                                                    WARD AVENUE
                                                                                      238

                                                                                      229
                   WARD AVENUE




                                                                   North




                                                                                        9
                           86
                        1833

                        1919




                                                          6/6/2006 06:00 AM
                                              246
                                               13
                                              233


                                       Right Thru
                         In




                                                                                                         In
                                                                                           181

                                                                                           170


                                                                                                          527

                                                                                                          501
                                                          6/6/2006 05:45 PM




                                                                                            11




                                                                                                           26
                                                          Cars
                                       1422
                                          63
                                       1359




                                                                                    Left
                   57
                 1053
                  996




                                                                                     108

                                                                                     102
                                                          Trucks
                 Out




                                                                                                               Total
                                                                                         6



                                                                                                                922

                                                                                                                871
                                                                                                                  51
                                                            Left Thru Right
                                                             473 7558    91
                                                              27  331     9
                                                             500 7889   100


                                                          8196    8122   16318
                                                           360      367     727
                                                          8556    8489   17045
                                                          Out      In     Total
                                                              MAIN STREET
                                                             City of High Point
                                                        Department of Transportation
                                                            Summer Count Program
                                                               High Point, NC
Counted By: Stephen Huntley &                                                                                                File Name          :   MainWard
Benjamin Scoggin                                                                                                             Site Code          :   00000006
Weather: Clear                                                                                                               Start Date         :   6/6/2006
                                                                                                                             Page No            :   3


                        MAIN STREET                    WARD AVENUE                        MAIN STREET                         WARD AVENUE
                         From North                     From East                          From South                          From West
 Start Time Right       Thru   Left App. Total Right   Thru   Left   App. Total   Right   Thru   Left   App. Total   Right    Thru   Left   App. Total   Int. Total
Peak Hour Analysis From 06:00 AM to 09:45 AM - Peak 1 of 1
Peak Hour for Entire Intersection Begins at 07:30 AM
      07:30 AM      4     80      0        84      4      2      0           6       3     218      8        229       18        5      2         25          344
      07:45 AM     10     85      3        98      8      2      0          10       2     295     14        311       17        5      4         26          445
      08:00 AM      9    102      1       112      7      3      2          12       1     252     14        267       18        6      5         29          420
      08:15 AM      1    112      1       114      2      2      3           7       5     204     15        224       19        5      1         25          370
  Total Volume     24    379      5       408     21      9      5          35      11     969     51       1031       72       21     12        105         1579
  % App. Total    5.9   92.9    1.2               60   25.7   14.3                 1.1      94    4.9                68.6       20   11.4
           PHF   .600   .846   .417      .895   .656   .750   .417       .729     .550    .821   .850       .829     .947     .875   .600       .905         .887

Peak Hour Analysis From 10:00 AM to 01:45 PM - Peak 1 of 1
Peak Hour for Entire Intersection Begins at 12:00 PM
      12:00 PM      9    197      1      207       8     11      3          22       0     181     11        192       41        5      8         54          475
      12:15 PM      8    177      0      185       5      4      3          12       0     172     13        185       33        6      4         43          425
      12:30 PM      4    184      2      190       6      3      3          12       7     172      4        183       26        6     12         44          429
      12:45 PM      8    157      1      166       4      5      6          15       1     207     11        219       30        2      6         38          438
  Total Volume     29    715      4      748      23     23     15          61       8     732     39        779      130       19     30        179         1767
  % App. Total    3.9   95.6    0.5             37.7   37.7   24.6                   1      94      5                72.6     10.6   16.8
           PHF   .806   .907   .500     .903    .719   .523   .625       .693     .286    .884   .750       .889     .793     .792   .625       .829         .930

Peak Hour Analysis From 02:00 PM to 05:45 PM - Peak 1 of 1
Peak Hour for Entire Intersection Begins at 04:30 PM
      04:30 PM     11    215      2      228       9      7      3          19       6     163     11        180       87       10     10        107          534
      04:45 PM     21    210      0      231       2      0      3           5       2     153      4        159       40        6      5         51          446
      05:00 PM     11    277      0      288       8      3      0          11       2     167     12        181       74       10      9         93          573
      05:15 PM      7    238      0      245       4      1      4           9       2     151      9        162       47        5      6         58          474
  Total Volume     50    940      2      992      23     11     10          44      12     634     36        682      248       31     30        309         2027
  % App. Total      5   94.8    0.2             52.3     25   22.7                 1.8      93    5.3                80.3       10    9.7
           PHF   .595   .848   .250     .861    .639   .393   .625       .579     .500    .949   .750       .942     .713     .775   .750       .722         .884
