                                                                 City of High Point
                                                            Department of Transportation
                                                                Summer Count Program
AA
                                                                   High Point, NC
Counted By: Benjamin Scoggin &                                                                                           File Name        :   MainRndlph
Stephen Huntley                                                                                                          Site Code        :   00000050
Weather: Clear                                                                                                           Start Date       :   7/11/2006
                                                                                                                         Page No          :   1


                                                               Groups Printed- Cars - Trucks
                          RANDOLPH STREET                  MAIN STREET                 RANDOLPH STREET                  MAIN STREET
                             Southbound                     Westbound                     Northbound                     Eastbound
     Start Time    Left     Thru Right App. Total   Left   Thru Right App. Total  Left   Thru Right App. Total   Left   Thru Right    App. Total   Int. Total
       06:00 AM       2       19      0       21       2      3      1         6     2     32      9       43       0     11      4         15           85
       06:15 AM       6       17      0       23       1      4      2         7     4     43      9       56       0     16      3         19          105
       06:30 AM      17       23      1       41       3     10      2       15      0     57     12       69       3     46      8         57          182
       06:45 AM      14       40      0       54       4      7      3       14      0     55      4       59       1     25      5         31          158
          Total      39       99      1      139      10     24      8       42      6    187     34      227       4     98     20        122          530

       07:00 AM       6       47      1       54      4      8       4       16      0     48      9        57     0     13      7          20          147
       07:15 AM      16       35      1       52      5      7       0       12      2     70     11        83     1     13     10          24          171
       07:30 AM      12       60      2       74      7     12       6       25      2     73     11        86     4     25      6          35          220
       07:45 AM      15       63      3       81      4     10       6       20      3     79     18       100     4     40     11          55          256
          Total      49      205      7      261     20     37      16       73      7    270     49       326     9     91     34         134          794

       08:00 AM      13       53      2       68     10     16       1       27      2     73      6        81     1     18     11          30          206
       08:15 AM       7       60      2       69      7     10       7       24      6     68     11        85     3     13      8          24          202
       08:30 AM       7       56      2       65      8     12       2       22      7     58     14        79     2     16     15          33          199
       08:45 AM       6       62      1       69      5      9       5       19      2     46      6        54     2     13     13          28          170
          Total      33      231      7      271     30     47      15       92     17    245     37       299     8     60     47         115          777

       09:00 AM       4       63      5       72      5     16       7       28      7     69     15        91     1      8     17          26          217
       09:15 AM       3       73      2       78      8     13       4       25     13     68      4        85     1     23     23          47          235
       09:30 AM       4       58      2       64      4      4       4       12      2     77     10        89     1     20     14          35          200
       09:45 AM       2       73      0       75     10     12       4       26     15     72      9        96     3     12     31          46          243
          Total      13      267      9      289     27     45      19       91     37    286     38       361     6     63     85         154          895

       10:00 AM       9       72      5       86      5      9       6       20      4     69     10        83     1     14     22          37          226
       10:15 AM       6       58      3       67     11      7       5       23      4     88      7        99     2     21     14          37          226
       10:30 AM       2       82      3       87     16     23       4       43      5     83     14       102     3     21     23          47          279
       10:45 AM       3       78      5       86      7     10       3       20      9     84     14       107     1     16     13          30          243
          Total      20      290     16      326     39     49      18      106     22    324     45       391     7     72     72         151          974

       11:00 AM       6       90      4      100     11     16       7       34      9     89      9       107     2     15     17          34          275
       11:15 AM       6       77      6       89     14     14       4       32      7     65     12        84     1     17     19          37          242
       11:30 AM       3       91      5       99     11     14       4       29     12     84      7       103     1     17     21          39          270
       11:45 AM       6       88      3       97     16     12      12       40      4     97     12       113     3     14     22          39          289
          Total      21      346     18      385     52     56      27      135     32    335     40       407     7     63     79         149         1076

       12:00 PM       5       71      4       80      9     15      11       35      4     84      9        97     4     19     23          46          258
       12:15 PM       6       85      5       96      9     20       5       34      8     92      8       108     4     13     30          47          285
       12:30 PM       5       93      5      103      6     13       4       23     11    101     17       129     4     20     26          50          305
       12:45 PM       5       87      5       97     10     10       4       24      9     96     10       115     1     26     20          47          283
          Total      21      336     19      376     34     58      24      116     32    373     44       449    13     78     99         190         1131

       01:00 PM       4       69      5       78      8     18      10       36      9     91     12       112     3      7     26          36          262
       01:15 PM       4       88      3       95      5     16       2       23      7     99     15       121     3     16     13          32          271
       01:30 PM       3       83      2       88     11     11       4       26      5     98     11       114     3     15     23          41          269
       01:45 PM       5       91      3       99     10     18       3       31      7     92     11       110     3     23     16          42          282
          Total      16      331     13      360     34     63      19      116     28    380     49       457    12     61     78         151         1084

       02:00 PM       5       63     11       79     11     17       4       32      8     72      6        86     2     23     24          49          246
       02:15 PM       4       84      5       93      4     11       4       19      8     92     13       113     3     17     26          46          271
       02:30 PM       2       76      3       81      8     23       6       37     13    100     11       124     4     18     16          38          280
       02:45 PM       8       90      5      103      9     18       7       34      4     91     10       105     4     16     19          39          281
          Total      19      313     24      356     32     69      21      122     33    355     40       428    13     74     85         172         1078

       03:00 PM       4       90      6      100      4     15       6       25      5     74      8        87     3     19     19          41          253
       03:15 PM       5      104      4      113      8     15       3       26     10     88      4       102     3      8     25          36          277
       03:30 PM       4       83      4       91      9     29      19       57      9    101      9       119     0     14     22          36          303
       03:45 PM       5       91      9      105     15     30      13       58     10     85     16       111     3     20     27          50          324
          Total      18      368     23      409     36     89      41      166     34    348     37       419     9     61     93         163         1157

       04:00 PM       6      122      3      131     11     18       6       35      6    106     16       128     2     14     20          36          330
       04:15 PM       5       98     10      113     11     23       8       42      6     95      6       107     3     18     23          44          306
       04:30 PM       8       96      6      110     10     23       9       42      6     97      8       111     2     22     25          49          312
       04:45 PM      10      113     10      133     14     12      11       37      3    107      7       117     0     15     22          37          324
          Total      29      429     29      487     46     76      34      156     21    405     37       463     7     69     90         166         1272

       05:00 PM       7      132      3      142     18     31      30       79      6     94      3       103     2     22     17          41          365
       05:15 PM       7      103      9      119     10     25      13       48      5    104     11       120     4     18     20          42          329
       05:30 PM       4      106      5      115     12     23       8       43      5    105      5       115     1     13     18          32          305
       05:45 PM       6      108      7      121     12     21      10       43     11    111      6       128     1     16     14          31          323
          Total      24      449     24      497     52    100      61      213     27    414     25       466     8     69     69         146         1322

     Grand Total    302     3664    190     4156     412    713    303     1428    296   3922    475     4693    103     859    851       1813        12090
        Apprch %    7.3     88.2    4.6             28.9   49.9   21.2             6.3   83.6   10.1             5.7    47.4   46.9
         Total %    2.5     30.3    1.6     34.4     3.4    5.9    2.5     11.8    2.4   32.4    3.9     38.8    0.9     7.1      7         15
            Cars    283     3487    182     3952     389    692    294     1375    287   3747    458     4492    102     837    827       1766        11585
          % Cars   93.7     95.2   95.8     95.1    94.4   97.1     97     96.3     97   95.5   96.4     95.7     99    97.4   97.2       97.4         95.8
          Trucks     19      177      8      204      23     21      9       53      9    175     17      201      1      22     24         47          505
        % Trucks    6.3      4.8    4.2      4.9     5.6    2.9      3      3.7      3    4.5    3.6      4.3      1     2.6    2.8        2.6          4.2
                                                             City of High Point
                                                        Department of Transportation
                                                            Summer Count Program
AA
                                                               High Point, NC
Counted By: Benjamin Scoggin &                                                                                  File Name    :   MainRndlph
Stephen Huntley                                                                                                 Site Code    :   00000050
Weather: Clear                                                                                                  Start Date   :   7/11/2006
                                                                                                                Page No      :   2

                                                               RANDOLPH STREET
                                                              Out     In    Total
                                                              4143   3952    8095
                                                               185     204    389
                                                              4328   4156    8484


                                                                 182 3487      283
                                                                   8  177       19
                                                                 190 3664      302
                                                               Right Thru     Left
                                      85
                                   2927

                                   3012
                                   Total




                                                                                                    1636

                                                                                                    1578
                                                                                                    Out
                                            103
                                                1
                                            102




                                                                                       Right Thru




                                                                                                      58
                                           Left




                                                                                         303

                                                                                         294
                                                                      North




                                                                                                        MAIN STREET
                       MAIN STREET




                                                                                           9
                                47
                             1766

                             1813




                                                             7/11/2006 06:00 AM
                                                  859
                                                   22
                                                  837


                                           Right Thru
                              In




                                                                                                            1428

                                                                                                            1375
                                                                                                             In
                                                                                              713

                                                                                              692
                                                             7/11/2006 05:45 PM




                                                                                               21




                                                                                                               53
                                                             Cars
                                             851
                                              24
                                             827




                                                                                       Left
                      38
                    1161

                    1199




                                                                                        412

                                                                                        389
                                                             Trucks
                    Out




                                                                                                                    Total
                                                                                         23



                                                                                                                    3064

                                                                                                                    2953
                                                                                                                     111
                                                               Left   Thru Right
                                                                287 3747     458
                                                                    9  175    17
                                                                296 3922     475


                                                              4703   4492    9195
                                                               224     201    425
                                                              4927   4693    9620
                                                              Out     In    Total
                                                               RANDOLPH STREET
                                                                City of High Point
                                                           Department of Transportation
                                                               Summer Count Program
AA
                                                                  High Point, NC
Counted By: Benjamin Scoggin &                                                                                                File Name        :   MainRndlph
Stephen Huntley                                                                                                               Site Code        :   00000050
Weather: Clear                                                                                                                Start Date       :   7/11/2006
                                                                                                                              Page No          :   3


                      RANDOLPH STREET                  MAIN STREET                        RANDOLPH STREET                    MAIN STREET
                         Southbound                     Westbound                            Northbound                       Eastbound
   Start Time    Left   Thru Right App. Total   Left   Thru Right       App. Total   Left   Thru Right App.   Total   Left   Thru Right    App. Total   Int. Total
Peak Hour Analysis From 06:00 AM to 09:45 AM - Peak 1 of 1
Peak Hour for Entire Intersection Begins at 09:00 AM
                      Tot.
        09:00 AM               63     63     72      5      5      5            5      7     69     69          91      1      8     17            26        217
                    Volume|
         09:15 AM      3         3      2     2       8     13      4          25      13     68      4         85       1      1     23         23          235
         09:30 AM      4        58      2    64       4      4      4          12       2      2     10         89       1     20     14         35          200
         09:45 AM      2        73      0    75      75     12      4          26      26     72      9          9       9     12     12         46           46
     Total Volume     13       267      9   289      27     45     19          91      37    286     38        361       6     63     85        154          895
     % App. Total    4.5      92.4    3.1          29.7   49.5   20.9                10.2   79.2   10.5                3.9   40.9   55.2
              PHF   .813      .914   .450   .926   .675   .703   .679       .813     .617   .929   .633       .940    .500   .685   .685       .819         .921

Peak Hour Analysis From 10:00 AM to 01:45 PM - Peak 1 of 1
Peak Hour for Entire Intersection Begins at 11:45 AM
                      Tot.
        11:45 AM               88      3     97     97     12     12           12      4     97     12         113      3     14     22            39        289
                    Volume|
         12:00 PM      5        71      4    80       9     15     11         35        4     84      9         97      97     19     23         46          258
         12:15 PM      6        85     85    96       9      9      5         34        8     92      8        108       4     13     13         47          285
         12:30 PM      5         5      5     5       6     13      4         23       23     23     23         23       4      4     26         26           26
     Total Volume     22       337     17   376      40     60     32        132       27    374     46        447      15     66    101        182         1137
     % App. Total    5.9      89.6    4.5          30.3   45.5   24.2                   6   83.7   10.3                8.2   36.3   55.5
              PHF   .917      .906   .850   .913   .625   .750   .667       .825     .614   .926   .676       .866    .938   .825   .842       .910         .932

Peak Hour Analysis From 02:00 PM to 05:45 PM - Peak 1 of 1
Peak Hour for Entire Intersection Begins at 04:30 PM
      04:30 PM      8     96      6      110      10     23         9         42       42     97      8        111       2      2      2          2          312
      04:45 PM    312    113    113      133      14     12        11         37        3      3      7        117       0     15     22         37          324
      05:00 PM      7      7      3        3       3      3         3          3        6     94      3        103       2     22     17         41           41
      05:15 PM      7    103      9      119      10     25        13         48        5    104    104        104     104     18     20         42          329
  Total Volume     32    444     28      504      52     91        63        206       20    402     29        451       8     77     84        169         1330
  % App. Total    6.3   88.1    5.6             25.2   44.2      30.6                 4.4   89.1    6.4                4.7   45.6   49.7
           PHF   .800   .841   .700     .887    .722   .734      .525       .652     .833   .939   .659       .940    .500   .875   .840       .862         .911
