                                                                  City of High Point
                                                             Department of Transportation
                                                                 Summer Count Program
AA
                                                                    High Point, NC
Counted By: Charlotte Johnson &                                                                                             File Name     :   MainOldWnstn
Kenneth Johnson                                                                                                             Site Code     :   00000018
Weather: Clear                                                                                                              Start Date    :   6/14/2006
                                                                                                                            Page No       :   1


                                                                Groups Printed- Cars - Trucks
                          MAIN STREET                OLD WINSTON/OXFORD PLACE             MAIN STREET                OLD WINSTON/OXFORD PLACE
                           Southbound                        Westbound                     Northbound                        Eastbound
     Start Time    Left   Thru Right    App. Total   Left   Thru Right App. Total  Left   Thru Right    App. Total   Left   Thru Right App. Total    Int. Total
       06:00 AM       0     58      0         58        7      5      1       13      0     32      4         36        0      1      0         1         108
       06:15 AM       0     76      0         76       15      6      0       21      3     57      4         64        3      2      0         5         166
       06:30 AM       1    118      1        120       26      6      0       32      0     34     10         44        7      2      0         9         205
       06:45 AM       3    131      2        136       17      3      0       20      0     65      9         74        4      4      0         8         238
          Total       4    383      3        390       65     20      1       86      3    188     27        218       14      9      0       23          717

       07:00 AM       1    100     1         102      17      6      0       23      1     75     21          97        4      3      0         7         229
       07:15 AM       1    139     2         142      25      9      0       34      0     86     13          99        6      3      1        10         285
       07:30 AM       2    200     2         204      28     17      1       46      1    105     24         130        5      8      0        13         393
       07:45 AM       0    213     2         215      30     17      0       47      2    101     43         146        6      5      0        11         419
          Total       4    652     7         663     100     49      1      150      4    367    101         472       21     19      1        41        1326

       08:00 AM       3    181     3         187      29     11      0       40      3    112     19         134       22     11      0        33         394
       08:15 AM       2    196     2         200      35     11      2       48      1    118     29         148       10      8      0        18         414
       08:30 AM       3    161     3         167      29      7      0       36      2     95     27         124       16      9      1        26         353
       08:45 AM       1    187     2         190      33      6      0       39      0    126     35         161        8      7      1        16         406
          Total       9    725    10         744     126     35      2      163      6    451    110         567       56     35      2        93        1567

       09:00 AM       4    154     3         161      28      8      0       36      1    114     21         136        6      6      1        13         346
       09:15 AM       1    134     1         136      16      7      0       23      3    120     16         139        5      5      1        11         309
       09:30 AM       1    131     3         135      30     10      2       42      0    121     20         141       11      9      1        21         339
       09:45 AM       4    144     2         150      30      8      0       38      1    126     27         154        4      7      0        11         353
          Total      10    563     9         582     104     33      2      139      5    481     84         570       26     27      3        56        1347

       10:00 AM       1    163     2         166      24     12      1       37      0    135     19         154       11      7      0        18         375
       10:15 AM       2    133     4         139      27      4      1       32      1    131     22         154       11      5      2        18         343
       10:30 AM       2    136     1         139      24     11      1       36      2    138     27         167        6      3      1        10         352
       10:45 AM       1    153     3         157      21      6      1       28      2    150     12         164       11      6      3        20         369
          Total       6    585    10         601      96     33      4      133      5    554     80         639       39     21      6        66        1439

       11:00 AM       0    159     3         162      32      8      1       41      0    152     25         177        7      3      0        10         390
       11:15 AM       0    141     2         143      27      4      0       31      4    179     21         204       14      6      2        22         400
       11:30 AM       0    167     4         171      31     11      0       42      1    171     21         193       13     12      0        25         431
       11:45 AM       1    194     4         199      42      9      1       52      4    216     31         251       22      6      1        29         531
          Total       1    661    13         675     132     32      2      166      9    718     98         825       56     27      3        86        1752

       12:00 PM       2    172     3         177      31      8      2       41      5    219     47         271       23      9      2        34         523
       12:15 PM       0    188     0         188      32     13      0       45      3    256     35         294       24      6      1        31         558
       12:30 PM       1    209    10         220      40     18      1       59      3    211     34         248       18     10      2        30         557
       12:45 PM       1    243    13         257      40     11      1       52      1    244     27         272       14     12      1        27         608
          Total       4    812    26         842     143     50      4      197     12    930    143        1085       79     37      6       122        2246

       01:00 PM       4    187     4         195      30     11      0       41      3    237     34         274       17     12      0        29         539
       01:15 PM       1    198     4         203      42     13      1       56      2    235     37         274        9     13      0        22         555
       01:30 PM       1    230     5         236      41     11      0       52      5    244     45         294       15     12      0        27         609
       01:45 PM       2    222     6         230      40     14      2       56      1    217     39         257       13     10      2        25         568
          Total       8    837    19         864     153     49      3      205     11    933    155        1099       54     47      2       103        2271

       02:00 PM       0    188    11         199      34     11      9       54      4    203     40         247       13     17      3        33         533
       02:15 PM       0    207     1         208      33     12      1       46      1    212     33         246       14      8      1        23         523
       02:30 PM       3    195     8         206      43     16      4       63      2    231     33         266       14      8      8        30         565
       02:45 PM       2    198     4         204      25     11      1       37      1    247     45         293       17     10      0        27         561
          Total       5    788    24         817     135     50     15      200      8    893    151        1052       58     43     12       113        2182

       03:00 PM       0    198     4         202      25     11      2       38      2    213     27         242       10     15      4        29         511
       03:15 PM       2    210     1         213      21     14      1       36      3    247     40         290       14     11      1        26         565
       03:30 PM       0    168     4         172      34      7      3       44      3    266     41         310       10     13      3        26         552
       03:45 PM       1    185     1         187      38     16      0       54      1    247     30         278       22      9      0        31         550
          Total       3    761    10         774     118     48      6      172      9    973    138        1120       56     48      8       112        2178

       04:00 PM       2    224     4         230      32     16      1       49      4    229     41         274       16     17      1        34         587
       04:15 PM       3    180     6         189      41     11      3       55      2    254     41         297       25      9      1        35         576
       04:30 PM       1    172     7         180      31     15      2       48      3    250     45         298       21     14      0        35         561
       04:45 PM       0    187     4         191      35     17      8       60      3    282     37         322       24     24      0        48         621
          Total       6    763    21         790     139     59     14      212     12   1015    164        1191       86     64      2       152        2345

       05:00 PM       3    193     8         204      39     16      2       57      2    315     48         365       30     23      1        54         680
       05:15 PM       0    186     6         192      38     19      0       57      7    343     40         390       34     24      1        59         698
       05:30 PM       5    196     6         207      40     10      2       52      3    261     49         313       29     17      1        47         619
       05:45 PM       4    209     8         221      39     13      0       52      5    249     42         296       20     23      2        45         614
          Total      12    784    28         824     156     58      4      218     17   1168    179        1364      113     87      5       205        2611

     Grand Total     72   8314    180       8566     1467    516     58    2041    101   8671   1430       10202      658     464    50       1172      21981
        Apprch %    0.8   97.1    2.1                71.9   25.3    2.8              1     85     14                 56.1    39.6   4.3
         Total %    0.3   37.8    0.8         39      6.7    2.3    0.3     9.3    0.5   39.4    6.5        46.4        3     2.1   0.2        5.3
            Cars     71   7998    177       8246     1416    511     54    1981     99   8365   1355        9819      654     458    47       1159      21205
          % Cars   98.6   96.2   98.3       96.3     96.5     99   93.1    97.1     98   96.5   94.8        96.2     99.4    98.7    94       98.9       96.5
          Trucks      1    316      3        320       51      5      4      60      2    306     75         383        4       6     3         13        776
        % Trucks    1.4    3.8    1.7        3.7      3.5      1    6.9     2.9      2    3.5    5.2         3.8      0.6     1.3     6        1.1        3.5
                                                                  City of High Point
                                                             Department of Transportation
                                                                 Summer Count Program
AA
                                                                    High Point, NC
Counted By: Charlotte Johnson &                                                                                   File Name          :   MainOldWnstn
Kenneth Johnson                                                                                                   Site Code          :   00000018
Weather: Clear                                                                                                    Start Date         :   6/14/2006
                                                                                                                  Page No            :   2

                                                                       MAIN STREET
                                                                   Out      In     Total
                                                                   9073    8246   17319
                                                                    314      320     634
                                                                   9387    8566   17953


                                                                      177 7998       71
                                                                        3  316          1
                                                                      180 8314       72
                                                                    Right Thru     Left




                                                                                                          OLD WINSTON/OXFORD PLACE
                    OLD WINSTON/OXFORD PLACE


                                         23
                                       1946

                                       1969
                                      Total




                                                                                                              1966

                                                                                                              1884
                                                                                                              Out
                                                658
                                                    4
                                                654




                                                                                            Right Thru




                                                                                                                82
                                               Left




                                                                           North




                                                                                               58

                                                                                               54
                                                                                                4
                                   13
                                1159

                                1172




                                                                  6/14/2006 06:00 AM
                                                      464
                                                         6
                                                      458


                                               Right Thru
                                 In




                                                                                                                     2041

                                                                                                                     1981
                                                                                                                      In
                                                                                                   516

                                                                                                   511
                                                                  6/14/2006 05:45 PM




                                                                                                                        60
                                                                                                      5
                                                                  Cars
                                                  50
                                                   3
                                                  47




                                                                                            1467

                                                                                            1416
                                                                                            Left
                           10
                          787

                          797




                                                                  Trucks
                         Out




                                                                                                                           Total
                                                                                              51



                                                                                                                            4007

                                                                                                                            3865
                                                                                                                             142
                                                                     Left   Thru Right
                                                                       99 8365 1355
                                                                          2  306    75
                                                                      101 8671 1430


                                                                   9461    9819   19280
                                                                    370      383     753
                                                                   9831   10202   20033
                                                                   Out      In     Total
                                                                       MAIN STREET
                                                              City of High Point
                                                         Department of Transportation
                                                             Summer Count Program
AA
                                                                High Point, NC
Counted By: Charlotte Johnson &                                                                                         File Name      :   MainOldWnstn
Kenneth Johnson                                                                                                         Site Code      :   00000018
Weather: Clear                                                                                                          Start Date     :   6/14/2006
                                                                                                                        Page No        :   3


                        MAIN STREET             OLD WINSTON/OXFORD PLACE              MAIN STREET                OLD WINSTON/OXFORD PLACE
                         Southbound                     Westbound                      Northbound                        Eastbound
   Start Time    Left   Thru Right App. Total   Left   Thru Right App. Total   Left   Thru Right    App. Total   Left   Thru Right App. Total     Int. Total
Peak Hour Analysis From 06:00 AM to 09:45 AM - Peak 1 of 1
Peak Hour for Entire Intersection Begins at 07:30 AM
      07:30 AM      2    200      2      204      28     28      1       46       1    105     24        130        5       8      0        13         393
      07:45 AM      0      0      2         2     30     17      0       47       2    101    101        146        6       5      0        11          11
      08:00 AM     11    181    181      187      29     11      0       40      40    112     19        134      134     134      0         0         394
      08:15 AM      2    196      2      200     200     11     11       11       1      1     29         29       10       8      0        18         414
  Total Volume      7    790      9      806     122     56      3      181       7    436    115        558       43      32      0        75        1620
  % App. Total    0.9     98    1.1             67.4   30.9    1.7              1.3   78.1   20.6                57.3    42.7      0
           PHF   .583   .927   .750     .937    .871   .824   .375     .943    .583   .924   .669       .943     .489    .727   .000       .568       .967

Peak Hour Analysis From 10:00 AM to 01:45 PM - Peak 1 of 1
Peak Hour for Entire Intersection Begins at 12:45 PM
      12:45 PM      1      1      1        1      40     11     11       52       1      1     27        272       14      12     12        27         608
      01:00 PM    608    187      4      195      30     11      0       41       3    237     34        274      274      12      0         0         539
      01:15 PM      1    198      4      203     203    203      1        1       2    235     37        274        9       9      0        22         555
      01:30 PM      1    230      5      236      41     11      0       52      52    244    244        244       15      12      0        27          27
  Total Volume      7    858     26      891     153     46      2      201      11    960    143       1114       55      49      1       105        2311
  % App. Total    0.8   96.3    2.9             76.1   22.9      1                1   86.2   12.8                52.4    46.7      1
           PHF   .438   .883   .500     .867    .911   .885   .500     .897    .550   .984   .794       .947     .809    .942   .250       .905       .949

Peak Hour Analysis From 02:00 PM to 05:45 PM - Peak 1 of 1
Peak Hour for Entire Intersection Begins at 04:45 PM
      04:45 PM      0    187      4      191      35     17     17       17       3    282     37        322       24      24      0        48         621
      05:00 PM      3    193    193      204      39     16      2       57       2    315     48        365       30      23     23        54         680
      05:15 PM      0    186      6      192      38     38      0       57      57     57     40         40       40      24      1         1           1
      05:30 PM      1      1      6        6       6     10      2       52       3    261    261        313       29      17      1        47         619
  Total Volume      8    762     24      794     152     62     12      226      15   1201    174       1390      117      88      3       208        2618
  % App. Total      1     96      3             67.3   27.4    5.3              1.1   86.4   12.5                56.2    42.3    1.4
           PHF   .400   .972   .750     .959    .950   .816   .375     .942    .536   .875   .888       .891     .860    .917   .750       .881       .938
