                                                                   City of High Point
                                                              Department of Transportation
                                                                  Summer Count Program
AA
                                                                     High Point, NC
Counted By: Benjamin Scoggin &                                                                                                  File Name          :   MainParis
Stephen Huntley                                                                                                                 Site Code          :   00000019
Weather: Clear                                                                                                                  Start Date         :   6/14/2006
                                                                                                                                Page No            :   1


                                                                 Groups Printed- Cars - Trucks
                          MAIN STREET                       PARRIS AVENUE                  MAIN STREET                       PARRIS AVENUE
                           Southbound                         Westbound                     Northbound                         Eastbound
     Start Time    Left   Thru Right    App. Total   Left    Thru Right App. Total  Left   Thru Right    App. Total   Left    Thru Right     App. Total   Int. Total
       06:00 AM       3     52      2         57        0       3      2         5     3     26      2         31        2       5      1            8         101
       06:15 AM       3     77      1         81        2       5      4       11      3     54      2         59        2       4      8           14         165
       06:30 AM       5    126      0        131        1       4      1         6     5     44      2         51        5       5      2           12         200
       06:45 AM       5    133      2        140        1       3      4         8     3     63      7         73        7       4      6           17         238
          Total      16    388      5        409        4      15     11       30     14    187     13        214       16      18     17           51         704

       07:00 AM       5    100     1         106       4       8      4       16      4     77      2          83       8       8      5           21          226
       07:15 AM       2    148     3         153       1       5      3        9      4     83      5          92       7       7      9           23          277
       07:30 AM       6    195    10         211       6      11      8       25      3    118      5         126       9      11     10           30          392
       07:45 AM       8    235     3         246       6      14      8       28     10    132      7         149      10       7     15           32          455
          Total      21    678    17         716      17      38     23       78     21    410     19         450      34      33     39          106         1350

       08:00 AM       8    184     2         194       8      18      7       33      7    110      6         123      15      13      9           37          387
       08:15 AM      12    212     2         226       4       8     10       22      9    135      4         148      13      10      5           28          424
       08:30 AM       6    184     1         191       7       6      4       17      9    116      8         133       8      11      9           28          369
       08:45 AM      12    207     1         220       8       5      7       20      4    133     15         152      14       6      9           29          421
          Total      38    787     6         831      27      37     28       92     29    494     33         556      50      40     32          122         1601

       09:00 AM      13    167     3         183      11       6     11       28      5    119      9         133       9       7      8            24         368
       09:15 AM       9    145     0         154      13      14     10       37      3    127     10         140       8      12     12            32         363
       09:30 AM       7    138     0         145      10      12     11       33      2    126     15         143       7       3      4            14         335
       09:45 AM      16    165     1         182      17       6     10       33      1    136     16         153       9      13      6            28         396
          Total      45    615     4         664      51      38     42      131     11    508     50         569      33      35     30            98        1462

       10:00 AM      17    157     2         176      16       7      9       32      8    148     12         168       4       5      6            15         391
       10:15 AM      15    146     4         165      19      11     12       42      3    128     11         142       5       6      9            20         369
       10:30 AM       8    155     3         166      12       7     20       39      3    146     18         167       4       6     10            20         392
       10:45 AM      12    144     4         160      23      10     10       43      7    152     18         177       1       6      5            12         392
          Total      52    602    13         667      70      35     51      156     21    574     59         654      14      23     30            67        1544

       11:00 AM      12    173     3         188      11       5      5       21      9    170     14         193       6      11      4           21          423
       11:15 AM      12    168     2         182      12      13     20       45      5    175     16         196       4      10      5           19          442
       11:30 AM      13    176     4         193      12      14     14       40      5    177     26         208       9      15      5           29          470
       11:45 AM      13    200     6         219      19      10     17       46     10    213     15         238      11      23      7           41          544
          Total      50    717    15         782      54      42     56      152     29    735     71         835      30      59     21          110         1879

       12:00 PM      11    198     3         212      13      13     25       51     19    251     11         281       8      12      7           27          571
       12:15 PM      24    175     6         205      18      20     27       65     16    244     16         276      19      11      9           39          585
       12:30 PM      24    209     6         239      21      22     22       65     23    201     24         248      16       5     11           32          584
       12:45 PM      18    253     6         277      15      19     25       59     20    230     17         267       9      16     20           45          648
          Total      77    835    21         933      67      74     99      240     78    926     68        1072      52      44     47          143         2388

       01:00 PM      14    216     4         234      13      11     29       53     12    235     16         263       9      10     12           31          581
       01:15 PM      17    204     0         221      27      21     27       75      6    230     20         256      13      16     11           40          592
       01:30 PM      20    249     3         272      24      13     28       65      8    243     17         268       9      19     14           42          647
       01:45 PM      23    225     3         251      15      15     15       45     13    228     20         261      11      11     13           35          592
          Total      74    894    10         978      79      60     99      238     39    936     73        1048      42      56     50          148         2412

       02:00 PM      14    217     3         234      22      16     16       54      8    222     15         245      16      10     10           36          569
       02:15 PM      18    214     6         238      21      19     21       61      6    196     14         216      13      13     15           41          556
       02:30 PM      12    218     8         238      12       9     29       50      6    246     16         268      13      11      5           29          585
       02:45 PM      27    196     3         226      19      11     22       52      5    264     15         284       8       8      6           22          584
          Total      71    845    20         936      74      55     88      217     25    928     60        1013      50      42     36          128         2294

       03:00 PM      15    206     5         226      17      23     14       54      9    222     16         247       9      11      6           26          553
       03:15 PM      21    203     4         228      17      11     26       54      3    241     25         269      11      12      5           28          579
       03:30 PM      15    174     3         192      19      18     20       57      3    264     23         290       6      14      7           27          566
       03:45 PM      19    213     5         237      18      15     19       52      4    274     13         291       6      18     12           36          616
          Total      70    796    17         883      71      67     79      217     19   1001     77        1097      32      55     30          117         2314

       04:00 PM      29    209     5         243      15      14     21       50      3    234     24         261       9      20      6           35          589
       04:15 PM      17    188     3         208      14      12     26       52      5    262     14         281      10      14      5           29          570
       04:30 PM      14    175     4         193      10      16     15       41     11    268      7         286      10      12      6           28          548
       04:45 PM      17    186     9         212      15      19     27       61      7    277     19         303      18      14      9           41          617
          Total      77    758    21         856      54      61     89      204     26   1041     64        1131      47      60     26          133         2324

       05:00 PM      16    209     3         228      21      30      24      75      7    332     14         353       7      15     14           36          692
       05:15 PM      20    192     5         217      16      18      31      65     13    352     25         390      13      18     11           42          714
       05:30 PM      21    204     3         228      16      18      21      55      4    285     26         315      10      24      5           39          637
       05:45 PM      25    224     8         257      24      25      24      73      9    253     18         280      13      21      6           40          650
          Total      82    829    19         930      77      91     100     268     33   1222     83        1338      43      78     36          157         2693

     Grand Total    673   8744    168       9585      645     613    765    2023    345   8962    670        9977      443     543    394        1380        22965
        Apprch %      7   91.2    1.8                31.9    30.3   37.8            3.5   89.8    6.7                 32.1    39.3   28.6
         Total %    2.9   38.1    0.7       41.7      2.8     2.7    3.3     8.8    1.5     39    2.9        43.4      1.9     2.4    1.7           6
            Cars    661   8420    165       9246      627     606    751    1984    336   8650    652        9638      432     541    384        1357        22225
          % Cars   98.2   96.3   98.2       96.5     97.2    98.9   98.2    98.1   97.4   96.5   97.3        96.6     97.5    99.6   97.5        98.3         96.8
          Trucks     12    324      3        339       18       7     14      39      9    312     18         339       11       2     10          23          740
        % Trucks    1.8    3.7    1.8        3.5      2.8     1.1    1.8     1.9    2.6    3.5    2.7         3.4      2.5     0.4    2.5         1.7          3.2
                                                              City of High Point
                                                         Department of Transportation
                                                             Summer Count Program
AA
                                                                High Point, NC
Counted By: Benjamin Scoggin &                                                                                      File Name    :   MainParis
Stephen Huntley                                                                                                     Site Code    :   00000019
Weather: Clear                                                                                                      Start Date   :   6/14/2006
                                                                                                                    Page No      :   2

                                                                   MAIN STREET
                                                               Out      In     Total
                                                               9833    9246   19079
                                                                337      339     676
                                                              10170    9585   19755


                                                                  165 8420      661
                                                                    3  324       12
                                                                  168 8744      673
                                                                Right Thru     Left
                                      42
                                   2464

                                   2506
                                   Total




                                                                                                      1886

                                                                                                      1854
                                                                                                      Out
                                            443
                                             11
                                            432




                                                                                        Right Thru




                                                                                                        32
                                           Left




                                                                                                        PARRIS AVENUE
                     PARRIS AVENUE




                                                                                          765

                                                                                          751
                                                                       North




                                                                                           14
                              23
                           1357

                           1380




                                                              6/14/2006 06:00 AM
                                                  543
                                                     2
                                                  541


                                           Right Thru
                            In




                                                                                                             2023

                                                                                                             1984
                                                                                                              In
                                                                                               613

                                                                                               606
                                                              6/14/2006 05:45 PM




                                                                                                                39
                                                                                                  7
                                                              Cars
                                             394
                                              10
                                             384




                                                                                        Left
                      19
                    1107

                    1126




                                                                                         645

                                                                                         627
                                                              Trucks
                    Out




                                                                                                                    Total
                                                                                          18



                                                                                                                     3909

                                                                                                                     3838
                                                                                                                       71
                                                                 Left   Thru Right
                                                                  336 8650     652
                                                                      9  312    18
                                                                  345 8962     670


                                                               9431    9638   19069
                                                                352      339     691
                                                               9783    9977   19760
                                                               Out      In     Total
                                                                   MAIN STREET
                                                             City of High Point
                                                        Department of Transportation
                                                            Summer Count Program
AA
                                                               High Point, NC
Counted By: Benjamin Scoggin &                                                                                                 File Name          :   MainParis
Stephen Huntley                                                                                                                Site Code          :   00000019
Weather: Clear                                                                                                                 Start Date         :   6/14/2006
                                                                                                                               Page No            :   3


                        MAIN STREET                   PARRIS AVENUE                       MAIN STREET                       PARRIS AVENUE
                         Southbound                     Westbound                          Northbound                         Eastbound
   Start Time    Left   Thru Right App. Total   Left   Thru Right     App. Total   Left   Thru Right    App. Total   Left    Thru Right     App. Total   Int. Total
Peak Hour Analysis From 06:00 AM to 09:45 AM - Peak 1 of 1
Peak Hour for Entire Intersection Begins at 07:30 AM
      07:30 AM      6    195    195      211       6     11      8          25        3    118      5        126        9      11     10          30          392
      07:45 AM      8      8      3         3      6     14      8          28       28    132    132        132       10       7      7          32           32
      08:00 AM      8    184      2      194     194    194      7           7        7    110      6        123      123     123      9           9          387
      08:15 AM    387    212      2      226       4      8      8          22        9      9      4        148       13      10      5          28          424
  Total Volume     34    826     17      877      24     51     33         108       29    495     22        546       47      41     39         127         1658
  % App. Total    3.9   94.2    1.9             22.2   47.2   30.6                  5.3   90.7      4                  37    32.3   30.7
           PHF   .708   .879   .425     .891    .750   .708   .825        .818     .725   .917   .786       .916     .783    .788   .650        .858         .911

Peak Hour Analysis From 10:00 AM to 01:45 PM - Peak 1 of 1
Peak Hour for Entire Intersection Begins at 12:45 PM
      12:45 PM     18     18     18       18      15     19     25          59       59    230     17        267        9      16     16          16           16
      01:00 PM     14    216      4      234      13     11     11          53       12    235     16        263        9      10     12          31          581
      01:15 PM     17    204      0      221     221    221     27          27        6    230    230        256      256      16     11          40          592
      01:30 PM    592    249      3      272      24     13     28          65        8      8     17         17        9       9     14          42          647
  Total Volume     69    922     13     1004      79     64    109         252       46    938     70       1054       40      61     57         158         2468
  % App. Total    6.9   91.8    1.3             31.3   25.4   43.3                  4.4     89    6.6                25.3    38.6   36.1
           PHF   .863   .911   .542     .906    .731   .762   .940        .840     .575   .965   .875       .983     .769    .803   .713        .878         .952

Peak Hour Analysis From 02:00 PM to 05:45 PM - Peak 1 of 1
Peak Hour for Entire Intersection Begins at 05:00 PM
      05:00 PM     16    209      3      228      21     21     24          24        7    332     14        353        7      15     15          36          692
      05:15 PM     20    192      5      217      16     18     18          65       65     65     25         25       25      18     11          11           11
      05:30 PM     21    204      3      228      16     18     21          55        4    285    285        315       10      10      5          39          637
      05:45 PM    637    637    637      637     637     25     24          73        9    253     18        280       13      21      6          40          650
  Total Volume     82    829     19      930      77     91    100         268       33   1222     83       1338       43      78     36         157         2693
  % App. Total    8.8   89.1      2             28.7     34   37.3                  2.5   91.3    6.2                27.4    49.7   22.9
           PHF   .820   .925   .594     .905    .802   .758   .806        .893     .635   .868   .798       .858     .827    .813   .643        .935         .943
