                                                                 City of High Point
                                                            Department of Transportation
                                                                Summer Count Program
                                                                   High Point, NC
Counted By: Charlotte Johnson &                                                                                            File Name          :   MainSalem
Kenneth Johnson                                                                                                            Site Code          :   00000049
Weather: Clear                                                                                                             Start Date         :   7/11/2006
                                                                                                                           Page No            :   1

                                                               Groups Printed- Cars - Trucks
                       SALEM STREET                        MAIN STREET                  SALEM STREET                          MAIN STEET
                         From North                         From East                     From South                           From West
Start Time     Right    Thru   Left   App. Total   Right   Thru   Left App. Total Right  Thru   Left   App. Total   Right    Thru    Left   App. Total   Int. Total
   06:00 AM        0      17      0         17         3      6      2        11      8    16     12         36         3        7      1          11          75
   06:15 AM        1      16      4         21         4     11      2        17      5    29      6         40         5       19      1          25         103
   06:30 AM        0      30      2         32         6     16      5        27     10    42     14         66        14       20      3          37         162
   06:45 AM        2      29      3         34         4     17      5        26      5    40     11         56        11       24      1          36         152
      Total        3      92      9        104        17     50     14        81     28   127     43        198        33       70      6         109         492

   07:00 AM       4      36      3          43        5     15      7       27      4     39      9          52       11       14      0           25         147
   07:15 AM       3      36      2          41        1     21      7       29      4     57     14          75        7       19      3           29         174
   07:30 AM       2      55      0          57        4     15      7       26      7     50     23          80       12       18      4           34         197
   07:45 AM       4      60      4          68        2     16     12       30     18     54     18          90        9       27      7           43         231
      Total      13     187      9         209       12     67     33      112     33    200     64         297       39       78     14          131         749

   08:00 AM       2      57      3          62        9     18      5       32      9     51     20          80       10       15      6           31         205
   08:15 AM       4      43      1          48        9     26     11       46     14     41     16          71       11       21      7           39         204
   08:30 AM       7      43      1          51        7     25      8       40      9     26     27          62       14       17     10           41         194
   08:45 AM       1      50      3          54        6     29      4       39     10     29     17          56       21       20      8           49         198
      Total      14     193      8         215       31     98     28      157     42    147     80         269       56       73     31          160         801

   09:00 AM       3      43      2          48        4     19     11       34      6     40     28          74       14       17      4           35         191
   09:15 AM       7      48      2          57        9     19      6       34      6     43     23          72       26       17      3           46         209
   09:30 AM       3      40      3          46        2     26     11       39      7     44     32          83       17       26      4           47         215
   09:45 AM       4      44      0          48        2     18     12       32     12     36     31          79       20       18      1           39         198
      Total      17     175      7         199       17     82     40      139     31    163    114         308       77       78     12          167         813

   10:00 AM       7      45      3          55        5     12     15       32      7     41     29          77       18       16      9           43         207
   10:15 AM       8      43      3          54        5     23     12       40     18     59     23         100       17       32      9           58         252
   10:30 AM       4      50      5          59        9     22     11       42     11     41     29          81       21       25      4           50         232
   10:45 AM       3      53      5          61        7     39     15       61     14     49     23          86       21       34      6           61         269
      Total      22     191     16         229       26     96     53      175     50    190    104         344       77      107     28          212         960

   11:00 AM       6      61      2          69        4     19     22       45      7     58     33          98       23       16      7           46         258
   11:15 AM       7      50      7          64        3     22     15       40     13     39     18          70       29       19      4           52         226
   11:30 AM       6      49      1          56        8     25     13       46     14     41     34          89       30       29      5           64         255
   11:45 AM       5      64      4          73        8     21     10       39     10     69     25         104       16       28      7           51         267
      Total      24     224     14         262       23     87     60      170     44    207    110         361       98       92     23          213        1006

   12:00 PM       7      39      7          53        5     37     28       70     14     49     36          99       29       39      5           73         295
   12:15 PM       5      45      2          52        7     36     22       65     17     63     24         104       28       35      6           69         290
   12:30 PM       7      52      0          59        6     35     18       59     19     57     31         107       26       31      6           63         288
   12:45 PM       8      61      6          75        5     26      9       40     18     60     34         112       23       29      8           60         287
      Total      27     197     15         239       23    134     77      234     68    229    125         422      106      134     25          265        1160

   01:00 PM       3      37      5          45       11     29     19       59     13     62     28         103       24       29      6           59         266
   01:15 PM      12      51      0          63        4     32     20       56     10     63     27         100       24       19      7           50         269
   01:30 PM       2      51      7          60       12     23     14       49     14     57     28          99       23       30      5           58         266
   01:45 PM       8      48      0          56        8     27     26       61     24     51     23          98       24       26      6           56         271
      Total      25     187     12         224       35    111     79      225     61    233    106         400       95      104     24          223        1072

   02:00 PM      11      50      5          66        9     24     18       51     13     50     15          78       14       25     10           49         244
   02:15 PM       7      46      5          58        7     11     17       35     11     59     28          98       39       15     12           66         257
   02:30 PM       8      43      3          54        7     23     18       48     14     70     25         109       10       28      9           47         258
   02:45 PM       6      67      4          77        4     36     17       57     15     57     25          97       21       22     11           54         285
      Total      32     206     17         255       27     94     70      191     53    236     93         382       84       90     42          216        1044

   03:00 PM       5      53      4          62        5     24     17       46     12     48     23          83       27       33      7           67         258
   03:15 PM      11      72      5          88        8     39     22       69     18     53     22          93       26       30      7           63         313
   03:30 PM       5      51      3          59        8     40     19       67     15     68     40         123       19       21      2           42         291
   03:45 PM       5      62      4          71       11     29     27       67     13     48     41         102       23       28      8           59         299
      Total      26     238     16         280       32    132     85      249     58    217    126         401       95      112     24          231        1161

   04:00 PM       5      72      3          80        9     29     16       54     13     72     25         110       34       16      7           57         301
   04:15 PM       8      56      5          69        8     27     24       59     14     58     28         100       34       27      9           70         298
   04:30 PM       6      69      2          77        8     48     24       80     22     67     25         114       26       38     15           79         350
   04:45 PM       5      91      5         101        9     36     26       71     12     74     26         112       19       25      7           51         335
      Total      24     288     15         327       34    140     90      264     61    271    104         436      113      106     38          257        1284

   05:00 PM       5      84      4          93        3     27     14       44     10     74     33         117       32       28      8           68         322
   05:15 PM       8      77      2          87        6     28     24       58     19     75     27         121       15       30      5           50         316
   05:30 PM       3      81      1          85        2     28     19       49     16     64     34         114       21       33      3           57         305
   05:45 PM       7      79      0          86        6     32     20       58     13     76     30         119       18       23      2           43         306
      Total      23     321      7         351       17    115     77      209     58    289    124         471       86      114     18          218        1249

 Grand Total    250    2499    145        2894      294    1206    706    2206    587   2509   1193        4289      959     1158    285        2402        11791
    Apprch %    8.6    86.4      5                 13.3    54.7     32           13.7   58.5   27.8                 39.9     48.2   11.9
     Total %    2.1    21.2    1.2        24.5      2.5    10.2      6    18.7      5   21.3   10.1        36.4      8.1      9.8    2.4        20.4
        Cars    237    2356    139        2732      283    1151    676    2110    572   2369   1144        4085      917     1097    274        2288        11215
      % Cars   94.8    94.3   95.9        94.4     96.3    95.4   95.8    95.6   97.4   94.4   95.9        95.2     95.6     94.7   96.1        95.3         95.1
      Trucks     13     143      6         162       11      55     30      96     15    140     49         204       42       61     11         114          576
    % Trucks    5.2     5.7    4.1         5.6      3.7     4.6    4.2     4.4    2.6    5.6    4.1         4.8      4.4      5.3    3.9         4.7          4.9
                                                    City of High Point
                                               Department of Transportation
                                                   Summer Count Program
                                                      High Point, NC
Counted By: Charlotte Johnson &                                                               File Name            :   MainSalem
Kenneth Johnson                                                                               Site Code            :   00000049
Weather: Clear                                                                                Start Date           :   7/11/2006
                                                                                              Page No              :   2

                                                        SALEM STREET
                                                     Out      In   Total
                                                     2926    2732   5658
                                                      162      162   324
                                                     3088    2894   5982


                                                        237 2356      139
                                                         13  143          6
                                                        250 2499      145
                                                      Right Thru     Left
                    231
                   4820

                   5051
                   Total




                                                                                           1890

                                                                                           1808
                                                                                           Out
                                   285
                                    11
                                   274




                                                                              Right Thru




                                                                                             82
                                  Left




                                                                                294 1206

                                                                                283 1151
                                                             North




                                                                                               MAIN STREET
                                                                                 11
                     MAIN STEET


                           114
                          2288

                          2402




                                                    7/11/2006 06:00 AM
                                    959 1158
                                          61
                                    917 1097


                                  Right Thru
                           In




                                                                                                   2206

                                                                                                   2110
                                                                                                    In
                                                    7/11/2006 05:45 PM




                                                                                      55




                                                                                                      96
                                                    Cars
                                     42




                                                                              Left
                 2532

                 2649
                  117




                                                                               706

                                                                               676
                                                    Trucks
                 Out




                                                                                                           Total
                                                                                30



                                                                                                           4096

                                                                                                           3918
                                                                                                            178
                                                      Left Thru Right
                                                      1144 2369   572
                                                        49  140    15
                                                      1193 2509   587


                                                     3949    4085   8034
                                                      215      204   419
                                                     4164    4289   8453
                                                     Out      In   Total
                                                        SALEM STREET
                                                             City of High Point
                                                        Department of Transportation
                                                            Summer Count Program
                                                               High Point, NC
Counted By: Charlotte Johnson &                                                                                              File Name          :   MainSalem
Kenneth Johnson                                                                                                              Site Code          :   00000049
Weather: Clear                                                                                                               Start Date         :   7/11/2006
                                                                                                                             Page No            :   3


                        SALEM STREET                   MAIN STREET                        SALEM STREET                          MAIN STEET
                          From North                    From East                           From South                           From West
 Start Time Right        Thru   Left App. Total Right  Thru   Left   App. Total   Right    Thru   Left   App. Total   Right    Thru    Left   App. Total   Int. Total
Peak Hour Analysis From 06:00 AM to 09:45 AM - Peak 1 of 1
Peak Hour for Entire Intersection Begins at 07:30 AM
      07:30 AM      2      55      0        57      4    15      7         26        7      50     23          80       12       18      4           34         197
      07:45 AM      4      60      4        68      2    16     12         30       18      54     18          90        9       27      7           43         231
      08:00 AM      2      57      3        62      9    18      5         32        9      51     20          80       10       15      6           31         205
      08:15 AM      4      43      1        48      9    26     11         46       14      41     16          71       11       21      7           39         204
  Total Volume     12     215      8       235     24    75     35        134       48     196     77         321       42       81     24          147         837
  % App. Total    5.1    91.5    3.4             17.9    56   26.1                  15    61.1     24                 28.6     55.1   16.3
           PHF   .750    .896   .500      .864   .667  .721   .729       .728     .667    .907   .837        .892     .875     .750   .857        .855         .906

Peak Hour Analysis From 10:00 AM to 01:45 PM - Peak 1 of 1
Peak Hour for Entire Intersection Begins at 12:00 PM
      12:00 PM      7     39      7       53       5     37     28         70       14      49     36          99       29       39      5           73         295
      12:15 PM      5     45      2       52       7     36     22         65       17      63     24         104       28       35      6           69         290
      12:30 PM      7     52      0       59       6     35     18         59       19      57     31         107       26       31      6           63         288
      12:45 PM      8     61      6       75       5     26      9         40       18      60     34         112       23       29      8           60         287
  Total Volume     27    197     15      239      23    134     77        234       68     229    125         422      106      134     25          265        1160
  % App. Total   11.3   82.4    6.3              9.8   57.3   32.9                16.1    54.3   29.6                   40     50.6    9.4
           PHF   .844   .807   .536     .797    .821   .905   .688       .836     .895    .909   .868        .942     .914     .859   .781        .908         .983

Peak Hour Analysis From 02:00 PM to 05:45 PM - Peak 1 of 1
Peak Hour for Entire Intersection Begins at 04:30 PM
      04:30 PM      6     69      2       77       8     48     24         80       22      67     25         114       26       38     15           79         350
      04:45 PM      5     91      5      101       9     36     26         71       12      74     26         112       19       25      7           51         335
      05:00 PM      5     84      4       93       3     27     14         44       10      74     33         117       32       28      8           68         322
      05:15 PM      8     77      2       87       6     28     24         58       19      75     27         121       15       30      5           50         316
  Total Volume     24    321     13      358      26    139     88        253       63     290    111         464       92      121     35          248        1323
  % App. Total    6.7   89.7    3.6             10.3   54.9   34.8                13.6    62.5   23.9                 37.1     48.8   14.1
           PHF   .750   .882   .650     .886    .722   .724   .846       .791     .716    .967   .841        .959     .719     .796   .583        .785         .945
