                                                                           City of High Point
                                                                      Department of Transportation
                                                                          Summer Count Program
AA
                                                                             High Point, NC
Counted By: Leon Chidester &                                                                                                       File Name          :    NMainStateAve
Kevin Grier                                                                                                                        Site Code          :    00000010
Weather: Clear                                                                                                                     Start Date         :    6/7/2006
                                                                                                                                   Page No            :    1


                                                                       Groups Printed- Cars - Trucks
                          N MAIN STREET                       E STATE STREET                N MAIN STREET                         E STATE STREET
                            Southbound                           Westbound                    Northbound                             Eastbound
     Start Time    Left    Thru Right     App. Total   Left     Thru Right App. Total Left   Thru Right     App. Total   Left   Thru Right     Peds       App. Total   Int. Total
        06:00 AM      0      72      0          72        1        3      1         5    1      35     6          42        3      0      0       0              3          122
        06:15 AM      1      85      1          87        1        0      1         2    0      47     3          50        2      1      3       0              6          145
        06:30 AM      0     154      1         155        2        0      0         2    1      61     5          67        2      0      2       0              4          228
        06:45 AM      3     149      1         153        1        0      1         2    1      83     4          88        2      0      1       0              3          246
           Total      4     460      3         467        5        3      3       11     3     226    18         247        9      1      6       0             16          741

        07:00 AM     0     146      0          146       1        0       5      6      0      93      6          99       2       1      3      0               6         257
        07:15 AM     2     184      0          186       3        0       2      5      0     109      1         110       2       0      4      0               6         307
        07:30 AM     6     270      2          278       4        0       8     12      0     152      3         155       4       1      1      0               6         451
        07:45 AM     7     304      1          312       2        4       3      9      0     145      3         148      10       2      1      0              13         482
           Total    15     904      3          922      10        4      18     32      0     499     13         512      18       4      9      0              31        1497

        08:00 AM     8      284     2         294        4        1       7     12      2     152      8         162      11       3      2      0              16         484
        08:15 AM     5      246     4         255        8        0       5     13      0     115      7         122      15       2      5      0              22         412
        08:30 AM     1      252     1         254        8        1       7     16      2     150      3         155      11       1      6      0              18         443
        08:45 AM     4      284     0         288        6        2       5     13      4     165      3         172      12       6      2      0              20         493
           Total    18     1066     7        1091       26        4      24     54      8     582     21         611      49      12     15      0              76        1832

        09:00 AM    10     219      1          230       3        1       8     12      1     160      5         166      12       6      2      0              20         428
        09:15 AM    11     200      3          214       1        1       7      9      1     149      9         159       3       4      4      0              11         393
        09:30 AM     7     216      2          225       5        4       4     13      1     186      5         192      12       7      6      0              25         455
        09:45 AM     7     209      2          218      11        2      13     26      2     184      6         192      13       7      1      0              21         457
           Total    35     844      8          887      20        8      32     60      5     679     25         709      40      24     13      0              77        1733

        10:00 AM     6     209      0          215      11        1       5     17      5     176      7         188      12       6      5      0              23         443
        10:15 AM     5     199      1          205       4        3       7     14      2     201      9         212      10       4      5      0              19         450
        10:30 AM     6     209      2          217       9        2       5     16      3     235     14         252      12      10      2      0              24         509
        10:45 AM     5     201      3          209       6        2      12     20      2     221      8         231      14       9      7      0              30         490
           Total    22     818      6          846      30        8      29     67     12     833     38         883      48      29     19      0              96        1892

        11:00 AM    11     201      4          216       7        4       5     16      4     215     10        229       21       8      0      0              29         490
        11:15 AM     7     220      3          230      11        2       6     19      0     227     14        241       17       7      7      0              31         521
        11:30 AM     9     225      1          235       8        1      16     25      5     260     11        276       10       5      3      0              18         554
        11:45 AM     6     235      3          244       2        4      13     19      2     307     13        322       18       6      3      0              27         612
           Total    33     881     11          925      28       11      40     79     11    1009     48       1068       66      26     13      0             105        2177

        12:00 PM    15     180      3         198        9        1      19      29     3     322     10        335       24      10      6      0              40         602
        12:15 PM    14     256      4         274       10        3      13      26     3     311      4        318       20       2      2      0              24         642
        12:30 PM    24     250      3         277       14        4       9      27     7     313     14        334       15       5      8      0              28         666
        12:45 PM    11     239     10         260        9        6      12      27     6     276      7        289       20       7      5      0              32         608
           Total    64     925     20        1009       42       14      53     109    19    1222     35       1276       79      24     21      0             124        2518

        01:00 PM    10      244     6         260       15        2      12      29     7     295     14        316       24       7      5      0              36         641
        01:15 PM    13      302     6         321        5        5      15      25     3     244     13        260       11       5      7      0              23         629
        01:30 PM     9      270     7         286       11        1      10      22     8     264     12        284       18       6      7      0              31         623
        01:45 PM    15      298     4         317       13        6       8      27     3     233     16        252        9       2      2      0              13         609
           Total    47     1114    23        1184       44       14      45     103    21    1036     55       1112       62      20     21      0             103        2502

        02:00 PM    13     226      0          239       2        2      11     15      1     290      5        296       16       5      6      0              27         577
        02:15 PM     4     239      7          250      13        1       7     21      4     237      6        247       10       5      1      0              16         534
        02:30 PM     6     224      0          230       5        2       6     13      8     282      7        297       17       9      6      0              32         572
        02:45 PM    11     186      2          199       9        1      18     28      2     242     10        254        8       5      8      0              21         502
           Total    34     875      9          918      29        6      42     77     15    1051     28       1094       51      24     21      0              96        2185

        03:00 PM     9     211      1          221      10        0       7     17      3     201      9        213       13       7      3      0              23         474
        03:15 PM     9     230      3          242      10        4      10     24      5     265      9        279       18       5      5      0              28         573
        03:30 PM     5     198      2          205       6        5      10     21      4     271     12        287       17       7      1      0              25         538
        03:45 PM     8     207      7          222       6        7      11     24      2     298     11        311       11       4      1      0              16         573
           Total    31     846     13          890      32       16      38     86     14    1035     41       1090       59      23     10      0              92        2158

        04:00 PM     8     209      4          221       7        1       9     17      6     290     11        307       20       3      4      0              27         572
        04:15 PM    10     204      4          218       9        7      13     29      3     285     15        303       18      11      5      0              34         584
        04:30 PM     8     210      1          219       5        2       7     14      6     303      9        318       16      15      7      0              38         589
        04:45 PM     6     183      2          191       9        5       9     23      4     331      9        344       18       5      3      0              26         584
           Total    32     806     11          849      30       15      38     83     19    1209     44       1272       72      34     19      0             125        2329

        05:00 PM     4     214      6          224       7        4      12     23      6     354      8        368       28      13      7      0              48         663
        05:15 PM     7     203      2          212      11        6      14     31      3     364      6        373       22       4      3      0              29         645
        05:30 PM     4     210      8          222       2        5      10     17      5     304      6        315       11       2      5      0              18         572
        05:45 PM    10     194      4          208       6        5       8     19      2     241      8        251       15       3      3      0              21         499
           Total    25     821     20          866      26       20      44     90     16    1263     28       1307       76      22     18      0             116        2379

     Grand Total    360   10360    134      10854       322     123     406     851    143   10644    394     11181       629    243    185      0           1057        23943
        Apprch %    3.3    95.4    1.2                 37.8    14.5    47.7            1.3    95.2    3.5                59.5     23   17.5      0
         Total %    1.5    43.3    0.6       45.3       1.3     0.5     1.7     3.6    0.6    44.5    1.6      46.7       2.6      1    0.8      0            4.4
            Cars    358   10140    133      10631       320     122     404     846    141   10418    388     10947       628    242    182      0           1052        23476
          % Cars   99.4    97.9   99.3       97.9      99.4    99.2    99.5    99.4   98.6    97.9   98.5      97.9      99.8   99.6   98.4      0           99.5           98
          Trucks      2     220      1        223         2       1       2       5      2     226      6       234         1      1      3      0              5          467
        % Trucks    0.6     2.1    0.7        2.1       0.6     0.8     0.5     0.6    1.4     2.1    1.5       2.1       0.2    0.4    1.6      0            0.5            2
                                                                   City of High Point
                                                              Department of Transportation
                                                                  Summer Count Program
AA
                                                                     High Point, NC
Counted By: Leon Chidester &                                                                                    File Name          :   NMainStateAve
Kevin Grier                                                                                                     Site Code          :   00000010
Weather: Clear                                                                                                  Start Date         :   6/7/2006
                                                                                                                Page No            :   2

                                                                       N MAIN STREET
                                                                    Out      In    Total
                                                                   11450   10631   22081
                                                                     229      223    452
                                                                   11679   10854   22533


                                                                       133 10140      358
                                                                         1   220          2
                                                                       134 10360      360
                                                                     Right Thru      Left
                                       9




                                            629
                                                1
                                    1448

                                    1457


                                            628
                                   Total




                                           Left




                                                                                                            Out
                                                                                                             997

                                                                                                             988
                                                                                              Right Thru




                                                                                                              E STATE STREET
                     E STATE STREET




                                                                                                406

                                                                                                404



                                                                                                                9
                                                                             North
                                                       243
                                                          1
                                                       242


                                           Peds Right Thru




                                                                                                  2
                                5
                            1052

                            1057




                                                                    6/7/2006 06:00 AM
                             In




                                                                                                                    In
                                                                                                     123

                                                                                                     122


                                                                                                                     851

                                                                                                                     846
                                                                    6/7/2006 05:45 PM
                                                  185
                                                    3
                                                  182




                                                                                                        1




                                                                                                                       5
                                                                    Cars




                                                                                              Left
                        4
                     396

                     400




                                                                                               322

                                                                                               320
                                                                    Trucks
                    Out




                                                                                                                           Total
                                              0




                                                                                                                           1848

                                                                                                                           1834
                                              0
                                              0




                                                                                                   2




                                                                                                                              14
                                                                      Left   Thru Right
                                                                       141 10418    388
                                                                           2  226     6
                                                                       143 10644    394


                                                                   10642   10947   21589
                                                                     225      234    459
                                                                   10867   11181   22048
                                                                    Out      In    Total
                                                                       N MAIN STREET
                                                                         City of High Point
                                                                    Department of Transportation
                                                                        Summer Count Program
AA
                                                                           High Point, NC
Counted By: Leon Chidester &                                                                                                       File Name          :    NMainStateAve
Kevin Grier                                                                                                                        Site Code          :    00000010
Weather: Clear                                                                                                                     Start Date         :    6/7/2006
                                                                                                                                   Page No            :    3


                      N MAIN STREET               E STATE STREET                            N MAIN STREET                         E STATE STREET
                        Southbound                    Westbound                               Northbound                             Eastbound
 Start Time     Left   Thru Right App. Total Left    Thru Right App.         Total   Left    Thru Right     App. Total   Left   Thru Right     Peds       App. Total   Int. Total
Peak Hour Analysis From 06:00 AM to 09:45 AM - Peak 1 of 1
Peak Hour for Entire Intersection Begins at 08:00 AM
                      Tot.      Tot.
        08:00 AM                          2      2      4      1        1     12       2      152   152          162      11       3      2      0              16          484
                    Volume|   Volume|
         08:15 AM      5       246       246    255    255      0       5     13        0     115      7         122      122      2      5      0               0         412
         08:30 AM      1       252         1    254      8      1       7      7        2     150      3         155       11      1      1      0              18         443
         08:45 AM      4       284         0    288      6      6       5     13       13      13      3           3       12     12      2      0              20          20
     Total Volume     18      1066         7   1091     26      4      24     54        8     582     21         611       49     12     15      0              76        1832
     % App. Total    1.6      97.7       0.6          48.1    7.4    44.4             1.3    95.3    3.4                 64.5   15.8   19.7      0
              PHF   .563      .938      .438   .928   .813   .500    .857   .844     .500    .882   .656       .888      .817   .500   .625   .000           .864         .929

Peak Hour Analysis From 10:00 AM to 01:45 PM - Peak 1 of 1
Peak Hour for Entire Intersection Begins at 12:15 PM
     12:15 PM     14     14      4     274     10       3     3               26        3     311      4        318        20      2      2      0              24         642
     12:30 PM    642    250      3       3     14       4     9               27       27      27     27         27        15      5      5      0              28          28
     12:45 PM     11    239    239     260      9       9    12               27        6     276      7        289        20     20      5      0              32         608
     01:00 PM     10    244      6     260    260       2    12               12        7     295     14        316       316      7      5      0               0         641
 Total Volume     59    989     23    1071     48      15    46              109       23    1195     39       1257        79     21     20      0             120        2557
 % App. Total    5.5   92.3    2.1             44    13.8  42.2                       1.8    95.1    3.1                 65.8   17.5   16.7      0
          PHF   .615   .966   .575    .967   .800    .625  .885             .940     .821    .954   .696       .941      .823   .750   .625   .000           .833         .960

Peak Hour Analysis From 02:00 PM to 05:45 PM - Peak 1 of 1
Peak Hour for Entire Intersection Begins at 04:30 PM
                      Tot.
        04:30 PM               210        1    219      5      2        7     14      14      303   303          318      16      16     16      0              38          589
                    Volume|
         04:45 PM      6       183         2   191       9      5       9     23        4     331      9        344        18      5      3      0              26         584
         05:00 PM      4         4         4     4       7      4      12     23        6     354      8        368       368     13      7      0               0           0
         05:15 PM      7       203         2   212     212    212     212    212        3       3      6          6        22      4      3      0              29         645
     Total Volume     25       810        11   846      32     17      42     91       19    1352     32       1403        84     37     20      0             141        2481
     % App. Total      3      95.7       1.3          35.2   18.7    46.2             1.4    96.4    2.3                 59.6   26.2   14.2      0
              PHF   .781      .946      .458   .944   .727   .708    .750   .734     .792    .929   .889       .940      .750   .617   .714   .000           .734         .936
