                                                                               Chittenden County MPO
                                                                                  110 West Canal St., Suite 202
                                                                                    Winooski, Vermont 05404
ID : SOBR-08                                                                         http://www.ccmpo.org/                                                                   File Name         : sobr08
LOC : US 2 & DORSET ST / HOLIDAY INN                                                                                                                                         Site Code         : SOBR-08
CITY : South Burlington, VT / Sunny                                                                                                                                          Start Date        : 7/1/2009
COUNTERS : KP TN EP KO                                                                                                                                                       Page No           :1


                                                                                         Groups Printed- AUTO
                             Holiday Inn                                        US 2                                    Dorset St.                                        US 2
                             From North                                      From East                                 From South                                      From West
Start Time      Right   Thru     Left    Peds    App. Total   Right   Thru       Left  Peds  App. Total   Right   Thru     Left    Peds    App. Total   Right   Thru       Left  Peds    App. Total   Int. Total
   07:00 AM         2      0       1         0           3        0    155        14       1      170        12      0      55         1         68        73    174         1       0        248          489
   07:15 AM         0      0       2         0           2        0    205        23       0      228        13      0      48       10          71        72    211         4       0        287          588
   07:30 AM         2      0       2         0           4        1    201        13       2      217        18      0      61         1         80      133     228         1       1        363          664
   07:45 AM         3      0       1         0           4        0    223        31       2      256        13      0      93         2        108      168     263         4       0        435          803
        Total       7      0       6         0          13        1    784        81       5      871        56      0     257       14         327      446     876        10       1       1333         2544

   08:00 AM        1       0        2       0            3       2     221       24        1       248      27       0      62        0          89      114    205          2      0         321          661
   08:15 AM        0       3        0       0            3       1     206       42        0       249      20       0      96        0         116      124    207          1      0         332          700
   08:30 AM        1       0        1       0            2       1     192       25        4       222      35       0      78        1         114      127    214          0      0         341          679
   08:45 AM        0       0        3       0            3       0     210       46        0       256      31       1      71        2         105      152    189          2      0         343          707
        Total      2       3        6       0           11       4     829      137        5       975     113       1     307        3         424      517    815          5      0        1337         2747

   09:00 AM        4       0        2       0            6       2     181       43        0       226      29       0      86        0         115      154    185          2      0         341          688
   09:15 AM        2       0        2       0            4       0     187       35        2       224      27       0      66        2          95      147    161          2      2         312          635
   09:30 AM        1       0        1       0            2       0     213       41        2       256      25       1     105        1         132      144    172          0      0         316          706
   09:45 AM        0       0        1       0            1       1     190       49        3       243      36       0     106        0         142      164    188          2      0         354          740
        Total      7       0        6       0           13       3     771      168        7       949     117       1     363        3         484      609    706          6      2        1323         2769

   10:00 AM        2       0        1       0            3       0     192       41        1       234      40       0      78        1         119      154    180          1      0         335          691
   10:15 AM        2       1        1       0            4       1     180       52        1       234      41       0     113        2         156      135    172          0      1         308          702
   10:30 AM        0       0        0       0            0      24     168       51        1       244      60       0     129        0         189      156    191          1      1         349          782
   10:45 AM        0       0        3       0            3      27     212       57        1       297      61       0     131        3         195      174    202          6      1         383          878
        Total      4       1        5       0           10      52     752      201        4      1009     202       0     451        6         659      619    745          8      3        1375         3053

   11:00 AM        1       0        1       0            2       2     208       44        0       254      46       0     141        2         189      166    223         3       1         393          838
   11:15 AM        2       2        2       0            6      40     215       61        4       320      58       0     135        3         196      159    188         4       0         351          873
   11:30 AM        4       1        3       0            8       1     211       57        0       269      73       0     135        0         208      180    208         4       2         394          879
   11:45 AM        2       1        2       0            5       1     170       44        1       216      54       1      99        1         155      167    220         3       1         391          767
        Total      9       4        8       0           21      44     804      206        5      1059     231       1     510        6         748      672    839        14       4        1529         3357

   12:00 PM        1       0        2       2            5       3     214       66        0       283      85       0     136        0         221      183    243         5       0         431          940
   12:15 PM        4       1        3       0            8       1     240       70        1       312      72       0     166        2         240      179    215         4       0         398          958
   12:30 PM        0       0        0       0            0       1     290       77        0       368      75       0     179        3         257      177    206         1       2         386         1011
   12:45 PM        1       1        1       0            3       3     293       56        0       352      67       0     192        0         259      188    226         2       0         416         1030
        Total      6       2        6       2           16       8    1037      269        1      1315     299       0     673        5         977      727    890        12       2        1631         3939

   01:00 PM        2       0        0       0             2      1     263       78        1       343      52       0     166        0         218      155    228         2       0         385          948
   01:15 PM        0       0        1       0             1      1     257       83        1       342      73       1     168        0         242      178    190         3       0         371          956
   01:30 PM        0       0        0       0             0      0     283       72        0       355      47       0     153        0         200      137    214         4       0         355          910
   01:45 PM        2       0        0       0             2      3     265       61        3       332      68       0     195        3         266      181    206         2       0         389          989
        Total      4       0        1       0             5      5    1068      294        5      1372     240       1     682        3         926      651    838        11       0        1500         3803
                                                                                  Chittenden County MPO
                                                                                     110 West Canal St., Suite 202
                                                                                       Winooski, Vermont 05404
ID : SOBR-08                                                                            http://www.ccmpo.org/                                                                    File Name         : sobr08
LOC : US 2 & DORSET ST / HOLIDAY INN                                                                                                                                             Site Code         : SOBR-08
CITY : South Burlington, VT / Sunny                                                                                                                                              Start Date        : 7/1/2009
COUNTERS : KP TN EP KO                                                                                                                                                           Page No           :2
                                                                                            Groups Printed- AUTO
                              Holiday Inn                                          US 2                                    Dorset St.                                         US 2
                              From North                                        From East                                 From South                                       From West
Start Time       Right   Thru     Left    Peds    App. Total   Right    Thru        Left  Peds  App. Total   Right   Thru     Left    Peds    App. Total   Right   Thru        Left  Peds    App. Total   Int. Total
    02:00 PM         0      0       0         0            0       2     316         69       2      389        51      0     189         2        242      196     181          1       4        382         1013
    02:15 PM         0      0       0         0            0       0     207         69       2      278        62      1     215         1        279      184     147          4       0        335          892
    02:30 PM         0      0       0         0            0       9     249         71       1      330        66      0     169         2        237      212     156          8       1        377          944
    02:45 PM         4      0       1         0            5       1     253         60       5      319        57     10     155         3        225      217     244          8       1        470         1019
         Total       4      0       1         0            5      12    1025        269     10      1316      236      11     728         8        983      809     728         21       6       1564         3868

    03:00 PM        0       3        0       0            3       1      237        54        2       294      56       0     175        0         231      194     199         4       0         397          925
    03:15 PM        9       0        3       0           12       2      239        63        4       308      59       0     193        0         252      172     213         1       0         386          958
    03:30 PM        2       3        2       0            7       2      280        51        2       335      56       1     228        0         285      191     173         5       4         373         1000
    03:45 PM        1       4        1       0            6       0      279        56        1       336      48       0     164        2         214      235     231         5       1         472         1028
         Total     12      10        6       0           28       5     1035       224        9      1273     219       1     760        2         982      792     816        15       5        1628         3911

    04:00 PM        2       2        0       2            6       2      274        58        5       339      56       0     202        0         258      193     224         7       1         425         1028
    04:15 PM        1       1        4       0            6       0      303        59        2       364      59       0     212        8         279      203     206         3       0         412         1061
    04:30 PM        2       1        4       0            7       5      323        73        6       407      68       1     209        0         278      155     199         1       0         355         1047
    04:45 PM        3       0        0       0            3       3      304        66        2       375      62       2     207        2         273      190     217         3       0         410         1061
         Total      8       4        8       2           22      10     1204       256       15      1485     245       3     830       10        1088      741     846        14       1        1602         4197

    05:00 PM        4       1        2       1            8       0      251        37        3       291      40       1     155        0         196      202     251         4       0         457          952
    05:15 PM        1       2        0       0            3       2      243        38        2       285      44       1     206        1         252      204     221         5       2         432          972
    05:30 PM        3       2        3       0            8       2      319        42        6       369      52       0     184        2         238      204     259        12       4         479         1094
    05:45 PM        5       0        0       2            7       0      240        50        5       295      48       0     198        1         247      187     186         3       4         380          929
         Total     13       5        5       3           26       4     1053       167       16      1240     184       2     743        4         933      797     917        24      10        1748         3947

    06:00 PM        2       1        0       3            6       3      269        48        5       325      55       0     198        9         262      167     229         2       0         398          991
    06:15 PM        1       2        2       0            5       1      228        54        3       286      49       0     219        1         269      136     153         1       0         290          850
    06:30 PM        1       0        1       0            2       2      182        43        4       231      42       1     136        2         181      127     174         5       0         306          720
    06:45 PM        1       3        3       0            7       0      239        37        2       278      59       0     193        0         252      116     128         4       3         251          788
         Total      5       6        6       3           20       6      918       182       14      1120     205       1     746       12         964      546     684        12       3        1245         3349

  Grand Total      81      35      64       10         190      154    11280      2454       96    13984     2347      22    7050       76        9495     7926    9700       152       37     17815        41484
    Apprch %     42.6    18.4    33.7      5.3                   1.1     80.7      17.5     0.7               24.7    0.2     74.2     0.8                  44.5    54.4       0.9     0.2
      Total %     0.2     0.1     0.2        0          0.5      0.4     27.2       5.9     0.2      33.7      5.7    0.1       17     0.2         22.9     19.1    23.4       0.4     0.1        42.9
                                                         Chittenden County MPO
                                                          110 West Canal St., Suite 202
                                                            Winooski, Vermont 05404
ID : SOBR-08                                                 http://www.ccmpo.org/                                File Name    : sobr08
LOC : US 2 & DORSET ST / HOLIDAY INN                                                                              Site Code    : SOBR-08
CITY : South Burlington, VT / Sunny                                                                               Start Date   : 7/1/2009
COUNTERS : KP TN EP KO                                                                                            Page No      :3

                                                                        Holiday Inn
                                                                 Out         In     Total
                                                                  328         190     518


                                                                  81   35       64   10
                                                               Right Thru     Left Peds




                               36226


                                        152




                                                                                            Right Thru
                               Total




                                                                                                          12111
                                       Left




                                                                                              154 11280



                                                                                                           Out
                                                                          North
                                         37 7926 9700
                                       Peds Right Thru
                             17815




                                                                                                          13984

                                                                                                          US 2
                             US 2
                               In




                                                                                                            In
                                                                7/1/2009 07:00 AM




                                                                                            Left Peds
                                                                                            2454
                                                                7/1/2009 06:45 PM
                               18411




                                                                AUTO




                                                                                                          26095
                                Out




                                                                                                          Total
                                                                                                   96
                                                                Left Thru Right Peds
                                                                7050   22 2347    76


                                                                10415     9495     19910
                                                                 Out       In      Total
                                                                        Dorset St.
