                                                                               Chittenden County MPO
                                                                                  110 West Canal St., Suite 202
                                                                                    Winooski, Vermont 05404
ID : SOBR-08                                                                         http://www.ccmpo.org/                                                                   File Name          : sobr08
LOC : US 2 & DORSET ST / HOLIDAY INN                                                                                                                                         Site Code          : SOBR-08
CITY : South Burlington, VT / Sunny                                                                                                                                          Start Date         : 7/1/2009
COUNTERS : KP TN EP KO                                                                                                                                                       Page No            :1


                                                                                  Groups Printed- AUTO - TRUCK - BUS
                             Holiday Inn                                        US 2                                   Dorset St.                                        US 2
                             From North                                      From East                                From South                                      From West
Start Time      Right   Thru     Left Bike/Ped   App. Total   Right   Thru       Left Bike/Ped App. Total Right  Thru     Left Bike/Ped   App. Total   Right   Thru       Left Bike/Ped   App. Total   Int. Total
   07:00 AM         2      0       1         0           3        0    173        14         1      188      13     0      55         1         69        73    183         1         2        259          519
   07:15 AM         0      0       2         0           2        0    220        23         1      244      13     0      51        12         76        76    217         4         0        297          619
   07:30 AM         2      0       2         0           4        2    221        14         4      241      18     0      62         2         82      134     234         1         3        372          699
   07:45 AM         3      0       1         0           4        0    236        32         3      271      13     0      95         2        110      176     269         4         1        450          835
        Total       7      0       6         0          13        2    850        83         9      944      57     0     263        17        337      459     903        10         6       1378         2672

   08:00 AM        1       0        2       0            3       2     236       26       4       268       29       0      67       1          97      115    213          2        1         331          699
   08:15 AM        0       3        0       0            3       1     226       42       1       270       21       0     100       0         121      128    218          1        0         347          741
   08:30 AM        1       0        1       0            2       1     209       26       6       242       37       0      81       2         120      129    226          0        0         355          719
   08:45 AM        0       0        3       0            3       1     219       47       0       267       33       1      74       4         112      154    201          2        3         360          742
        Total      2       3        6       0           11       5     890      141      11      1047      120       1     322       7         450      526    858          5        4        1393         2901

   09:00 AM        4       0        2       0            6       2     192       44       1       239       29       0      88       0         117      161    195          2        2         360          722
   09:15 AM        2       0        2       0            4       0     204       37       4       245       28       0      72       4         104      151    167          2        2         322          675
   09:30 AM        1       0        2       0            3       1     226       44       2       273       26       1     108       2         137      144    184          0        3         331          744
   09:45 AM        0       0        1       0            1       1     203       50       5       259       37       0     107       1         145      167    195          2        2         366          771
        Total      7       0        7       0           14       4     825      175      12      1016      120       1     375       7         503      623    741          6        9        1379         2912

   10:00 AM        2       0        1       0            3       0     204       42        3      249       41       0      85       1         127      156    186          1        0         343          722
   10:15 AM        2       1        2       0            5       1     192       53        1      247       43       0     116       2         161      137    185          0        1         323          736
   10:30 AM        0       0        0       0            0      26     182       52        2      262       61       0     132       0         193      161    198          1        2         362          817
   10:45 AM        0       0        3       0            3      29     228       61        2      320       65       0     137       4         206      176    212          6        4         398          927
        Total      4       1        6       0           11      56     806      208        8     1078      210       0     470       7         687      630    781          8        7        1426         3202

   11:00 AM        1       0        1       0            2       2     222       46        1      271       47       0     147       2         196      167    232          3        1         403          872
   11:15 AM        2       2        2       0            6      44     236       62        4      346       59       1     137       3         200      162    200          4        3         369          921
   11:30 AM        5       1        3       0            9       1     221       59        1      282       76       0     140       0         216      183    218          4        4         409          916
   11:45 AM        2       1        2       0            5       1     184       44        1      230       55       1     101       2         159      172    234          3        2         411          805
        Total     10       4        8       0           22      48     863      211        7     1129      237       2     525       7         771      684    884         14       10        1592         3514

   12:00 PM        1       0        2       2            5       3     221       67        1      292       88       0     142       0         230      186    253          5        1         445          972
   12:15 PM        4       1        3       0            8       1     260       73        2      336       74       0     170       2         246      182    225          4        2         413         1003
   12:30 PM        0       0        0       0            0       1     304       77        0      382       76       0     183       3         262      180    212          1        3         396         1040
   12:45 PM        1       1        1       0            3       3     302       57        0      362       70       0     194       1         265      191    238          2        2         433         1063
        Total      6       2        6       2           16       8    1087      274        3     1372      308       0     689       6        1003      739    928         12        8        1687         4078

   01:00 PM        2       0        0       0             2      1     275       80       3       359       53       0     170       0         223      160    243          2        1         406          990
   01:15 PM        0       0        1       0             1      1     266       84       1       352       74       1     170       0         245      180    199          4        2         385          983
   01:30 PM        0       0        0       0             0      0     290       72       2       364       47       0     155       0         202      140    223          4        0         367          933
   01:45 PM        2       0        0       0             2      3     277       62       4       346       69       0     195       6         270      182    216          2        2         402         1020
        Total      4       0        1       0             5      5    1108      298      10      1421      243       1     690       6         940      662    881         12        5        1560         3926
                                                                                   Chittenden County MPO
                                                                                      110 West Canal St., Suite 202
                                                                                        Winooski, Vermont 05404
ID : SOBR-08                                                                             http://www.ccmpo.org/                                                                       File Name          : sobr08
LOC : US 2 & DORSET ST / HOLIDAY INN                                                                                                                                                 Site Code          : SOBR-08
CITY : South Burlington, VT / Sunny                                                                                                                                                  Start Date         : 7/1/2009
COUNTERS : KP TN EP KO                                                                                                                                                               Page No            :2
                                                                                      Groups Printed- AUTO - TRUCK - BUS
                              Holiday Inn                                           US 2                                   Dorset St.                                            US 2
                              From North                                         From East                                From South                                          From West
Start Time       Right   Thru     Left Bike/Ped   App. Total   Right    Thru         Left Bike/Ped App. Total Right  Thru     Left Bike/Ped    App. Total   Right    Thru         Left Bike/Ped   App. Total   Int. Total
    02:00 PM         0      0       0         0            0       3     333          70         5      411      53     0     194         5         252      198      188           1         5        392         1055
    02:15 PM         0      0       0         0            0       0     219          71         4      294      64     1     215         3         283      190      153           4         1        348          925
    02:30 PM         0      0       0         0            0       9     266          73         6      354      68     0     172         2         242      214      161           8         4        387          983
    02:45 PM         4      0       1         0            5       1     262          61         6      330      57    11     157         3         228      221      258           8         6        493         1056
         Total       4      0       1         0            5      13    1080         275        21     1389    242     12     738        13        1005      823      760          21        16       1620         4019

    03:00 PM        0       3        0       0            3       1      247         54        4      306       56       0     178        0         234      195      208           4        1         408          951
    03:15 PM        9       0        3       0           12       2      251         65        6      324       61       0     196        3         260      174      224           1        1         400          996
    03:30 PM        2       3        2       0            7       2      290         52        2      346       57       1     232        0         290      193      180           6        5         384         1027
    03:45 PM        2       4        1       0            7       0      286         57        1      344       48       0     166        2         216      239      240           6        1         486         1053
         Total     13      10        6       0           29       5     1074        228       13     1320      222       1     772        5        1000      801      852          17        8        1678         4027

    04:00 PM        2       2        0       2            6       2      278         59        8      347       59       0     205        1         265      196      238           8        1         443         1061
    04:15 PM        1       1        4       0            6       1      311         60        4      376       60       0     214        9         283      204      212           3        0         419         1084
    04:30 PM        2       1        4       0            7       6      331         75        9      421       69       1     212        0         282      158      202           1        1         362         1072
    04:45 PM        3       0        0       0            3       3      308         66        4      381       62       2     208        4         276      193      223           3        1         420         1080
         Total      8       4        8       2           22      12     1228        260       25     1525      250       3     839       14        1106      751      875          15        3        1644         4297

    05:00 PM        4       1        2       1            8       0      253         38        4      295       42       1     161        3         207      202      259           5        1         467          977
    05:15 PM        1       2        0       0            3       2      244         39        4      289       44       1     210        1         256      205      223           5        6         439          987
    05:30 PM        3       2        3       0            8       2      326         42        9      379       54       0     186        2         242      208      264          12        7         491         1120
    05:45 PM        5       0        0       2            7       0      246         51        9      306       48       0     200        6         254      189      191           3        8         391          958
         Total     13       5        5       3           26       4     1069        170       26     1269      188       2     757       12         959      804      937          25       22        1788         4042

    06:00 PM        2       1        0       3            6       3      276         49       10      338       55       0     200       12         267      169      236           2        3         410         1021
    06:15 PM        1       3        2       0            6       1      233         57        5      296       49       0     221        2         272      137      156           1        3         297          871
    06:30 PM        1       0        1       0            2       2      184         43        5      234       44       1     137        2         184      128      181           5        3         317          737
    06:45 PM        1       3        3       0            7       1      242         38        2      283       60       0     195        2         257      116      136           4        3         259          806
         Total      5       7        6       3           21       7      935        187       22     1151      208       1     753       18         980      550      709          12       12        1283         3435

  Grand Total      83      36      66        10        195      169    11815       2510      167    14661     2405      24    7193      119        9741     8052    10109         157      110      18428        43025
    Apprch %     42.6    18.5    33.8       5.1                  1.2     80.6       17.1      1.1              24.7    0.2     73.8      1.2                 43.7     54.9         0.9      0.6
      Total %     0.2     0.1     0.2         0          0.5     0.4     27.5        5.8      0.4     34.1      5.6    0.1     16.7      0.3        22.6     18.7     23.5         0.4      0.3       42.8
       AUTO        81      35      64        10         190     154    11280       2454        96   13984     2347      22    7050        76       9495     7926     9700         152        37     17815        41484
     % AUTO      97.6    97.2      97      100         97.4    91.1      95.5       97.8    57.5      95.4     97.6   91.7        98   63.9         97.5     98.4        96      96.8     33.6        96.7         96.4
      TRUCK         2       1       2         0            5      15      508         37       71      631       41      2      103       43         189       88      387           5       68        548        1373
   % TRUCK        2.4     2.8       3         0          2.6     8.9       4.3       1.5    42.5        4.3     1.7    8.3       1.4   36.1           1.9     1.1       3.8        3.2    61.8            3          3.2
         BUS        0       0       0         0            0       0        27        19        0        46      17      0        40       0           57      38        22          0        5          65         168
      % BUS         0       0       0         0            0       0       0.2       0.8        0       0.3     0.7      0       0.6       0          0.6     0.5       0.2          0      4.5         0.4          0.4
                                                             Chittenden County MPO
                                                              110 West Canal St., Suite 202
                                                                Winooski, Vermont 05404
ID : SOBR-08                                                     http://www.ccmpo.org/                                      File Name    : sobr08
LOC : US 2 & DORSET ST / HOLIDAY INN                                                                                        Site Code    : SOBR-08
CITY : South Burlington, VT / Sunny                                                                                         Start Date   : 7/1/2009
COUNTERS : KP TN EP KO                                                                                                      Page No      :3

                                                                             Holiday Inn
                                                                     Out          In     Total
                                                                      328          190     518
                                                                       22            5      27
                                                                         0           0       0
                                                                      350          195     545


                                                                      81   35        64      10
                                                                       2     1         2      0
                                                                       0     0         0      0
                                                                      83   36        66      10
                                                                   Right Thru      Left Bike/Ped
                               36226


                               37519
                                1161
                                 132




                                        157
                                        152
                                           5
                                           0




                                                                                                   Right Thru
                               Total




                                                                                                                   12580


                                                                                                                   12111
                                       Left




                                                                                                     169 11815


                                                                                                     154 11280




                                                                                                                    Out
                                                                                                      15




                                                                                                                     430
                                                                                                       0




                                                                                                                      39
                                           110 8052 10109                    North
                                                       387
                                            37 7926 9700

                                                        22

                                       Bike/Ped Right Thru




                                                                                                           508
                             17815


                             18428
                               548




                                                                    7/1/2009 07:00 AM
                                 65




                                                                                                            27




                                                                                                                   14661


                                                                                                                   13984

                                                                                                                   US 2
                             US 2
                               In




                                                                    7/1/2009 06:45 PM




                                                                                                                     In
                                                                                                                      631
                                                                                                                       46
                                                   88
                                                   38




                                                                                                   Left Bike/Ped
                                                                                                   2510


                                                                                                   2454
                                                                    AUTO




                                                                                                     19
                                                                                                     37
                               18411


                               19091
                                 613
                                  67




                                                                    TRUCK




                                                                                                                   27241


                                                                                                                   26095
                                Out




                                                                                                                   Total
                                            68
                                             5




                                                                    BUS




                                                                                                                    1061
                                                                                                            167




                                                                                                                      85
                                                                                                             71
                                                                                                             96
                                                                                                              0
                                                                    Left Thru Right Bike/Ped
                                                                    7050   22 2347       76
                                                                     103     2   41      43
                                                                      40     0   17       0
                                                                    7193   24 2405      119


                                                                    10415      9495     19910
                                                                      126        189      315
                                                                       57         57      114
                                                                    10598      9741     20339
                                                                     Out        In      Total
                                                                             Dorset St.
