                                                               City of McAllen
                                                                Traffic counts                                      6th St. & Highland Ave,


HOUR OF    BOUND: NORTH        BOUND: SOUTH               Bi-                    BOUND: EAST     BOUND: WEST                  Bi-             ALL DIR.
  DAY     START: 10/13/2004   START: 10/13/2004   directional totals        START: 10/13/2004   START: 10/13/2004     directional totals      TOTALS

 TIME        Thru totals         Thru totals            NB+SB                     Thru totals      Thru totals              EB+WB
 0:00            12                  11                   23                          4                 2                      6                29
 1:00            11                   6                   17                          6                 2                      8                25
 2:00             9                  10                   19                          1                 0                      1                20
 3:00             5                   2                    7                          3                 5                      8                15
 4:00             7                   3                   10                          1                 0                      1                11
 5:00             8                   5                   13                          3                 5                      8                21
 6:00            11                  23                   34                          0                14                     14                48
 7:00           148                 205                  353                         55               464                    519               872
 8:00           123                 158                  281                         28                58                     86               367
 9:00            95                 111                  206                          7                22                     29               235
10:00           103                 117                  220                         13                22                     35               255
11:00           116                 121                  237                         10                22                     32               269
12:00           158                 180                  338                         15                45                     60               398
13:00           154                 191                  345                          9                28                     37               382
14:00           168                 163                  331                         22                75                     97               428
15:00           194                 226                  420                         22               129                    151               571
16:00           207                 247                  454                         34                55                     89               543
17:00           251                 307                  558                         24                63                     87               645
18:00           151                 160                  311                         17                61                     78               389
19:00           116                 116                  232                         30                21                     51               283
20:00            71                  99                  170                         10                30                     40               210
21:00            43                  71                  114                         13                21                     34               148
22:00            47                  45                   92                         11                12                     23               115
23:00            25                  31                   56                          3                 9                     12                68
TOTAL          2233                2608                 4841                        341              1165                    1506              6347
