                                                                                                      AVCOG
                                                                                                  125 Manley Road                                                       Count Name: Aub_court_minot_union_081412
                                                                                                                                                                        Site Code:
                                                                                       Auburn, Maine, United States 04210                                               Start Date: 08/14/2012
                                                                                        (207) 783-9186 jready@avcog.org                                                 Page No: 1



                                                                                        Turning Movement Data
                             Southbound Street                                Westbound Street                                Northbound Street                                   Eastbound Street
                                Southbound                                      Westbound                                        Northbound                                          Eastbound
Start Time                                              App.                                            App.                                             App.                                               App.
               Left   Thru    Right    U-Turn    Peds           Left   Thru   Right    U-Turn    Peds           Left   Thru    Right    U-Turn    Peds           Left      Thru   Right    U-Turn    Peds           Int. Total
                                                        Total                                           Total                                            Total                                              Total
 6:30 AM        4     83       20        0        0     107     22     43       1         0       0      66      7     50       35        0        1      92     14        80       8         0       0     102       367
 6:45 AM        8     111      20        0        0     139     21     51       0         0       0      72      6     43       37        0        0      86     25        114      6         0       0     145       442
Hourly Total   12     194      40        0        0     246     43     94       1         0       0     138     13     93       72        0        1     178     39        194     14         0       0     247       809
 7:00 AM       12     72       12        0        0      96     37     57       3         0       0      97      4     68       30        0        0     102     11        91       4         0       0     106       401
 7:15 AM       10     94       24        0        0     128     34     67       2         0       0     103     12     67       53        0        1     132     17        122      2         0       0     141       504
 7:30 AM       14     100      37        0        1     151     29     58       5         0       0      92     16     74       75        0        4     165     31        132      6         0       0     169       577
 7:45 AM       12     101      37        0        2     150     51     64       4         0       0     119     23     106      59        0        1     188     42        171      6         0       0     219       676
Hourly Total   48     367     110        0        3     525     151    246      14        0       0     411     55     315     217        0        6     587     101       516     18         0       0     635       2158
 8:00 AM       19     100      27        1        0     147     43     65       5         0       0     113     12     76       60        0        1     148     34        116      7         0       0     157       565
 8:15 AM       16     84       26        0        0     126     51     72       7         0       0     130     15     78       61        0        3     154     30        129      1         0       1     160       570
 8:30 AM       24     103      31        0        1     158     38     71       9         0       0     118     15     109      55        0        0     179     39        106      5         0       0     150       605
 8:45 AM       12     92       34        0        0     138     29     64       8         0       1     101     12     115      36        0        0     163     31        79       4         0       0     114       516
Hourly Total   71     379     118        1        1     569     161    272      29        0       1     462     54     378     212        0        4     644     134       430     17         0       1     581       2256
 9:00 AM       17     79       32        0        2     128     27     71       11        0       3     109     13     91       32        0        3     136     35        105      6         0       0     146       519
 9:15 AM       16     92       30        0        1     138     47     72       8         0       0     127     17     103      47        0        2     167     29        99       6         0       0     134       566
 9:30 AM       16     99       37        0        1     152     32     68       4         0       0     104     15     82       38        0        2     135     28        91       6         0       0     125       516
 9:45 AM       14     77       28        0        0     119     45     75       13        0       0     133     12     72       31        0        0     115     40        80       8         0       0     128       495
Hourly Total   63     347     127        0        4     537     151    286      36        0       3     473     57     348     148        0        7     553     132       375     26         0       0     533       2096
 10:00 AM      14     87       30        0        1     131     43     74       8         0       0     125     20     74       39        0        1     133     26        80      11         0       1     117       506
 10:15 AM      24     90       24        0        3     138     44     81       5         0       0     130     20     75       29        0        1     124     35        80       9         0       0     124       516
 10:30 AM      18     98       40        0        4     156     47     70       13        0       1     130     13     88       35        0        1     136     27        71       6         0       1     104       526
 10:45 AM      21     99       42        0        0     162     44     73       16        0       0     133     21     78       44        0        0     143     43        102      5         0       0     150       588
Hourly Total   77     374     136        0        8     587     178    298      42        0       1     518     74     315     147        0        3     536     131       333     31         0       2     495       2136
 11:00 AM      22     97       37        0        0     156     55     83       13        0       0     151     15     97       32        0        2     144     30        111     12         0       0     153       604
 11:15 AM      15     99       28        0        1     142     41     65       12        0       0     118     13     86       35        0        1     134     39        84       3         0       0     126       520
 11:30 AM      24     92       37        0        4     153     42     81       11        0       0     134     16     72       42        0        0     130     42        86       6         0       0     134       551
 11:45 AM      21     117      38        0        0     176     57     100      15        0       0     172     24     114      44        0        3     182     45        97      11         0       3     153       683
Hourly Total   82     405     140        0        5     627     195    329      51        0       0     575     68     369     153        0        6     590     156       378     32         0       3     566       2358
 12:00 PM      18     99       37        0        0     154     55     95       16        0       0     166     23     104      45        0        0     172     25        79       9         0       1     113       605
 12:15 PM      30     119      39        0        2     188     47     88       15        0       0     150     31     99       39        0        4     169     41        95       8         0       0     144       651
 12:30 PM      30     114      33        0        7     177     53     92       12        0       1     157     16     103      47        0        3     166     47        90      11         0       0     148       648
 12:45 PM      37     96       37        0        0     170     41     86       15        0       0     142     21     96       51        1        1     169     33        85       4         0       0     122       603
Hourly Total   115    428     146        0        9     689     196    361      58        0       1     615     91     402     182        1        8     676     146       349     32         0       1     527       2507
 1:00 PM       30     110      31        0        2     171     51     79       5         0       1     135     14     97       50        0        0     161     23        85       8         0       0     116       583
 1:15 PM       26     111      36        0        4     173     47     93       10        0       0     150     24     109      39        1        4     173     29        83       7         0       2     119       615
 1:30 PM       27     107      30        0        4     164     57     76       16        0       1     149     27     95       36        0        3     158     39        84       5         0       0     128       599
 1:45 PM       19     86       22        1        3     128     40     99       12        0       2     151     23     80       37        0        2     140     23        95       7         0       1     125       544
  Hourly Total      102    414    119     1       13     636    195    347    43     0      4      585    88     381    162     1       9      632    114    347    27     0      3      488    2341
    2:00 PM         23     107     34     0       3      164    50      75     7     0      0      132    21     102     43     0       3      166    35     78      8     0      1      121     583
    2:15 PM         21      99     31     1       0      152    47      94     8     0      0      149    20     84      43     0       1      147    31     86      3     0      0      120     568
    2:30 PM         13      91     29     0       0      133    57      99     9     0      0      165    28     96      49     0       1      173    29     102     4     0      0      135     606
    2:45 PM          8     103     50     0       1      161    40      83    10     0      0      133    37     98      42     0       2      177    31     86      5     0      0      122     593
  Hourly Total      65     400    144     1       4      610    194    351    34     0      0      579    106    380    177     0       7      663    126    352    20     0      1      498    2350
    3:00 PM         22     110     48     0       2      180    49     107    13     0      0      169    26     93      55     0       0      174    27     97      6     0      0      130     653
    3:15 PM         36     105     31     0       3      172    44      88    16     0      1      148    28     100     39     0       0      167    36     96      7     0      0      139     626
    3:30 PM         23     111     33     0       2      167    42     121    12     0      0      175    34     114     63     1       5      212    34     107    13     0      0      154     708
    3:45 PM         25     104     41     0       3      170    68     121    10     0      0      199    24     102     53     0       3      179    39     117    10     0      0      166     714
  Hourly Total      106    430    153     0       10     689    203    437    51     0      1      691    112    409    210     1       8      732    136    417    36     0      0      589    2701
    4:00 PM         30     101     38     0       4      169    54     122     8     0      0      184    34     141     55     0       1      230    41     97      2     0      0      140     723
    4:15 PM         21     100     26     0       0      147    51     130    11     0      0      192    25     106     55     0       1      186    30     91      9     0      0      130     655
    4:30 PM         40     122     47     0       3      209    56     111    14     0      1      181    38     116     43     0       3      197    41     109     8     0      0      158     745
    4:45 PM         24     114     44     0       0      182    63     120    11     0      0      194    35     118     42     0       1      195    35     90      7     0      0      132     703
  Hourly Total      115    437    155     0       7      707    224    483    44     0      1      751    132    481    195     0       6      808    147    387    26     0      0      560    2826
    5:00 PM         25     120     60     0       0      205    62     126    10     0      0      198    63     124     61     1       2      249    24     102     4     0      0      130     782
    5:15 PM         13     111     37     1       5      162    48     128    12     0      0      188    47     92      52     0       2      191    34     103     6     0      0      143     684
    5:30 PM         27     100     49     0       0      176    48     123    12     0      0      183    33     113     40     0       5      186    29     82      2     0      4      113     658
    5:45 PM         28      82     32     0       2      142    39      97    10     0      0      146    36     80      32     0       0      148    31     84      1     0      0      116     552
  Hourly Total      93     413    178     1       7      685    197    474    44     0      0      715    179    409    185     1       9      774    118    371    13     0      4      502    2676
    6:00 PM         23      73     16     0       1      112    44      95     9     0      0      148    22     70      24     0       2      116    26     94      3     0      0      123     499
    6:15 PM         26      71     35     0       3      132    21      99     6     0      0      126    21     63      34     0       3      118    29     97      5     0      0      131     507
  Grand Total       998    4732   1617    4       75     7351   2153   4172   462    0      12     6787   1072   4413   2118    4       79     7607   1535   4640   300    0      15     6475   28220
  Approach %        13.6   64.4   22.0    0.1      -      -     31.7   61.5   6.8    0.0     -      -     14.1   58.0   27.8    0.1      -      -     23.7   71.7   4.6    0.0     -      -       -
    Total %         3.5    16.8   5.7     0.0      -     26.0   7.6    14.8   1.6    0.0     -     24.1   3.8    15.6   7.5     0.0      -     27.0   5.4    16.4   1.1    0.0     -     22.9     -
      Car           985    4225   1586    4        -     6800   2008   4116   453    0       -     6577   1058   3805   1969    4        -     6836   1506   4579   296    0       -     6381   26594
     % Car          98.7   89.3   98.1   100.0     -     92.5   93.3   98.7   98.1    -      -     96.9   98.7   86.2   93.0   100.0     -     89.9   98.1   98.7   98.7    -      -     98.5   94.2
    Medium          11     180     28     0        -     219    100     48     7     0       -     155    12     208    100     0        -     320    26     56      3     0       -      85     779
   % Medium         1.1    3.8    1.7     0.0      -     3.0    4.6    1.2    1.5     -      -     2.3    1.1    4.7    4.7     0.0      -     4.2    1.7    1.2    1.0     -      -     1.3     2.8
     Heavy           2     327     2      0        -     331    45      7      1     0       -     53      2     400     49     0        -     451     2      4      1     0       -      7      842
    % Heavy         0.2    6.9    0.1     0.0      -     4.5    2.1    0.2    0.2     -      -     0.8    0.2    9.1    2.3     0.0      -     5.9    0.1    0.1    0.3     -      -     0.1     3.0
Pedal Bike (Road)    0      0      1      0        -      1      0      1      1     0       -      2      0      0      0      0        -      0      1      1      0     0       -      2      5
  % Pedal Bike      0.0    0.0    0.1     0.0      -     0.0    0.0    0.0    0.2     -      -     0.0    0.0    0.0    0.0     0.0      -     0.0    0.1    0.0    0.0     -      -     0.0     0.0
    (Road)
      Ped            -      -      -       -      75      -      -      -      -      -     12      -      -      -      -       -      79      -      -      -      -      -     15      -       -
     % Ped           -      -      -       -     100.0    -      -      -      -      -    100.0    -      -      -      -       -     100.0    -      -      -      -      -    100.0    -       -
                                                                                                                  AVCOG
                                                                                                              125 Manley Road                                                                                                                             Count Name: Aub_court_minot_union_081412
                                                                                                                                                                                                                                                          Site Code:
                                                                                                  Auburn, Maine, United States 04210                                                                                                                      Start Date: 08/14/2012
                                                                                                   (207) 783-9186 jready@avcog.org                                                                                                                        Page No: 3




                                                                                                                 Southbound Street [N]
                                                                                                                 Out       In       Total
                                                                                                                 5768     6800      12568
                                                                                                                 241      219        460
                                                                                                                 403      331        734
                                                                                                                  2        1         3
                                                                                                                  0        0         0
                                                                                                                 6414     7351      13765


                                                                                                        1586     4225     985        4      0
                                                                                                         28      180       11        0      0
                                                                                                         2       327       2         0      0
                                                                                                         1        0        0         0      0
                                                                                                         0        0        0         0      75
                                                                                                        1617     4732     998        4      75
                                                                                                         R        T        L         U      P




                                                                                                                                                     462




                                                                                                                                                                                453
                                                                                                  U




                                                                                                                                                 R
                                                                  0
                                                                         0
                                                                              0
                                                                                  0
                                                                                      0
                                                                                           0




                                                                                                                                                            0
                                                                                                                                                                 1
                                                                                                                                                                     1
                                                                                                                                                                          7
                               13141




                                                          13336
                       Total




                                                                  1506




                                                                                           1535




                                                                                                                                                     4172




                                                                                                                                                                                4116


                                                                                                                                                                                       7756




                                                                                                                                                                                                                   7533
                                       173




                                                                                                                                                                                                             167


                                                                                                                                                                                                                           Out
Eastbound Street [W]




                                                                                                                                                                                                                                   Westbound Street [E]
                                             18




                                                                         26




                                                                                                                                                                          48




                                                                                                                                                                                                       55
                                                                                                                                                 T
                                                  4
                                                      0




                                                                              2
                                                                                  1
                                                                                      0


                                                                                                  L




                                                                                                                                                            0
                                                                                                                                                                 1
                                                                                                                                                                     7




                                                                                                                                                                                               0
                                                                                                                                                                                                   1
                               6381




                                                          6475


                                                                  4579




                                                                                           4640




                                                                                                                                                     2153




                                                                                                                                                                                2008


                                                                                                                                                                                       6787




                                                                                                                                                                                                                   6577
                                                                                                               08/14/2012 6:30 AM




                                                                                                                                                                          100




                                                                                                                                                                                                             155
                                       85




                                                                         56




                                                                                                                                                                     45




                                                                                                                                                                                                       53
                       In




                                                                                                                                                                                                                           In
                                                                                                  T
                                             7
                                                  2
                                                      0




                                                                              4
                                                                                  1
                                                                                      0




                                                                                                                                                 L


                                                                                                                                                            0
                                                                                                                                                                 0




                                                                                                                                                                                               0
                                                                                                                                                                                                   2
                                                                                                               Ending At
                                                                                                               08/14/2012 6:30 PM




                                                                                                                                                                                       14543




                                                                                                                                                                                                                   14110
                                                                                                               Car
                               6760




                                                          6861




                                                                                                                                                                                                                           Total
                                                                  296




                                                                                           300




                                                                                                                                                                                                       108
                                                                                                                                                                                                             322
                       Out


                                       88
                                             11




                                                                                                  R




                                                                                                                                                 U
                                                  2
                                                      0




                                                                         3
                                                                              1
                                                                                  0
                                                                                      0




                                                                                                                                                     0
                                                                                                                                                            0
                                                                                                                                                                 0
                                                                                                                                                                     0
                                                                                                                                                                          0
                                                                                                                                                                                0




                                                                                                                                                                                               0
                                                                                                                                                                                                   3
                                                                                                               Medium
                                                                                                               Heavy
                                                                                                               Pedal Bike (Road)
                                                                                                               Ped
                                                                                      15
                                                                                           15




                                                                                                                                                     12
                                                                                                                                                            12
                                                                                                  P




                                                                                                                                                 P
                                                                  0
                                                                         0
                                                                              0
                                                                                  0




                                                                                                                                                                 0
                                                                                                                                                                     0
                                                                                                                                                                          0
                                                                                                                                                                                0
                                                                                                         U        L        T         R      P
                                                                                                         4       1058     3805      1969    0
                                                                                                         0        12      208        100    0
                                                                                                         0        2       400        49     0
                                                                                                         0        0        0         0      0
                                                                                                         0        0        0         0      79
                                                                                                         4       1072     4413      2118    79


                                                                                                                 6533     6836      13369
                                                                                                                 283      320        603
                                                                                                                 373      451        824
                                                                                                                  0        0         0
                                                                                                                  0        0         0
                                                                                                                 7189     7607      14796
                                                                                                                 Out       In       Total
                                                                                                                  Northbound Street [S]




                                                                                       Turning Movement Data Plot
                                                                                                                AVCOG
                                                                                                            125 Manley Road                                                           Count Name: Aub_court_minot_union_081412
                                                                                                                                                                                      Site Code:
                                                                                                 Auburn, Maine, United States 04210                                                   Start Date: 08/14/2012
                                                                                                  (207) 783-9186 jready@avcog.org                                                     Page No: 4




                                                                                Turning Movement Peak Hour Data (7:45 AM)
                                    Southbound Street                                   Westbound Street                                  Northbound Street                                     Eastbound Street
                                       Southbound                                         Westbound                                          Northbound                                            Eastbound
   Start Time                                                   App.                                              App.                                                App.                                                 App.
                    Left    Thru     Right    U-Turn    Peds            Left    Thru    Right    U-Turn    Peds           Left    Thru     Right    U-Turn    Peds            Left       Thru   Right    U-Turn    Peds            Int. Total
                                                                Total                                             Total                                               Total                                                Total
    7:45 AM          12     101       37        0        2      150      51      64       4         0       0     119      23     106       59        0        1      188      42        171      6         0       0      219       676
    8:00 AM          19     100       27        1        0      147      43      65       5         0       0     113      12      76       60        0        1      148      34        116      7         0       0      157       565
    8:15 AM          16      84       26        0        0      126      51      72       7         0       0     130      15      78       61        0        3      154      30        129      1         0       1      160       570
    8:30 AM          24     103       31        0        1      158      38      71       9         0       0     118      15     109       55        0        0      179      39        106      5         0       0      150       605
      Total          71     388      121        1        3      581     183     272       25        0       0     480      65     369      235        0        5      669     145        522     19         0       1      686       2416
  Approach %        12.2    66.8     20.8      0.2        -       -     38.1    56.7     5.2       0.0      -       -      9.7    55.2     35.1       0.0       -       -     21.1       76.1    2.8       0.0       -       -         -
    Total %          2.9    16.1      5.0      0.0        -     24.0     7.6    11.3     1.0       0.0      -     19.9     2.7    15.3      9.7       0.0       -     27.7     6.0       21.6    0.8       0.0       -     28.4        -
      PHF           0.740   0.942    0.818    0.250       -     0.919   0.897   0.944   0.694     0.000     -     0.923   0.707   0.846   0.963     0.000       -     0.890   0.863     0.763   0.679     0.000      -     0.783    0.893
      Car            68     349      119        1         -     537     173     263       25        0       -     461      63     288      214        0         -     565     140        519     19         0        -     678       2241
     % Car          95.8    89.9     98.3     100.0       -     92.4    94.5    96.7    100.0       -       -     96.0    96.9    78.0     91.1        -        -     84.5    96.6       99.4   100.0       -        -     98.8      92.8
    Medium           3       15        2        0         -      20      6       9        0         0       -      15      2       28       14        0         -      44      5          3       0         0        -      8         87
   % Medium          4.2     3.9      1.7      0.0        -      3.4     3.3     3.3     0.0        -       -      3.1     3.1     7.6      6.0        -        -      6.6     3.4       0.6     0.0        -        -      1.2       3.6
     Heavy           0       24        0        0         -      24      4       0        0         0       -      4       0       53       7         0         -      60      0          0       0         0        -      0         88
    % Heavy          0.0     6.2      0.0      0.0        -      4.1     2.2     0.0     0.0        -       -      0.8     0.0    14.4      3.0        -        -      9.0     0.0       0.0     0.0        -        -      0.0       3.6
Pedal Bike (Road)    0       0         0        0         -      0       0       0        0         0       -      0       0       0        0         0         -      0       0          0       0         0        -      0          0
  % Pedal Bike       0.0     0.0      0.0      0.0        -      0.0     0.0     0.0     0.0        -       -      0.0     0.0     0.0      0.0        -        -      0.0     0.0       0.0     0.0        -        -      0.0       0.0
    (Road)
      Ped             -       -        -         -       3        -       -       -       -         -       0       -       -       -        -         -       5        -       -         -       -         -       1        -         -
     % Ped            -       -        -         -      100.0     -       -       -       -         -       -       -       -       -        -         -      100.0     -       -         -       -         -      100.0     -         -
                                                                                                          AVCOG
                                                                                                      125 Manley Road                                                                                                                  Count Name: Aub_court_minot_union_081412
                                                                                                                                                                                                                                       Site Code:
                                                                                          Auburn, Maine, United States 04210                                                                                                           Start Date: 08/14/2012
                                                                                           (207) 783-9186 jready@avcog.org                                                                                                             Page No: 5




                                                                                                         Southbound Street [N]
                                                                                                         Out       In       Total
                                                                                                         454      537       991
                                                                                                          33       20        53
                                                                                                          53       24        77
                                                                                                          0        0         0
                                                                                                          0        0         0
                                                                                                         540      581       1121


                                                                                                119      349       68        1      0
                                                                                                 2        15       3         0      0
                                                                                                 0        24       0         0      0
                                                                                                 0        0        0         0      0
                                                                                                 0        0        0         0      3
                                                                                                121      388       71        1      3
                                                                                                 R        T        L         U      P




                                                                                                                                            25




                                                                                                                                                                  25
                                                                                          U




                                                                                                                                        R
                                                              0
                                                                    0
                                                                        0
                                                                            0
                                                                                0
                                                                                    0




                                                                                                                                                  0
                                                                                                                                                      0
                                                                                                                                                          0
                                                                                                                                                              0
                                                                                                     Peak Hour Data
                       Total
                               1123




                                                       1144


                                                              140




                                                                                    145




                                                                                                                                            272




                                                                                                                                                                  263


                                                                                                                                                                        828




                                                                                                                                                                                                 801
                                                                                                                                                                                                        Out
Eastbound Street [W]




                                                                                                                                                                                                                Westbound Street [E]
                                      21




                                                                                                                                                                                            20
                                                                                                                                        T
                                           0
                                               0
                                                   0




                                                                    5
                                                                        0
                                                                            0
                                                                                0


                                                                                          L




                                                                                                                                                  0
                                                                                                                                                      0
                                                                                                                                                          0
                                                                                                                                                              9




                                                                                                                                                                               0
                                                                                                                                                                                   0
                                                                                                                                                                                       7
                                                                                                       08/14/2012 7:45 AM
                               678




                                                       686


                                                              519




                                                                                    522




                                                                                                                                            183




                                                                                                                                                                  173


                                                                                                                                                                        480




                                                                                                                                                                                                 461
                                                                                                                                                                                            15
                       In




                                                                                                                                                                                                        In
                                                                                          T
                                      8
                                           0
                                               0
                                                   0




                                                                    3
                                                                        0
                                                                            0
                                                                                0




                                                                                                                                        L


                                                                                                                                                  0
                                                                                                                                                      0
                                                                                                                                                          4
                                                                                                                                                              6




                                                                                                                                                                               0
                                                                                                                                                                                   0
                                                                                                                                                                                       4
                                                                                                       Ending At
                                                                                                       08/14/2012 8:45 AM
                                                                                                       Car




                                                                                                                                                                        1308




                                                                                                                                                                                                 1262
                                                                                                                                                                                                        Total
                               445




                                                       458
                       Out


                                      13




                                                              19




                                                                                    19




                                                                                                                                                                                       11
                                                                                                                                                                                            35
                                                                                          R




                                                                                                                                        U
                                           0
                                               0
                                                   0




                                                                    0
                                                                        0
                                                                            0
                                                                                0




                                                                                                                                            0
                                                                                                                                                  0
                                                                                                                                                      0
                                                                                                                                                          0
                                                                                                                                                              0
                                                                                                                                                                  0




                                                                                                                                                                               0
                                                                                                                                                                                   0
                                                                                                       Medium
                                                                                                       Heavy
                                                                                                       Pedal Bike (Road)
                                                                                                       Ped
                                                                                          P




                                                                                                                                        P
                                                              0
                                                                    0
                                                                        0
                                                                            0
                                                                                1
                                                                                    1




                                                                                                                                            0
                                                                                                                                                  0
                                                                                                                                                      0
                                                                                                                                                          0
                                                                                                                                                              0
                                                                                                                                                                  0
                                                                                                 U        L        T         R      P
                                                                                                 0        63      288       214     0
                                                                                                 0        2        28        14     0
                                                                                                 0        0        53        7      0
                                                                                                 0        0        0         0      0
                                                                                                 0        0        0         0      5
                                                                                                 0        65      369       235     5


                                                                                                         541      565       1106
                                                                                                          21       44        65
                                                                                                          28       60        88
                                                                                                          0        0         0
                                                                                                          0        0         0
                                                                                                         590      669       1259
                                                                                                         Out       In       Total
                                                                                                          Northbound Street [S]




                                               Turning Movement Peak Hour Data Plot (7:45 AM)
                                                                                                                AVCOG
                                                                                                            125 Manley Road                                                            Count Name: Aub_court_minot_union_081412
                                                                                                                                                                                       Site Code:
                                                                                                 Auburn, Maine, United States 04210                                                    Start Date: 08/14/2012
                                                                                                  (207) 783-9186 jready@avcog.org                                                      Page No: 6




                                                                                Turning Movement Peak Hour Data (4:30 PM)
                                    Southbound Street                                   Westbound Street                                   Northbound Street                                     Eastbound Street
                                       Southbound                                         Westbound                                           Northbound                                            Eastbound
   Start Time                                                   App.                                               App.                                                App.                                                App.
                    Left    Thru     Right    U-Turn    Peds            Left    Thru    Right    U-Turn    Peds            Left    Thru     Right    U-Turn    Peds            Left       Thru   Right    U-Turn    Peds           Int. Total
                                                                Total                                              Total                                               Total                                               Total
    4:30 PM          40     122       47        0        3      209      56     111       14        0       1      181      38     116       43        0        3      197      41        109      8         0       0     158       745
    4:45 PM          24     114       44        0        0      182      63     120       11        0       0      194      35     118       42        0        1      195      35        90       7         0       0     132       703
    5:00 PM          25     120       60        0        0      205      62     126       10        0       0      198      63     124       61        1        2      249      24        102      4         0       0     130       782
    5:15 PM          13     111       37        1        5      162      48     128       12        0       0      188      47      92       52        0        2      191      34        103      6         0       0     143       684
      Total         102     467      188        1        8      758     229     485       47        0       1      761     183     450      198        1        8      832     134        404     25         0       0     563       2914
  Approach %        13.5    61.6     24.8      0.1        -       -     30.1    63.7     6.2       0.0       -       -     22.0    54.1     23.8       0.1       -       -     23.8       71.8    4.4       0.0      -       -         -
    Total %          3.5    16.0      6.5      0.0        -     26.0     7.9    16.6     1.6       0.0       -     26.1     6.3    15.4      6.8       0.0       -     28.6     4.6       13.9    0.9       0.0      -     19.3        -
      PHF           0.638   0.957    0.783    0.250       -     0.907   0.909   0.947   0.839     0.000      -     0.961   0.726   0.907   0.811     0.250       -     0.835   0.817     0.927   0.781     0.000     -     0.891    0.932
      Car           102     433      187        1         -     723     224     483       46        0        -     753     181     424      188        1         -     794     133        400     25         0       -     558       2828
     % Car          100.0   92.7     99.5     100.0       -     95.4    97.8    99.6     97.9       -        -     98.9    98.9    94.2     94.9     100.0       -     95.4    99.3       99.0   100.0       -       -     99.1      97.0
    Medium           0       11        1        0         -      12      0       1        1         0        -      2       2       9        7         0         -      18      1          3       0         0       -      4         36
   % Medium          0.0     2.4      0.5      0.0        -      1.6     0.0     0.2     2.1        -        -      0.3     1.1     2.0      3.5       0.0       -      2.2     0.7       0.7     0.0        -       -      0.7       1.2
     Heavy           0       23        0        0         -      23      5       1        0         0        -      6       0       17       3         0         -      20      0          0       0         0       -      0         49
    % Heavy          0.0     4.9      0.0      0.0        -      3.0     2.2     0.2     0.0        -        -      0.8     0.0     3.8      1.5       0.0       -      2.4     0.0       0.0     0.0        -       -      0.0       1.7
Pedal Bike (Road)    0       0         0        0         -      0       0       0        0         0        -      0       0       0        0         0         -      0       0          1       0         0       -      1          1
  % Pedal Bike       0.0     0.0      0.0      0.0        -      0.0     0.0     0.0     0.0        -        -      0.0     0.0     0.0      0.0       0.0       -      0.0     0.0       0.2     0.0        -       -      0.2       0.0
    (Road)
      Ped             -       -        -         -       8        -       -       -       -         -       1        -       -       -        -         -       8        -       -         -       -         -       0       -         -
     % Ped            -       -        -         -      100.0     -       -       -       -         -      100.0     -       -       -        -         -      100.0     -       -         -       -         -       -       -         -
                                                                                                         AVCOG
                                                                                                     125 Manley Road                                                                                                                 Count Name: Aub_court_minot_union_081412
                                                                                                                                                                                                                                     Site Code:
                                                                                         Auburn, Maine, United States 04210                                                                                                          Start Date: 08/14/2012
                                                                                          (207) 783-9186 jready@avcog.org                                                                                                            Page No: 7




                                                                                                        Southbound Street [N]
                                                                                                        Out       In       Total
                                                                                                        604      723       1327
                                                                                                         11       12        23
                                                                                                         17       23        40
                                                                                                         0        0         0
                                                                                                         0        0         0
                                                                                                        632      758       1390


                                                                                               187      433      102        1      0
                                                                                                1        11       0         0      0
                                                                                                0        23       0         0      0
                                                                                                0        0        0         0      0
                                                                                                0        0        0         0      8
                                                                                               188      467      102        1      8
                                                                                                R        T        L         U      P




                                                                                                                                           47




                                                                                                                                                                 46
                                                                                         U




                                                                                                                                       R
                                                             0
                                                                   0
                                                                       0
                                                                           0
                                                                               0
                                                                                   0




                                                                                                                                                 0
                                                                                                                                                     0
                                                                                                                                                         0
                                                                                                                                                             1
                                                                                                    Peak Hour Data
                       Total
                               1409




                                                      1419


                                                             133




                                                                                   134




                                                                                                                                           485




                                                                                                                                                                 483


                                                                                                                                                                       704




                                                                                                                                                                                               690
                                                                                                                                                                                                      Out
Eastbound Street [W]




                                                                                                                                                                                                              Westbound Street [E]
                                                                                                                                                                                          10
                                                                                                                                       T
                                      8
                                          1
                                              1
                                                  0




                                                                   1
                                                                       0
                                                                           0
                                                                               0


                                                                                         L




                                                                                                                                                 0
                                                                                                                                                     0
                                                                                                                                                         1
                                                                                                                                                             1




                                                                                                                                                                              0
                                                                                                                                                                                  1
                                                                                                                                                                                      3
                                                                                                      08/14/2012 4:30 PM
                               558




                                                      563


                                                             400




                                                                                   404




                                                                                                                                           229




                                                                                                                                                                 224


                                                                                                                                                                       761




                                                                                                                                                                                               753
                       In




                                                                                                                                                                                                      In
                                                                                         T
                                      4
                                          0
                                              1
                                                  0




                                                                   3
                                                                       0
                                                                           1
                                                                               0




                                                                                                                                       L


                                                                                                                                                 0
                                                                                                                                                     0
                                                                                                                                                         5
                                                                                                                                                             0




                                                                                                                                                                              0
                                                                                                                                                                                  0
                                                                                                                                                                                      6
                                                                                                                                                                                          2
                                                                                                      Ending At
                                                                                                      08/14/2012 5:30 PM
                                                                                                      Car




                                                                                                                                                                       1465




                                                                                                                                                                                               1443
                                                                                                                                                                                                      Total
                               851




                                                      856
                       Out




                                                             25




                                                                                   25




                                                                                                                                                                                          12
                                                                                         R




                                                                                                                                       U
                                      4
                                          1
                                              0
                                                  0




                                                                   0
                                                                       0
                                                                           0
                                                                               0




                                                                                                                                           0
                                                                                                                                                 0
                                                                                                                                                     0
                                                                                                                                                         0
                                                                                                                                                             0
                                                                                                                                                                 0




                                                                                                                                                                              0
                                                                                                                                                                                  1
                                                                                                                                                                                      9
                                                                                                      Medium
                                                                                                      Heavy
                                                                                                      Pedal Bike (Road)
                                                                                                      Ped
                                                                                         P




                                                                                                                                       P
                                                             0
                                                                   0
                                                                       0
                                                                           0
                                                                               0
                                                                                   0




                                                                                                                                           1
                                                                                                                                                 1
                                                                                                                                                     0
                                                                                                                                                         0
                                                                                                                                                             0
                                                                                                                                                                 0
                                                                                                U        L        T         R      P
                                                                                                1       181      424       188     0
                                                                                                0        2        9         7      0
                                                                                                0        0        17        3      0
                                                                                                0        0        0         0      0
                                                                                                0        0        0         0      8
                                                                                                1       183      450       198     8


                                                                                                        683      794       1477
                                                                                                         11       18        29
                                                                                                         28       20        48
                                                                                                         0        0         0
                                                                                                         0        0         0
                                                                                                        722      832       1554
                                                                                                        Out       In       Total
                                                                                                         Northbound Street [S]




                                              Turning Movement Peak Hour Data Plot (4:30 PM)
            AVCOG
        125 Manley Road              Count Name: Aub_court_minot_union_081412
                                     Site Code:
Auburn, Maine, United States 04210   Start Date: 08/14/2012
 (207) 783-9186 jready@avcog.org     Page No: 8
