                                                                                                                     AVCOG                                                                  Count Name:
                                                                                                                 125 Manley Road                                                            Aub_Washington_Kittyhawk_072513
                                                                                                                                                                                            Site Code:
Location: 44.0321952986758, -                                                                    Auburn, Maine, United States 04210                                                         Start Date: 07/25/2013
70.2685761451721                                                                                  (207) 783-9186 jready@avcog.org                                                           Page No: 1



                                                                                                    Turning Movement Data
                                     Southbound Approach                                Westbound Approach                                    Northbound Approach                                    Eastbound Approach
                                         Southbound                                         Westbound                                             Northbound                                             Eastbound
    Start Time
                    Left    Thru            Right     U-Turn   App. Total   Left   Thru       Right     U-Turn       App. Total   Left   Thru        Right     U-Turn   App. Total   Left       Thru       Right     U-Turn   App. Total   Int. Total
     6:30 AM         0          72           65            0      137        0      2           2            0           4        15     90           0             0      105       79          0          14            0      93          339
     6:45 AM         0          59           62            0      121        1      1           0            0           2        10     103          0             0      113       68          0           8            0      76          312
    Hourly Total     0      131             127            0      258        1      3           2            0           6        25     193          0             0      218       147         0          22            0      169         651
     7:00 AM         3          62           56            1      122        0      1           3            0           4         7     90           0             0      97        66          0           9            0      75          298
     7:15 AM         0          82           82            0      164        0      4           1            0           5        14     109          0             0      123       66          1          12            0      79          371
     7:30 AM         1          73           74            0      148        0      1           3            0           4        10     146          0             0      156       73          3          11            0      87          395
     7:45 AM         3          60           88            0      151        0      1           2            0           3        14     140          0             0      154       71          0           9            0      80          388
    Hourly Total     7      277             300            1      585        0      7           9            0          16        45     485          0             0      530       276         4          41            0      321         1452
     8:00 AM         2          63           79            0      144        1      1           0            0           2        19     88           0             0      107       62          0          10            0      72          325
     8:15 AM         2          54           69            0      125        0      5           1            0           6         7     91           0             0      98        54          2           7            0      63          292
     8:30 AM         1          59           66            0      126        0      3           2            0           5        15     86           0             0      101       60          2          17            0      79          311
     8:45 AM         2          51           52            0      105        0      3           4            0           7        10     70           0             0      80        45          1          11            0      57          249
    Hourly Total     7      227             266            0      500        1     12           7            0          20        51     335          0             0      386       221         5          45            0      271         1177
     9:00 AM         1          69           36            0      106        0      0           1            0           1         6     81           0             0      87        75          2          10            0      87          281
     9:15 AM         1          50           48            0      99         0      0           0            0           0         8     83           0             0      91        66          1          10            0      77          267
     9:30 AM         1          48           50            0      99         0      1           4            0           5         7     60           1             0      68        48          1          11            0      60          232
     9:45 AM         2          44           46            0      92         1      0           1            0           2         7     75           0             0      82        44          1           6            0      51          227
    Hourly Total     5      211             180            0      396        1      1           6            0           8        28     299          1             0      328       233         5          37            0      275         1007
     10:00 AM        1          65           35            0      101        1      1           2            0           4         7     67           0             0      74        54          1           9            0      64          243
     10:15 AM        1          61           33            0      95         0      1           1            0           2        11     71           0             1      83        53          1          12            0      66          246
     10:30 AM        0          58           32            0      90         0      0           1            0           1         7     60           0             0      67        48          3           3            0      54          212
     10:45 AM        3          76           32            0      111        0      0           0            0           0         5     71           0             0      76        38          1           8            0      47          234
    Hourly Total     5      260             132            0      397        1      2           4            0           7        30     269          0             1      300       193         6          32            0      231         935
     11:00 AM        3          67           44            0      114        0      6           2            0           8         3     68           0             0      71        34          3           8            0      45          238
     11:15 AM        2          58           50            0      110        0      1           4            0           5        12     66           0             0      78        51          3          16            0      70          263
     11:30 AM        3          58           56            0      117        0      3           2            0           5         6     64           0             0      70        50          1           5            0      56          248
     11:45 AM        2          59           44            0      105        0      0           2            0           2         9     51           0             0      60        53          2           7            0      62          229
    Hourly Total    10      242             194            0      446        0     10          10            0          20        30     249          0             0      279       188         9          36            0      233         978
     12:00 PM        0      100              51            0      151        0      5           1            0           6         4     56           0             0      60        65          2          12            0      79          296
     12:15 PM        1          61           58            0      120        0      4           1            0           5        11     54           2             0      67        59          2          18            0      79          271
     12:30 PM        1          72           45            0      118        0      2           0            0           2         8     69           0             0      77        54          3           9            0      66          263
     12:45 PM        5          82           64            0      151        0      4           4            0           8         5     73           0             0      78        50          1          18            0      69          306
    Hourly Total     7      315             218            0      540        0     15           6            0          21        28     252          2             0      282       228         8          57            0      293         1136
     1:00 PM         2          84           57            0      143        0      2           1            0           3         4     78           0             0      82        47          1          12            0      60          288
     1:15 PM         2          57           52            0      111        0      3           2            0           5         7     85           1             0      93        64          1          12            0      77          286
     1:30 PM         1          65           41            0      107        0      0           3            0           3         4     55           0             0      59        53          3          11            0      67          236
     1:45 PM         2          67           32            0      101        0      1           2            0           3         5     84           0             0      89        47          2           9            0      58          251
    Hourly Total     7      273             182            0      462        0      6           8            0          14        20     302          1             0      323       211         7          44            0      262         1061
 2:00 PM        5      78     48     0      131     0      2      0     0      2      6      69     1       0       76    46      2     10     0      58     267
 2:15 PM        4      77     49     0      130     0      0      3     0      3      2      81     1       0       84    53      0     10     0      63     280
 2:30 PM        0      76     40     0      116     0      0      3     0      3      9      87     0       0       96    59      3      4     0      66     281
 2:45 PM        4      78     59     0      141     2      3      1     0      6      5      81     0       0       86    57      2     13     0      72     305
Hourly Total   13     309    196     0      518     2      5      7     0     14     22     318     2       0      342    215     7     37     0     259    1133
 3:00 PM        0      96     57     0      153     0      1      3     0      4      7      92     0       0       99    69      1     10     0      80     336
 3:15 PM        1      81     61     0      143     0      0      3     0      3      9      91     0       0      100    46      1      6     0      53     299
 3:30 PM        2     102     43     0      147     0      2      0     0      2      8      82     2       0       92    81      2      9     0      92     333
 3:45 PM        3      99     74     0      176     0      2      0     0      2      2     112     0       0      114    62      1     13     0      76     368
Hourly Total    6     378    235     0      619     0      5      6     0     11     26     377     2       0      405    258     5     38     0     301    1336
 4:00 PM        3      78     54     0      135     0      2      0     0      2     14     121     0       0      135    100     0     11     0     111     383
 4:15 PM        1     109     73     0      183     1      0      0     0      1     11     102     0       0      113    56      4     14     0      74     371
 4:30 PM        2     123     69     0      194     1      2      2     0      5      4     111     0       0      115    84      2     18     0     104     418
 4:45 PM        4     128     71     0      203     0      0      6     0      6      8     133     0       0      141    81      1     13     0      95     445
Hourly Total   10     438    267     0      715     2      4      8     0     14     37     467     0       0      504    321     7     56     0     384    1617
 5:00 PM        0     121     69     0      190     0      6      5     0     11     10     108     0       0      118    83      3     14     0     100     419
 5:15 PM        2     155     75     0      232     0      0      0     0      0      9     116     0       0      125    59      0     14     0      73     430
 5:30 PM        6     106     59     0      171     2      0      1     0      3     15     108     0       0      123    57      1      7     0      65     362
 5:45 PM        1     109     48     0      158     0      0      2     0      2      4     110     1       0      115    50      1      9     0      60     335
Hourly Total    9     491    251     0      751     2      6      8     0     16     38     442     1       0      481    249     5     44     0     298    1546
 6:00 PM        1      64     59     0      124     0      1      0     0      1     13     123     0       0      136    65      1      6     0      72     333
 6:15 PM        1      89     35     0      125     0      2      2     0      4      4      82     1       0       87    61      2     11     0      74     290
Grand Total    88     3705   2642    1      6436   10     79     83     0     172    397    4193    10      1      4601   2866   71     506    0     3443   14652
Approach %     1.4    57.6   41.1    0.0     -     5.8    45.9   48.3   0.0    -     8.6    91.1    0.2     0.0     -     83.2   2.1    14.7   0.0    -       -
  Total %      0.6    25.3   18.0    0.0    43.9   0.1    0.5    0.6    0.0   1.2    2.7    28.6    0.1     0.0    31.4   19.6   0.5    3.5    0.0   23.5     -
    Car        85     3460   2113    1      5659    7     76     82     0     165    355    3943    10      1      4309   2098   68     433    0     2599   12732
  % Car        96.6   93.4   80.0   100.0   87.9   70.0   96.2   98.8    -    95.9   89.4   94.0   100.0   100.0   93.7   73.2   95.8   85.6    -    75.5   86.9
  Medium        1     125    230     0      356     2      3      1     0      6     21     109     0       0      130    301     3     30     0     334     826
% Medium       1.1    3.4    8.7     0.0    5.5    20.0   3.8    1.2     -    3.5    5.3    2.6     0.0     0.0    2.8    10.5   4.2    5.9     -    9.7     5.6
  Heavy         2     120    299     0      421     1      0      0     0      1     21     141     0       0      162    467     0     43     0     510    1094
 % Heavy       2.3    3.2    11.3    0.0    6.5    10.0   0.0    0.0     -    0.6    5.3    3.4     0.0     0.0    3.5    16.3   0.0    8.5     -    14.8    7.5
                                                                                                                                      AVCOG                                                                                                              Count Name:
                                                                                                                                  125 Manley Road                                                                                                        Aub_Washington_Kittyhawk_072513
                                                                                                                                                                                                                                                         Site Code:
Location: 44.0321952986758, -                                                                                            Auburn, Maine, United States 04210                                                                                              Start Date: 07/25/2013
70.2685761451721                                                                                                          (207) 783-9186 jready@avcog.org                                                                                                Page No: 3




                                                                                                                                     Southbound Approach [N]
                                                                                                                                       Out          In          Total
                                                                                                                                      6124         5659        11783
                                                                                                                                       411          356          767
                                                                                                                                       608          421         1029
                                                                                                                                      7143         6436        13579


                                                                                                                                2113         3460         85            1
                                                                                                                                230          125           1            0
                                                                                                                                299          120           2            0
                                                                                                                                2642         3705         88            1
                                                                                                                                 R            T            L            U




                                                                                                                                                                                 83



                                                                                                                                                                                              82
                                                                                                                     U




                                                                                                                                                                             R
                                                                                           0
                                                                                                  0
                                                                                                        0
                                                                                                              0




                                                                                                                                                                                      0
                                                                                                                                                                                          1
                                Eastbound Approach [W]




                                                                                                                                                                                                                                Westbound Approach [E]
                                                         Total
                                                                 5143




                                                                                    6561
                                                                        588
                                                                              830




                                                                                                                                                                                                   169




                                                                                                                                                                                                                  163
                                                                                                                                                                                                                        Out
                                                                                                                                                                                                         2
                                                                                                                                                                                                             4
                                                                                           2098



                                                                                                              2866
                                                                                                  301
                                                                                                        467




                                                                                                                                                                                 79



                                                                                                                                                                                              76
                                                                                                                                                                             T
                                                                                                                     L




                                                                                                                                                                                      0
                                                                                                                                                                                          3
                                                                 2599




                                                                                    3443




                                                                                                                                 07/25/2013 6:30 AM
                                                                        334
                                                                              510




                                                                                                                                                                                                   172




                                                                                                                                                                                                                  165
                                                         In




                                                                                                                                                                                                                        In
                                                                                                                                                                                                         1
                                                                                                                                                                                                             6
                                                                                                                                 Ending At
                                                                                                                                 07/25/2013 6:30 PM
                                                                                           68



                                                                                                              71




                                                                                                                                                                                 10
                                                                                                                     T
                                                                                                  3
                                                                                                        0




                                                                                                                                                                             L


                                                                                                                                                                                      1
                                                                                                                                                                                          2
                                                                                                                                                                                              7
                                                                                                                                 Car
                                                                 2544




                                                                                    3118




                                                                                                                                                                                                                        Total
                                                                        254
                                                                              320




                                                                                                                                                                                                   341




                                                                                                                                                                                                                  328
                                                         Out




                                                                                                                                                                                                             10
                                                                                                                                                                                                         3
                                                                                                                                 Medium
                                                                                                                                 Heavy
                                                                                           433



                                                                                                              506
                                                                                                  30
                                                                                                        43


                                                                                                                     R




                                                                                                                                                                             U
                                                                                                                                                                                 0
                                                                                                                                                                                      0
                                                                                                                                                                                          0
                                                                                                                                                                                              0
                                                                                                                                 U            L            T            R
                                                                                                                                 1           355          3943          10
                                                                                                                                 0           21           109           0
                                                                                                                                 0           21           141           0
                                                                                                                                 1           397          4193          10


                                                                                                                                      3901         4309         8210
                                                                                                                                       157          130          287
                                                                                                                                       164          162          326
                                                                                                                                      4222         4601         8823
                                                                                                                                       Out          In          Total
                                                                                                                                     Northbound Approach [S]



                                                                                                                     Turning Movement Data Plot
                                                                                                                           AVCOG                                                                     Count Name:
                                                                                                                       125 Manley Road                                                               Aub_Washington_Kittyhawk_072513
                                                                                                                                                                                                     Site Code:
Location: 44.0321952986758, -                                                                         Auburn, Maine, United States 04210                                                             Start Date: 07/25/2013
70.2685761451721                                                                                       (207) 783-9186 jready@avcog.org                                                               Page No: 4




                                                                                    Turning Movement Peak Hour Data (7:15 AM)
                                     Southbound Approach                                     Westbound Approach                                       Northbound Approach                                       Eastbound Approach
                                         Southbound                                              Westbound                                                Northbound                                                Eastbound
    Start Time
                    Left    Thru            Right     U-Turn   App. Total   Left      Thru         Right     U-Turn        App. Total   Left    Thru         Right     U-Turn   App. Total   Left        Thru         Right     U-Turn     App. Total   Int. Total
     7:15 AM         0          82           82            0      164        0         4             1            0            5         14     109           0             0      123        66          1            12            0        79          371
     7:30 AM         1          73           74            0      148        0         1             3            0            4         10     146           0             0      156        73          3            11            0        87          395
     7:45 AM         3          60           88            0      151        0         1             2            0            3         14     140           0             0      154        71          0             9            0        80          388
     8:00 AM         2          63           79            0      144        1         1             0            0            2         19      88           0             0      107        62          0            10            0        72          325
      Total          6      278             323            0      607        1         7             6            0           14         57     483           0             0      540       272          4            42            0        318         1479
   Approach %       1.0     45.8            53.2       0.0         -         7.1      50.0          42.9          0.0          -        10.6    89.4          0.0       0.0         -        85.5         1.3          13.2          0.0       -            -
     Total %        0.4     18.8            21.8       0.0       41.0        0.1       0.5          0.4           0.0         0.9        3.9    32.7          0.0       0.0       36.5       18.4         0.3          2.8           0.0     21.5           -
      PHF          0.500    0.848           0.918     0.000      0.925      0.250     0.438        0.500      0.000          0.700      0.750   0.827        0.000     0.000      0.865      0.932       0.333        0.875      0.000       0.914       0.936
       Car           6      254             283            0      543        1         6             6            0           13         56     458           0             0      514       208          4            39            0        251         1321
      % Car        100.0    91.4            87.6           -     89.5       100.0     85.7         100.0           -         92.9       98.2    94.8           -            -     95.2       76.5        100.0         92.9           -      78.9         89.3
     Medium          0          12           19            0      31         0         1             0            0            1         1       12           0             0      13         28          0             1            0        29           74
    % Medium        0.0         4.3          5.9           -      5.1        0.0      14.3          0.0            -          7.1        1.8     2.5           -            -      2.4       10.3         0.0          2.4            -       9.1          5.0
      Heavy          0          12           21            0      33         0         0             0            0            0         0       13           0             0      13         36          0             2            0        38           84
     % Heavy        0.0         4.3          6.5           -      5.4        0.0       0.0          0.0            -          0.0        0.0     2.7           -            -      2.4       13.2         0.0          4.8            -      11.9          5.7
                                                                                                                             AVCOG                                                                                                       Count Name:
                                                                                                                         125 Manley Road                                                                                                 Aub_Washington_Kittyhawk_072513
                                                                                                                                                                                                                                         Site Code:
Location: 44.0321952986758, -                                                                                    Auburn, Maine, United States 04210                                                                                      Start Date: 07/25/2013
70.2685761451721                                                                                                  (207) 783-9186 jready@avcog.org                                                                                        Page No: 5




                                                                                                                             Southbound Approach [N]
                                                                                                                              Out         In          Total
                                                                                                                              672         543         1215
                                                                                                                               40         31           71
                                                                                                                               49         33           82
                                                                                                                              761         607         1368


                                                                                                                        283         254         6             0
                                                                                                                        19          12          0             0
                                                                                                                        21          12          0             0
                                                                                                                        323         278         6             0
                                                                                                                         R          T           L             U




                                                                                                             U




                                                                                                                                                                  R
                                                                                       0
                                                                                             0
                                                                                                  0
                                                                                                       0




                                                                                                                                                                      6
                                                                                                                                                                          0
                                                                                                                                                                              0
                                                                                                                                                                                  6
                                                                                                                       Peak Hour Data
                                Eastbound Approach [W]




                                                                                                                                                                                                                Westbound Approach [E]
                                                         Total
                                                                 596




                                                                                 705




                                                                                                                                                                                                        Out
                                                                       50
                                                                            59




                                                                                                                                                                                      10




                                                                                                                                                                                                   10
                                                                                                                                                                                           0
                                                                                                                                                                                               0
                                                                                       208



                                                                                                       272
                                                                                             28
                                                                                                  36




                                                                                                                                                                  T
                                                                                                             L




                                                                                                                                                                      7
                                                                                                                                                                          0
                                                                                                                                                                              1
                                                                                                                                                                                  6
                                                                                                                         07/25/2013 7:15 AM
                                                                 251




                                                                                 318
                                                                       29
                                                                            38




                                                                                                                                                                                      14




                                                                                                                                                                                                   13
                                                         In




                                                                                                                                                                                                        In
                                                                                                                                                                                           0
                                                                                                                                                                                               1
                                                                                                                         Ending At
                                                                                                                         07/25/2013 8:15 AM
                                                                                                             T
                                                                                       4
                                                                                             0
                                                                                                  0
                                                                                                       4




                                                                                                                                                                  L
                                                                                                                                                                      1
                                                                                                                                                                          0
                                                                                                                                                                              0
                                                                                                                                                                                  1
                                                                                                                         Car




                                                                                                                                                                                                        Total
                                                                 345




                                                                                 387
                                                         Out


                                                                       21
                                                                            21




                                                                                                                                                                                      24




                                                                                                                                                                                                   23
                                                                                                                                                                                           0
                                                                                                                                                                                               1
                                                                                                                         Medium
                                                                                                                         Heavy
                                                                                       39



                                                                                                       42
                                                                                                             R




                                                                                                                                                                  U
                                                                                             1
                                                                                                  2




                                                                                                                                                                      0
                                                                                                                                                                          0
                                                                                                                                                                              0
                                                                                                                                                                                  0
                                                                                                                         U          L           T             R
                                                                                                                         0          56          458           0
                                                                                                                         0          1           12            0
                                                                                                                         0          0           13            0
                                                                                                                         0          57          483           0


                                                                                                                              294         514         808
                                                                                                                               13         13           26
                                                                                                                               14         13           27
                                                                                                                              321         540         861
                                                                                                                              Out         In          Total
                                                                                                                             Northbound Approach [S]



                                                                            Turning Movement Peak Hour Data Plot (7:15 AM)
                                                                                                                           AVCOG                                                                     Count Name:
                                                                                                                       125 Manley Road                                                               Aub_Washington_Kittyhawk_072513
                                                                                                                                                                                                     Site Code:
Location: 44.0321952986758, -                                                                         Auburn, Maine, United States 04210                                                             Start Date: 07/25/2013
70.2685761451721                                                                                       (207) 783-9186 jready@avcog.org                                                               Page No: 6




                                                                                    Turning Movement Peak Hour Data (4:30 PM)
                                     Southbound Approach                                     Westbound Approach                                       Northbound Approach                                       Eastbound Approach
                                         Southbound                                              Westbound                                                Northbound                                                Eastbound
    Start Time
                    Left    Thru            Right     U-Turn   App. Total   Left      Thru         Right     U-Turn        App. Total   Left    Thru         Right     U-Turn   App. Total   Left        Thru         Right     U-Turn     App. Total   Int. Total
     4:30 PM         2      123              69            0      194        1         2             2            0            5         4      111           0             0      115        84          2            18            0        104         418
     4:45 PM         4      128              71            0      203        0         0             6            0            6         8      133           0             0      141        81          1            13            0        95          445
     5:00 PM         0      121              69            0      190        0         6             5            0           11         10     108           0             0      118        83          3            14            0        100         419
     5:15 PM         2      155              75            0      232        0         0             0            0            0         9      116           0             0      125        59          0            14            0        73          430
      Total          8      527             284            0      819        1         8            13            0           22         31     468           0             0      499       307          6            59            0        372         1712
   Approach %       1.0     64.3            34.7       0.0         -         4.5      36.4          59.1          0.0          -         6.2    93.8          0.0       0.0         -        82.5         1.6          15.9          0.0       -            -
     Total %        0.5     30.8            16.6       0.0       47.8        0.1       0.5          0.8           0.0         1.3        1.8    27.3          0.0       0.0       29.1       17.9         0.4          3.4           0.0     21.7           -
      PHF          0.500    0.850           0.947     0.000      0.883      0.250     0.333        0.542      0.000          0.500      0.775   0.880        0.000     0.000      0.885      0.914       0.500        0.819      0.000       0.894       0.962
       Car           8      512             256            0      776        0         8            13            0           21         26     441           0             0      467       263          6            57            0        326         1590
      % Car        100.0    97.2            90.1           -     94.7        0.0      100.0        100.0           -         95.5       83.9    94.2           -            -     93.6       85.7        100.0         96.6           -      87.6         92.9
     Medium          0          10           17            0      27         0         0             0            0            0         3       10           0             0      13         11          0             1            0        12           52
    % Medium        0.0         1.9          6.0           -      3.3        0.0       0.0          0.0            -          0.0        9.7     2.1           -            -      2.6        3.6         0.0          1.7            -       3.2          3.0
      Heavy          0          5            11            0      16         1         0             0            0            1         2       17           0             0      19         33          0             1            0        34           70
     % Heavy        0.0         0.9          3.9           -      2.0       100.0      0.0          0.0            -          4.5        6.5     3.6           -            -      3.8       10.7         0.0          1.7            -       9.1          4.1
                                                                                                                             AVCOG                                                                                                         Count Name:
                                                                                                                         125 Manley Road                                                                                                   Aub_Washington_Kittyhawk_072513
                                                                                                                                                                                                                                           Site Code:
Location: 44.0321952986758, -                                                                                    Auburn, Maine, United States 04210                                                                                        Start Date: 07/25/2013
70.2685761451721                                                                                                  (207) 783-9186 jready@avcog.org                                                                                          Page No: 7




                                                                                                                             Southbound Approach [N]
                                                                                                                              Out         In          Total
                                                                                                                              717         776         1493
                                                                                                                               21         27           48
                                                                                                                               50         16           66
                                                                                                                              788         819         1607


                                                                                                                        256         512         8             0
                                                                                                                        17          10          0             0
                                                                                                                        11          5           0             0
                                                                                                                        284         527         8             0
                                                                                                                         R          T           L             U




                                                                                                                                                                      13



                                                                                                                                                                                   13
                                                                                                             U




                                                                                                                                                                  R
                                                                                       0
                                                                                             0
                                                                                                  0
                                                                                                       0




                                                                                                                                                                           0
                                                                                                                                                                               0
                                                                                                                       Peak Hour Data
                                Eastbound Approach [W]




                                                                                                                                                                                                                  Westbound Approach [E]
                                                         Total
                                                                 616




                                                                                 695




                                                                                                                                                                                                          Out
                                                                       32
                                                                            47




                                                                                                                                                                                        14




                                                                                                                                                                                                     14
                                                                                                                                                                                             0
                                                                                                                                                                                                 0
                                                                                       263



                                                                                                       307
                                                                                             11
                                                                                                  33




                                                                                                                                                                  T
                                                                                                             L




                                                                                                                                                                      8
                                                                                                                                                                           0
                                                                                                                                                                               0
                                                                                                                                                                                   8
                                                                                                                         07/25/2013 4:30 PM
                                                                 326




                                                                                 372
                                                                       12
                                                                            34




                                                                                                                                                                                        22




                                                                                                                                                                                                     21
                                                         In




                                                                                                                                                                                                          In
                                                                                                                                                                                             1
                                                                                                                                                                                                 0
                                                                                                                         Ending At
                                                                                                                         07/25/2013 5:30 PM
                                                                                                             T
                                                                                       6
                                                                                             0
                                                                                                  0
                                                                                                       6




                                                                                                                                                                  L
                                                                                                                                                                      1
                                                                                                                                                                           1
                                                                                                                                                                               0
                                                                                                                                                                                   0
                                                                                                                         Car




                                                                                                                                                                                                          Total
                                                                 290




                                                                                 323
                                                         Out


                                                                       20
                                                                            13




                                                                                                                                                                                        36




                                                                                                                                                                                                     35
                                                                                                                                                                                             1
                                                                                                                                                                                                 0
                                                                                                                         Medium
                                                                                                                         Heavy
                                                                                       57



                                                                                                       59
                                                                                                             R




                                                                                                                                                                  U
                                                                                             1
                                                                                                  1




                                                                                                                                                                      0
                                                                                                                                                                           0
                                                                                                                                                                               0
                                                                                                                                                                                   0
                                                                                                                         U          L           T             R
                                                                                                                         0          26          441           0
                                                                                                                         0          3           10            0
                                                                                                                         0          2           17            0
                                                                                                                         0          31          468           0


                                                                                                                              569         467         1036
                                                                                                                               11         13           24
                                                                                                                               7          19           26
                                                                                                                              587         499         1086
                                                                                                                              Out         In          Total
                                                                                                                             Northbound Approach [S]



                                                                            Turning Movement Peak Hour Data Plot (4:30 PM)
                                            AVCOG                    Count Name:
                                        125 Manley Road              Aub_Washington_Kittyhawk_072513
                                                                     Site Code:
Location: 44.0321952986758, -   Auburn, Maine, United States 04210   Start Date: 07/25/2013
70.2685761451721                 (207) 783-9186 jready@avcog.org     Page No: 8
