                                                                                           AVCOG
                                                                                       125 Manley Road                                               Count Name: Lew_Main_Sabattus_061813
                                                                                                                                                     Site Code:
Location: 44.1006264639891, -                                                  Auburn, Maine, United States 04210                                    Start Date: 06/18/2013
70.2149158716202                                                                (207) 783-9186 jready@avcog.org                                      Page No: 1



                                                                               Turning Movement Data
                                        Westbound St.                                           Northbound St.                                        Eastbound St.
                                         Westbound                                               Northbound                                            Eastbound
       Start Time
                          Left   Thru       Right       U-Turn   App. Total   Left      Thru        Right        U-Turn   App. Total   Left   Thru        Right       U-Turn   App. Total   Int. Total
       6:30 AM             3     94          4            0         101       38         11          17            0         66         2     106          58           0         166         333
       6:45 AM             5     118         8            0         131       55         12          36            0         103        6     117          55           0         178         412
      Hourly Total         8     212         12           0         232       93         23          53            0         169        8     223         113           0         344         745
       7:00 AM             7     124         3            0         134       52         17          17            0         86        10     91           57           0         158         378
       7:15 AM            17     142         3            0         162       66         17          23            0         106       12     120          51           0         183         451
       7:30 AM            15     142         3            0         160       74         17          23            0         114       19     138          64           0         221         495
       7:45 AM            14     211         11           0         236       81         17          37            0         135       12     140          81           0         233         604
      Hourly Total        53     619         20           0         692       273        68          100           0         441       53     489         253           0         795         1928
       8:00 AM            15     145         8            0         168       73         18          29            0         120       15     116          71           0         202         490
       8:15 AM            17     143         7            0         167       58         20          23            0         101       12     108          69           0         189         457
       8:30 AM            13     132         4            0         149       70          7          22            0         99        10     118          63           0         191         439
       8:45 AM            22     146         3            0         171       66         13          32            0         111       14     122          78           0         214         496
      Hourly Total        67     566         22           0         655       267        58          106           0         431       51     464         281           0         796         1882
       9:00 AM            26     135         3            0         164       51         13          21            0         85        14     128          62           0         204         453
       9:15 AM            15     129         7            0         151       44         10          39            0         93        11     113          51           0         175         419
       9:30 AM            16     124         4            0         144       54         17          24            0         95        11     112          77           0         200         439
       9:45 AM            16     123         3            0         142       69          9          28            0         106       14     118          77           0         209         457
      Hourly Total        73     511         17           0         601       218        49          112           0         379       50     471         267           0         788         1768
       10:00 AM           17     107         5            0         129       61         13          22            0         96        21     121          82           0         224         449
       10:15 AM           14     110         3            0         127       48         15          23            0         86         4     115          69           0         188         401
       10:30 AM           26     110         0            0         136       57         15          17            0         89        18     131          78           0         227         452
       10:45 AM           13     126         8            0         147       61         12          24            0         97        13     127          73           0         213         457
      Hourly Total        70     453         16           0         539       227        55          86            0         368       56     494         302           0         852         1759
       11:00 AM           21     105         3            0         129       51         11          22            0         84         9     122          71           0         202         415
       11:15 AM           23     111         3            0         137       63         13          30            0         106       15     127          65           0         207         450
       11:30 AM           22     131         4            0         157       57          6          25            0         88         8     127          71           0         206         451
       11:45 AM           24     156         2            0         182       85         10          31            0         126        9     150          63           0         222         530
      Hourly Total        90     503         12           0         605       256        40          108           0         404       41     526         270           0         837         1846
       12:00 PM           23     147         5            0         175       58          2          18            0         78         4     147          67           0         218         471
       12:15 PM           16     116         5            0         137       59         14          30            0         103       11     128          64           0         203         443
       12:30 PM           25     129         6            0         160       53         12          29            0         94        10     138          96           0         244         498
       12:45 PM           17     135         5            0         157       56         12          25            0         93        14     148         100           0         262         512
      Hourly Total        81     527         21           0         629       226        40          102           0         368       39     561         327           0         927         1924
       1:00 PM            16     149         6            0         171       52         16          22            0         90         7     121          78           0         206         467
       1:15 PM            14     89          1            0         104       60         16          27            0         103       13     128          94           0         235         442
       1:30 PM            22     118         2            0         142       71         13          26            0         110       12     145          76           0         233         485
       1:45 PM            22     142         5            0         169       70         11          29            0         110       13     126          84           0         223         502
      Hourly Total        74     498         14           0         586       253        56          104           0         413       45     520         332           0         897         1896
 2:00 PM       10     152     3     0     165     64    11     22     0      97     7     129    86      0       222     484
 2:15 PM       18     155     6     0     179     73     5     37     0     115     8     133    68      0       209     503
 2:30 PM       14     152     0     0     166     65     9     25     0      99    11     142    85      0       238     503
 2:45 PM       20     129     0     0     149     68    13     31     0     112    14     136    87      0       237     498
Hourly Total   62     588     9     0     659    270    38     115    0     423    40     540    326     0       906    1988
 3:00 PM       19     124     2     0     145     54    14     19     0      87    12     141    108     0       261     493
 3:15 PM       28     112     4     0     144     68    10     17     0      95     8     127    76      0       211     450
 3:30 PM       26     164     2     0     192     70    15     20     0     105     8     142    105     0       255     552
 3:45 PM       20     126     4     0     150     65    17     31     0     113    17     145    102     0       264     527
Hourly Total   93     526    12     0     631    257    56     87     0     400    45     555    391     0       991    2022
 4:00 PM       19     150     4     0     173     79     9     22     0     110    15     166    93      0       274     557
 4:15 PM       27     119     5     0     151     71     6     25     0     102    11     164    94      0       269     522
 4:30 PM       27     158     0     0     185     78     7     27     0     112     9     184    111     0       304     601
 4:45 PM       17     157     1     0     175     76    15     23     0     114    11     176    108     0       295     584
Hourly Total   90     584    10     0     684    304    37     97     0     438    46     690    406     0      1142    2264
 5:00 PM       25     140     0     0     165     71    12     25     0     108    10     204    107     0       321     594
 5:15 PM       22     143     3     0     168     56     7     14     0      77     6     155    103     0       264     509
 5:30 PM       15     105     0     0     120     81     5     20     0     106     5     106    96      0       207     433
 5:45 PM       17     118     4     0     139     60     5     14     0      79     5     103    73      0       181     399
Hourly Total   79     506     7     0     592    268    29     73     0     370    26     568    379     0       973    1935
 6:00 PM       13     103     1     0     117     52     3     14     0      69     3     116    78      0       197     383
 6:15 PM       15      94     1     0     110     41     6     19     0      66     4     112    89      1       206     382
Grand Total    868    6290   174    0     7332   3005   558    1176   0     4739   507    6329   3814    1      10651   22722
Approach %     11.8   85.8   2.4    0.0    -     63.4   11.8   24.8   0.0    -     4.8    59.4   35.8    0.0      -       -
  Total %      3.8    27.7   0.8    0.0   32.3   13.2   2.5    5.2    0.0   20.9   2.2    27.9   16.8    0.0    46.9      -
    Car        850    6059   168    0     7077   2928   545    1142   0     4615   481    6119   3722    1      10323   22015
  % Car        97.9   96.3   96.6    -    96.5   97.4   97.7   97.1    -    97.4   94.9   96.7   97.6   100.0   96.9    96.9
  Medium       16     183     6     0     205     71    13     30     0     114    24     164    77      0       265     584
% Medium       1.8    2.9    3.4     -    2.8    2.4    2.3    2.6     -    2.4    4.7    2.6    2.0     0.0     2.5     2.6
  Heavy         2      48     0     0      50     6      0      4     0      10     2     46     15      0       63      123
 % Heavy       0.2    0.8    0.0     -    0.7    0.2    0.0    0.3     -    0.2    0.4    0.7    0.4     0.0     0.6     0.5
                                                                                                                                 AVCOG
                                                                                                                             125 Manley Road                                                                                                                Count Name: Lew_Main_Sabattus_061813
                                                                                                                                                                                                                                                            Site Code:
Location: 44.1006264639891, -                                                                                        Auburn, Maine, United States 04210                                                                                                     Start Date: 06/18/2013
70.2149158716202                                                                                                      (207) 783-9186 jready@avcog.org                                                                                                       Page No: 3




                                                                                                                                  Southbound St. [N]
                                                                                                                                 Out          In          Total
                                                                                                                                 1194         0           1194
                                                                                                                                 43           0            43
                                                                                                                                  2           0            2
                                                                                                                                 1239         0           1239




                                                                                                                                                                           174



                                                                                                                                                                                             168
                                                                                                                 U




                                                                                                                                                                       R
                                                                                        1
                                                                                               0
                                                                                                     0
                                                                                                          1




                                                                                                                                                                                  0
                                                                                                                                                                                       6
                                                            19311




                                                                                19947
                                                    Total




                                                                                                                                                                                                    7505




                                                                                                                                                                                                                        7261
                                                                    519
                                                                          117




                                                                                                                                                                                                                  194


                                                                                                                                                                                                                                Out
                                                                                                                                                                                                            50
                                Eastbound St. [W]




                                                                                                                                                                                                                                        Westbound St. [E]
                                                                                                                                                                           6290



                                                                                                                                                                                             6059
                                                                                        481



                                                                                                          507




                                                                                                                                                                                       183
                                                                                               24




                                                                                                                                                                                  48
                                                                                                                                                                       T
                                                                                                     2


                                                                                                                 L
                                                            10323




                                                                                10651




                                                                                                                                                                                                    7332




                                                                                                                                                                                                                        7077
                                                                                                                             06/18/2013 6:30 AM
                                                                    265




                                                                                                                                                                                                                  205
                                                                          63




                                                                                                                                                                                                            50
                                                    In




                                                                                                                                                                                                                                In
                                                                                                                             Ending At
                                                                                                                             06/18/2013 6:30 PM
                                                                                        6119



                                                                                                          6329
                                                                                               164




                                                                                                                                                                           868



                                                                                                                                                                                             850
                                                                                                     46




                                                                                                                                                                                       16
                                                                                                                 T




                                                                                                                                                                       L


                                                                                                                                                                                  2




                                                                                                                                                                                                    14837




                                                                                                                                                                                                                        14338
                                                                                                                             Car
                                                            8988




                                                                                9296




                                                                                                                                                                                                                                Total
                                                                    254




                                                                                                                                                                                                            100
                                                                                                                                                                                                                  399
                                                    Out




                                                                          54




                                                                                                                             Medium
                                                                                                                             Heavy
                                                                                        3722



                                                                                                          3814
                                                                                               77
                                                                                                     15


                                                                                                                 R




                                                                                                                                                                       U
                                                                                                                                                                           0
                                                                                                                                                                                  0
                                                                                                                                                                                       0
                                                                                                                                                                                             0
                                                                                                                             U          L           T             R
                                                                                                                             0         2928         545         1142
                                                                                                                             0          71          13            30
                                                                                                                             0          6           0             4
                                                                                                                             0         3005         558         1176


                                                                                                                                 4572        4615         9187
                                                                                                                                 93           114         207
                                                                                                                                 17           10           27
                                                                                                                                 4682        4739         9421
                                                                                                                                 Out          In          Total
                                                                                                                                   Northbound St. [S]



                                                                                                                 Turning Movement Data Plot
                                                                                             AVCOG
                                                                                         125 Manley Road                                                 Count Name: Lew_Main_Sabattus_061813
                                                                                                                                                         Site Code:
Location: 44.1006264639891, -                                                    Auburn, Maine, United States 04210                                      Start Date: 06/18/2013
70.2149158716202                                                                  (207) 783-9186 jready@avcog.org                                        Page No: 4




                                                                  Turning Movement Peak Hour Data (7:30 AM)
                                         Westbound St.                                            Northbound St.                                          Eastbound St.
                                          Westbound                                                Northbound                                              Eastbound
       Start Time
                          Left   Thru        Right       U-Turn   App. Total   Left       Thru        Right        U-Turn   App. Total   Left    Thru         Right       U-Turn   App. Total   Int. Total
       7:30 AM            15     142          3            0         160        74         17          23            0         114        19     138           64           0         221         495
       7:45 AM            14     211          11           0         236        81         17          37            0         135        12     140           81           0         233         604
       8:00 AM            15     145          8            0         168        73         18          29            0         120        15     116           71           0         202         490
       8:15 AM            17     143          7            0         167        58         20          23            0         101        12     108           69           0         189         457
         Total            61     641          29           0         731       286         72          112           0         470        58     502          285           0         845         2046
      Approach %          8.3    87.7         4.0         0.0         -        60.9       15.3        23.8          0.0         -         6.9    59.4         33.7         0.0         -            -
        Total %           3.0    31.3         1.4         0.0       35.7       14.0        3.5         5.5          0.0       23.0        2.8    24.5         13.9         0.0       41.3           -
         PHF             0.897   0.759       0.659       0.000      0.774      0.883      0.900       0.757        0.000      0.870      0.763   0.896       0.880        0.000      0.907       0.847
          Car             60     618          29           0         707       279         72          111           0         462        56     486          276           0         818         1987
        % Car            98.4    96.4        100.0         -        96.7       97.6       100.0       99.1           -        98.3       96.6    96.8         96.8          -        96.8         97.1
        Medium             1      20          0            0         21         7           0           0            0          7         2       8            7            0         17           45
      % Medium            1.6     3.1         0.0          -         2.9        2.4        0.0         0.0           -         1.5        3.4     1.6          2.5          -         2.0          2.2
        Heavy              0      3           0            0          3         0           0           1            0          1         0       8            2            0         10           14
       % Heavy            0.0     0.5         0.0          -         0.4        0.0        0.0         0.9           -         0.2        0.0     1.6          0.7          -         1.2          0.7
                                                                                                                        AVCOG
                                                                                                                    125 Manley Road                                                                                                       Count Name: Lew_Main_Sabattus_061813
                                                                                                                                                                                                                                          Site Code:
Location: 44.1006264639891, -                                                                               Auburn, Maine, United States 04210                                                                                            Start Date: 06/18/2013
70.2149158716202                                                                                             (207) 783-9186 jready@avcog.org                                                                                              Page No: 5




                                                                                                                         Southbound St. [N]
                                                                                                                        Out         In         Total
                                                                                                                        157         0          157
                                                                                                                        2           0           2
                                                                                                                        0           0           0
                                                                                                                        159         0          159




                                                                                                                                                                 29



                                                                                                                                                                                29
                                                                                                        U




                                                                                                                                                             R
                                                                                    0
                                                                                          0
                                                                                              0
                                                                                                  0




                                                                                                                                                                       0
                                                                                                                                                                           0
                                                                                                                  Peak Hour Data
                                                    Total
                                                            1715




                                                                             1772




                                                                                                                                                                                      614




                                                                                                                                                                                                       597
                                                                                                                                                                                                              Out
                                                                   44
                                                                        13




                                                                                                                                                                                             9
                                                                                                                                                                                                  8
                                Eastbound St. [W]




                                                                                                                                                                                                                      Westbound St. [E]
                                                                                                                                                                 641



                                                                                                                                                                                618
                                                                                    56



                                                                                                  58




                                                                                                                                                                           20
                                                                                                                                                             T
                                                                                          2
                                                                                              0


                                                                                                        L




                                                                                                                                                                       3
                                                                                                                    06/18/2013 7:30 AM
                                                            818




                                                                             845




                                                                                                                                                                                      731




                                                                                                                                                                                                       707
                                                                   17
                                                                        10




                                                                                                                                                                                                  21
                                                    In




                                                                                                                                                                                                              In
                                                                                                                                                                                             3
                                                                                                                    Ending At
                                                                                                                    06/18/2013 8:30 AM
                                                                                    486



                                                                                                  502




                                                                                                                                                                 61



                                                                                                                                                                                60
                                                                                                        T
                                                                                          8
                                                                                              8




                                                                                                                                                             L


                                                                                                                                                                       0
                                                                                                                                                                           1
                                                                                                                    Car




                                                                                                                                                                                      1345




                                                                                                                                                                                                       1304
                                                                                                                                                                                                              Total
                                                            897




                                                                             927
                                                    Out


                                                                   27




                                                                                                                                                                                             12
                                                                                                                                                                                                  29
                                                                        3




                                                                                                                    Medium
                                                                                                                    Heavy
                                                                                    276



                                                                                                  285
                                                                                                        R




                                                                                                                                                             U
                                                                                          7
                                                                                              2




                                                                                                                                                                 0
                                                                                                                                                                       0
                                                                                                                                                                           0
                                                                                                                                                                                0
                                                                                                                    U         L           T            R
                                                                                                                    0         279         72           111
                                                                                                                    0         7           0            0
                                                                                                                    0         0           0            1
                                                                                                                    0         286         72           112


                                                                                                                        336         462        798
                                                                                                                        8           7           15
                                                                                                                        2           1           3
                                                                                                                        346         470        816
                                                                                                                        Out         In         Total
                                                                                                                         Northbound St. [S]



                                                                        Turning Movement Peak Hour Data Plot (7:30 AM)
                                                                                             AVCOG
                                                                                         125 Manley Road                                                 Count Name: Lew_Main_Sabattus_061813
                                                                                                                                                         Site Code:
Location: 44.1006264639891, -                                                    Auburn, Maine, United States 04210                                      Start Date: 06/18/2013
70.2149158716202                                                                  (207) 783-9186 jready@avcog.org                                        Page No: 6




                                                                  Turning Movement Peak Hour Data (1:30 PM)
                                         Westbound St.                                            Northbound St.                                          Eastbound St.
                                          Westbound                                                Northbound                                              Eastbound
       Start Time
                          Left   Thru        Right       U-Turn   App. Total   Left       Thru        Right        U-Turn   App. Total   Left    Thru         Right       U-Turn   App. Total   Int. Total
       1:30 PM            22     118          2            0         142        71         13          26            0         110        12     145           76           0         233         485
       1:45 PM            22     142          5            0         169        70         11          29            0         110        13     126           84           0         223         502
       2:00 PM            10     152          3            0         165        64         11          22            0         97         7      129           86           0         222         484
       2:15 PM            18     155          6            0         179        73          5          37            0         115        8      133           68           0         209         503
         Total            72     567          16           0         655       278         40          114           0         432        40     533          314           0         887         1974
      Approach %         11.0    86.6         2.4         0.0         -        64.4        9.3        26.4          0.0         -         4.5    60.1         35.4         0.0         -            -
        Total %           3.6    28.7         0.8         0.0       33.2       14.1        2.0         5.8          0.0       21.9        2.0    27.0         15.9         0.0       44.9           -
         PHF             0.818   0.915       0.667       0.000      0.915      0.952      0.769       0.770        0.000      0.939      0.769   0.919       0.913        0.000      0.952       0.981
          Car             71     540          15           0         626       273         39          109           0         421        38     516          309           0         863         1910
        % Car            98.6    95.2        93.8          -        95.6       98.2       97.5        95.6           -        97.5       95.0    96.8         98.4          -        97.3         96.8
        Medium             1      24          1            0         26         5           1           4            0         10         2       12           4            0         18           54
      % Medium            1.4     4.2         6.3          -         4.0        1.8        2.5         3.5           -         2.3        5.0     2.3          1.3          -         2.0          2.7
        Heavy              0      3           0            0          3         0           0           1            0          1         0       5            1            0          6           10
       % Heavy            0.0     0.5         0.0          -         0.5        0.0        0.0         0.9           -         0.2        0.0     0.9          0.3          -         0.7          0.5
                                                                                                                        AVCOG
                                                                                                                    125 Manley Road                                                                                                      Count Name: Lew_Main_Sabattus_061813
                                                                                                                                                                                                                                         Site Code:
Location: 44.1006264639891, -                                                                               Auburn, Maine, United States 04210                                                                                           Start Date: 06/18/2013
70.2149158716202                                                                                             (207) 783-9186 jready@avcog.org                                                                                             Page No: 7




                                                                                                                         Southbound St. [N]
                                                                                                                        Out         In         Total
                                                                                                                        92          0           92
                                                                                                                        4           0           4
                                                                                                                        0           0           0
                                                                                                                        96          0           96




                                                                                                                                                                 16



                                                                                                                                                                                15
                                                                                                        U




                                                                                                                                                             R
                                                                                   0
                                                                                         0
                                                                                              0
                                                                                                  0




                                                                                                                                                                       0
                                                                                                                                                                           1
                                                                                                                  Peak Hour Data
                                                    Total
                                                            1676




                                                                            1732




                                                                                                                                                                                      647




                                                                                                                                                                                                      625
                                                                                                                                                                                                             Out
                                                                   47




                                                                                                                                                                                                 16
                                                                        9




                                                                                                                                                                                             6
                                Eastbound St. [W]




                                                                                                                                                                                                                     Westbound St. [E]
                                                                                                                                                                 567



                                                                                                                                                                                540
                                                                                   38



                                                                                                  40




                                                                                                                                                                           24
                                                                                                                                                             T
                                                                                         2
                                                                                              0


                                                                                                        L




                                                                                                                                                                       3
                                                                                                                    06/18/2013 1:30 PM
                                                            863




                                                                            887




                                                                                                                                                                                      655




                                                                                                                                                                                                      626
                                                                   18




                                                                                                                                                                                                 26
                                                    In




                                                                                                                                                                                                             In
                                                                        6




                                                                                                                                                                                             3
                                                                                                                    Ending At
                                                                                                                    06/18/2013 2:30 PM
                                                                                   516



                                                                                                  533
                                                                                         12




                                                                                                                                                                 72



                                                                                                                                                                                71
                                                                                                        T
                                                                                              5




                                                                                                                                                             L


                                                                                                                                                                       0
                                                                                                                                                                           1
                                                                                                                    Car




                                                                                                                                                                                      1302




                                                                                                                                                                                                      1251
                                                                                                                                                                                                             Total
                                                            813




                                                                            845
                                                    Out


                                                                   29




                                                                                                                                                                                                 42
                                                                        3




                                                                                                                                                                                             9
                                                                                                                    Medium
                                                                                                                    Heavy
                                                                                   309



                                                                                                  314
                                                                                                        R




                                                                                                                                                             U
                                                                                         4
                                                                                              1




                                                                                                                                                                 0
                                                                                                                                                                       0
                                                                                                                                                                           0
                                                                                                                                                                                0
                                                                                                                    U         L           T            R
                                                                                                                    0         273         39           109
                                                                                                                    0         5           1            4
                                                                                                                    0         0           0            1
                                                                                                                    0         278         40           114


                                                                                                                        380         421        801
                                                                                                                        5           10          15
                                                                                                                        1           1           2
                                                                                                                        386         432        818
                                                                                                                        Out         In         Total
                                                                                                                         Northbound St. [S]



                                                                        Turning Movement Peak Hour Data Plot (1:30 PM)
                                                                                             AVCOG
                                                                                         125 Manley Road                                                 Count Name: Lew_Main_Sabattus_061813
                                                                                                                                                         Site Code:
Location: 44.1006264639891, -                                                    Auburn, Maine, United States 04210                                      Start Date: 06/18/2013
70.2149158716202                                                                  (207) 783-9186 jready@avcog.org                                        Page No: 8




                                                                  Turning Movement Peak Hour Data (4:15 PM)
                                         Westbound St.                                            Northbound St.                                          Eastbound St.
                                          Westbound                                                Northbound                                              Eastbound
       Start Time
                          Left   Thru        Right       U-Turn   App. Total   Left       Thru        Right        U-Turn   App. Total   Left    Thru         Right       U-Turn   App. Total   Int. Total
       4:15 PM            27     119          5            0         151        71          6          25            0         102        11     164           94           0         269         522
       4:30 PM            27     158          0            0         185        78          7          27            0         112        9      184          111           0         304         601
       4:45 PM            17     157          1            0         175        76         15          23            0         114        11     176          108           0         295         584
       5:00 PM            25     140          0            0         165        71         12          25            0         108        10     204          107           0         321         594
         Total            96     574          6            0         676       296         40          100           0         436        41     728          420           0        1189         2301
      Approach %         14.2    84.9         0.9         0.0         -        67.9        9.2        22.9          0.0         -         3.4    61.2         35.3         0.0         -            -
        Total %           4.2    24.9         0.3         0.0       29.4       12.9        1.7         4.3          0.0       18.9        1.8    31.6         18.3         0.0       51.7           -
         PHF             0.889   0.908       0.300       0.000      0.914      0.949      0.667       0.926        0.000      0.956      0.932   0.892       0.946        0.000      0.926       0.957
          Car             95     558          5            0         658       291         40          97            0         428        40     719          415           0        1174         2260
        % Car            99.0    97.2        83.3          -        97.3       98.3       100.0       97.0           -        98.2       97.6    98.8         98.8          -        98.7         98.2
        Medium             1      11          1            0         13         4           0           2            0          6         1       7            4            0         12           31
      % Medium            1.0     1.9        16.7          -         1.9        1.4        0.0         2.0           -         1.4        2.4     1.0          1.0          -         1.0          1.3
        Heavy              0      5           0            0          5         1           0           1            0          2         0       2            1            0          3           10
       % Heavy            0.0     0.9         0.0          -         0.7        0.3        0.0         1.0           -         0.5        0.0     0.3          0.2          -         0.3          0.4
                                                                                                                       AVCOG
                                                                                                                   125 Manley Road                                                                                                      Count Name: Lew_Main_Sabattus_061813
                                                                                                                                                                                                                                        Site Code:
Location: 44.1006264639891, -                                                                              Auburn, Maine, United States 04210                                                                                           Start Date: 06/18/2013
70.2149158716202                                                                                            (207) 783-9186 jready@avcog.org                                                                                             Page No: 9




                                                                                                                        Southbound St. [N]
                                                                                                                       Out         In         Total
                                                                                                                       85          0           85
                                                                                                                       2           0           2
                                                                                                                       0           0           0
                                                                                                                       87          0           87




                                                                                                       U




                                                                                                                                                            R
                                                                                   0
                                                                                         0
                                                                                             0
                                                                                                 0




                                                                                                                                                                6
                                                                                                                                                                      0
                                                                                                                                                                          1
                                                                                                                                                                               5
                                                                                                                 Peak Hour Data
                                                    Total
                                                            2023




                                                                            2059




                                                                                                                                                                                     828




                                                                                                                                                                                                     816
                                                                                                                                                                                                            Out
                                                                   27
                                                                        9




                                                                                                                                                                                            3
                                                                                                                                                                                                9
                                Eastbound St. [W]




                                                                                                                                                                                                                    Westbound St. [E]
                                                                                                                                                                574



                                                                                                                                                                               558
                                                                                   40



                                                                                                 41




                                                                                                                                                                          11
                                                                                                                                                            T
                                                                                         1
                                                                                             0


                                                                                                       L




                                                                                                                                                                      5
                                                            1174




                                                                            1189




                                                                                                                   06/18/2013 4:15 PM




                                                                                                                                                                                     676




                                                                                                                                                                                                     658
                                                                   12




                                                                                                                                                                                                13
                                                    In




                                                                                                                                                                                                            In
                                                                        3




                                                                                                                                                                                            5
                                                                                                                   Ending At
                                                                                                                   06/18/2013 5:15 PM
                                                                                   719



                                                                                                 728




                                                                                                                                                                96



                                                                                                                                                                               95
                                                                                                       T
                                                                                         7
                                                                                             2




                                                                                                                                                            L


                                                                                                                                                                      0
                                                                                                                                                                          1
                                                                                                                   Car




                                                                                                                                                                                     1504




                                                                                                                                                                                                     1474
                                                                                                                                                                                                            Total
                                                            849




                                                                            870
                                                    Out


                                                                   15




                                                                                                                                                                                                22
                                                                        6




                                                                                                                                                                                            8
                                                                                                                   Medium
                                                                                                                   Heavy
                                                                                   415



                                                                                                 420
                                                                                                       R




                                                                                                                                                            U
                                                                                         4
                                                                                             1




                                                                                                                                                                0
                                                                                                                                                                      0
                                                                                                                                                                          0
                                                                                                                                                                               0
                                                                                                                   U         L           T            R
                                                                                                                   0         291         40           97
                                                                                                                   0         4           0            2
                                                                                                                   0         1           0            1
                                                                                                                   0         296         40           100


                                                                                                                       510         428        938
                                                                                                                       5           6           11
                                                                                                                       1           2           3
                                                                                                                       516         436        952
                                                                                                                       Out         In         Total
                                                                                                                        Northbound St. [S]



                                                                        Turning Movement Peak Hour Data Plot (4:15 PM)
                                            AVCOG
                                        125 Manley Road              Count Name: Lew_Main_Sabattus_061813
                                                                     Site Code:
Location: 44.1006264639891, -   Auburn, Maine, United States 04210   Start Date: 06/18/2013
70.2149158716202                 (207) 783-9186 jready@avcog.org     Page No: 10
