                                                                                       AVCOG
                                                                                   125 Manley Road                                              Count Name: Lew_Main_Lincoln_050713
                                                                                                                                                Site Code:
Location: 44.097093809589, -                                               Auburn, Maine, United States 04210                                   Start Date: 05/07/2013
70.2209722995758                                                            (207) 783-9186 jready@avcog.org                                     Page No: 1



                                                                           Turning Movement Data
                                        Main Street                                         Lincoln Street                                        Main Street
                                        Westbound                                            Northbound                                           Eastbound
       Start Time
                          Left   Thru     U-Turn      Peds   App. Total   Left      Right      U-Turn        Peds   App. Total   Thru   Right       U-Turn      Peds   App. Total   Int. Total
       6:30 AM            12     113        0          0        125       26         32           0           2        58        172     56           0          0        228         411
       6:45 AM            23     139        0          0        162       25         25           0           2        50        177     81           0          0        258         470
      Hourly Total        35     252        0          0        287       51         57           0           4        108       349    137           0          0        486         881
       7:00 AM            11     147        0          0        158       25         39           0           1        64        221     79           0          0        300         522
       7:15 AM            18     176        0          3        194       40         45           0           4        85        240     95           0          0        335         614
       7:30 AM            13     190        0          1        203       57         46           0           2        103       228    100           0          0        328         634
       7:45 AM            17     189        0          0        206       55         55           0           2        110       328    109           0          0        437         753
      Hourly Total        59     702        0          4        761       177        185          0           9        362       1017   383           0          0       1400         2523
       8:00 AM            33     189        0          1        222       56         36           0           0        92        256     89           0          0        345         659
       8:15 AM            18     151        0          1        169       42         45           0           6        87        287     98           0          0        385         641
       8:30 AM            14     191        0          0        205       62         34           0           0        96        231     87           0          0        318         619
       8:45 AM            21     203        0          0        224       46         31           0           0        77        213     64           0          0        277         578
      Hourly Total        86     734        0          2        820       206        146          0           6        352       987    338           0          0       1325         2497
       9:00 AM            19     197        0          0        216       41         30           0           0        71        195     42           0          0        237         524
       9:15 AM            16     158        0          0        174       39         34           0           0        73        193     51           0          0        244         491
       9:30 AM            20     157        0          0        177       46         27           0           1        73        184     48           0          0        232         482
       9:45 AM            24     174        0          0        198       44         26           0           1        70        181     65           0          0        246         514
      Hourly Total        79     686        0          0        765       170        117          0           2        287       753    206           0          0        959         2011
       10:00 AM           20     166        0          0        186       36         32           0           3        68        180     54           0          0        234         488
       10:15 AM           23     204        0          0        227       45         19           0           2        64        197     56           0          0        253         544
       10:30 AM           13     186        0          1        199       43         33           0           3        76        201     64           0          0        265         540
       10:45 AM           29     178        0          2        207       49         21           0           3        70        217     57           0          0        274         551
      Hourly Total        85     734        0          3        819       173        105          0           11       278       795    231           0          0       1026         2123
       11:00 AM           19     187        0          0        206       63         15           0           3        78        166     65           0          1        231         515
       11:15 AM           17     198        0          0        215       56         31           0           5        87        187     66           0          0        253         555
       11:30 AM           22     195        0          3        217       70         20           0           10       90        197     69           0          0        266         573
       11:45 AM           20     229        0          0        249       56         27           0           2        83        211     66           0          0        277         609
      Hourly Total        78     809        0          3        887       245        93           0           20       338       761    266           0          1       1027         2252
       12:00 PM           25     239        0          2        264       70         33           0           11       103       223     75           0          0        298         665
       12:15 PM           35     235        0          0        270       64         27           0           9        91        186     63           0          0        249         610
       12:30 PM           29     191        0          4        220       70         29           0           9        99        218     67           0          0        285         604
       12:45 PM           20     238        0          4        258       72         31           0           10       103       224     87           0          0        311         672
      Hourly Total        109    903        0          10      1012       276        120          0           39       396       851    292           0          0       1143         2551
       1:00 PM            22     236        0          0        258       76         34           0           6        110       200     75           0          0        275         643
       1:15 PM            26     203        0          0        229       66         19           0           11       85        194     62           0          0        256         570
       1:30 PM            20     241        0          1        261       55         21           0           5        76        221     57           0          0        278         615
       1:45 PM            17     200        0          1        217       63         33           0           11       96        205     63           0          0        268         581
      Hourly Total        85     880        0          2        965       260        107          0           33       367       820    257           0          0       1077         2409
     2:00 PM           24     220    0      1      244      57     27    0      9       84     199    73     0      0       272     600
     2:15 PM           15     215    0      1      230      54     29    0      4       83     239    78     0      0       317     630
     2:30 PM           31     239    0      0      270      63     22    0      5       85     215    81     0      0       296     651
     2:45 PM           22     255    0      0      277      73     31    0      4      104     244    74     0      0       318     699
   Hourly Total        92     929    0      2      1021    247    109    0      22     356     897    306    0      0      1203    2580
     3:00 PM           26     246    0      1      272      93     37    0      5      130     229    75     0      0       304     706
     3:15 PM           25     259    0      3      284      66     35    0      5      101     228    79     0      0       307     692
     3:30 PM           35     285    0      0      320      88     29    0      4      117     244    78     0      0       322     759
     3:45 PM           23     239    0      5      262      55     36    0      1       91     269    84     0      0       353     706
   Hourly Total       109    1029    0      9      1138    302    137    0      15     439     970    316    0      0      1286    2863
     4:00 PM           34     300    0      0      334      92     34    0      4      126     245    94     0      0       339     799
     4:15 PM           22     259    0      0      281      80     36    0      0      116     234    75     0      0       309     706
     4:30 PM           32     315    0      2      347     107     27    0      4      134     244    86     0      0       330     811
     4:45 PM           33     297    0      1      330     100     36    0      2      136     237    75     0      0       312     778
   Hourly Total       121    1171    0      3      1292    379    133    0      10     512     960    330    0      0      1290    3094
     5:00 PM           27     322    0      4      349      91     21    0      5      112     257    81     0      0       338     799
     5:15 PM           36     250    0      2      286     104     27    0      4      131     182    88     0      0       270     687
     5:30 PM           27     216    0      0      243      55     25    0      0       80     223    63     0      0       286     609
     5:45 PM           20     208    0      0      228      67     22    0      3       89     201    58     0      0       259     576
   Hourly Total       110     996    0      6      1106    317     95    0      12     412     863    290    0      0      1153    2671
     6:00 PM           21     221    0      0      242      64     35    0      0       99     158    66     0      0       224     565
     6:15 PM           21     183    0      3      204      50     25    0      2       75     194    73     0      0       267     546
    Grand Total       1090   10229   0      47     11319   2917   1464   0     185     4381   10375   3491   0      1      13866   29566
   Approach %         9.6    90.4    0.0     -       -     66.6   33.4   0.0     -      -     74.8    25.2   0.0     -       -       -
      Total %         3.7    34.6    0.0     -     38.3    9.9    5.0    0.0     -     14.8   35.1    11.8   0.0     -     46.9      -
       Car            1044   9927    0       -     10971   2798   1397   0       -     4195   10109   3356   0       -     13465   28631
      % Car           95.8   97.0     -      -     96.9    95.9   95.4    -      -     95.8   97.4    96.1    -      -     97.1    96.8
     Medium            32     222    0       -     254      88     49    0       -     137     222    99     0       -      321     712
    % Medium          2.9     2.2     -      -      2.2    3.0    3.3     -      -     3.1     2.1    2.8     -      -      2.3     2.4
      Heavy            14     52     0       -      66      28     17    0       -      45     42     34     0       -      76      187
     % Heavy          1.3     0.5     -      -      0.6    1.0    1.2     -      -     1.0     0.4    1.0     -      -      0.5     0.6
 Pedal Bike (Road)     0      28     0       -      28      3      1     0       -      4      2       2     0       -       4      36
% Pedal Bike (Road)   0.0     0.3     -      -      0.2    0.1    0.1     -      -     0.1     0.0    0.1     -      -      0.0     0.1
       Ped             -       -      -     47       -      -      -      -    185      -       -      -      -     1        -       -
      % Ped            -       -      -    100.0     -      -      -      -    100.0    -       -      -      -    100.0     -       -
                                                                                                                                             AVCOG
                                                                                                                                         125 Manley Road                                                                                                                                   Count Name: Lew_Main_Lincoln_050713
                                                                                                                                                                                                                                                                                           Site Code:
Location: 44.097093809589, -                                                                                                     Auburn, Maine, United States 04210                                                                                                                        Start Date: 05/07/2013
70.2209722995758                                                                                                                  (207) 783-9186 jready@avcog.org                                                                                                                          Page No: 3




                                                                                                                                                                                        10229




                                                                                                                                                                                                                     9927
                                                                                                                                                                                                               222
                                                                                                                                                                                                     28
                                                                                                                                                                                                          52
                                                                                                                                 U




                                                                                                                                                                                    T
                                                                                              0
                                                                                                      0
                                                                                                            0
                                                                                                                 0
                                                                                                                     0
                                                                                                                         0




                                                                                                                                                                                                0
                                                         26190




                                                                                      27012




                                                                                                                                                                                                                            11839




                                                                                                                                                                                                                                                         11506
                                                 Total


                                                                 631
                                                                       156




                                                                                                                                                                                                                                                   271


                                                                                                                                                                                                                                                                 Out
                                                                             35




                                                                                                                                                                                                                                             59
                                                                                  0




                                                                                                                                                                                                                                    0
                                                                                                                                                                                                                                        3
                                                                                              10109




                                                                                                                         10375
                               Main Street [W]




                                                                                                                                                                                                                                                                         Main Street [E]
                                                                                                                                                                                        1090




                                                                                                                                                                                                                     1044
                                                                                                      222
                                                                                                            42




                                                                                                                                                                                                          14
                                                                                                                                                                                                               32
                                                                                                                                 T
                                                                                                                 2
                                                                                                                     0




                                                                                                                                                                                    L


                                                                                                                                                                                                0
                                                                                                                                                                                                     0
                                                         13465




                                                                                      13866




                                                                                                                                                                                                                            11319




                                                                                                                                                                                                                                                         10971
                                                                                                                                           05/07/2013 6:30 AM
                                                                 321




                                                                                                                                                                                                                                                   254
                                                                       76




                                                                                                                                                                                                                                        28
                                                                                                                                                                                                                                             66
                                                 In




                                                                                                                                                                                                                                                                 In
                                                                             4
                                                                                  0




                                                                                                                                                                                                                                    0
                                                                                                                                           Ending At
                                                                                                                                           05/07/2013 6:30 PM
                                                                                              3356




                                                                                                                         3491
                                                                                                      99
                                                                                                            34




                                                                                                                                 R




                                                                                                                                                                                    U
                                                                                                                 2
                                                                                                                     0




                                                                                                                                                                                        0
                                                                                                                                                                                                0
                                                                                                                                                                                                     0
                                                                                                                                                                                                          0
                                                                                                                                                                                                               0
                                                                                                                                                                                                                     0
                                                         12725




                                                                                      13146




                                                                                                                                                                                                                            23158




                                                                                                                                                                                                                                                         22477
                                                                                                                                           Car




                                                                                                                                                                                                                                                                 Total
                                                                 310




                                                                                                                                                                                                                                             125
                                                                                                                                                                                                                                                   525
                                                 Out




                                                                       80
                                                                             31




                                                                                                                                                                                                                                        31
                                                                                  0




                                                                                                                                                                                                                                    0
                                                                                                                                           Medium
                                                                                                                                           Heavy




                                                                                                                                                                                        47
                                                                                                                                                                                                47
                                                                                                                                 P




                                                                                                                                                                                    P
                                                                                                                                           Pedal Bike (Road)
                                                                                              0
                                                                                                      0
                                                                                                            0
                                                                                                                 0
                                                                                                                     1
                                                                                                                         1




                                                                                                                                                                                                     0
                                                                                                                                                                                                          0
                                                                                                                                                                                                               0
                                                                                                                                                                                                                     0
                                                                                                                                           Ped




                                                                                                                                          U           L           R           P
                                                                                                                                          0         2798         1397         0
                                                                                                                                          0          88          49           0
                                                                                                                                          0          28          17           0
                                                                                                                                          0           3           1           0
                                                                                                                                          0           0           0           185
                                                                                                                                          0         2917         1464         185


                                                                                                                                              4400        4195        8595
                                                                                                                                              131          137          268
                                                                                                                                              48           45           93
                                                                                                                                               2           4            6
                                                                                                                                               0           0            0
                                                                                                                                              4581        4381        8962
                                                                                                                                              Out          In         Total
                                                                                                                                                   Lincoln Street [S]




                                                                                                                     Turning Movement Data Plot
                                                                                          AVCOG
                                                                                      125 Manley Road                                                Count Name: Lew_Main_Lincoln_050713
                                                                                                                                                     Site Code:
Location: 44.097093809589, -                                                  Auburn, Maine, United States 04210                                     Start Date: 05/07/2013
70.2209722995758                                                               (207) 783-9186 jready@avcog.org                                       Page No: 4




                                                               Turning Movement Peak Hour Data (7:30 AM)
                                         Main Street                                           Lincoln Street                                          Main Street
                                         Westbound                                              Northbound                                             Eastbound
       Start Time
                          Left   Thru      U-Turn      Peds    App. Total   Left       Right      U-Turn        Peds    App. Total   Thru    Right       U-Turn      Peds   App. Total   Int. Total
        7:30 AM           13     190         0          1         203        57         46           0           2         103       228     100           0          0        328         634
        7:45 AM           17     189         0          0         206        55         55           0           2         110       328     109           0          0        437         753
        8:00 AM           33     189         0          1         222        56         36           0           0         92        256      89           0          0        345         659
        8:15 AM           18     151         0          1         169        42         45           0           6         87        287      98           0          0        385         641
          Total           81     719         0          3         800       210         182          0           10        392       1099    396           0          0       1495         2687
      Approach %          10.1   89.9        0.0         -         -        53.6       46.4         0.0           -         -        73.5    26.5          0.0        -         -            -
         Total %          3.0    26.8        0.0         -       29.8        7.8        6.8         0.0           -       14.6       40.9    14.7          0.0        -       55.6           -
          PHF            0.614   0.946     0.000         -       0.901      0.921      0.827       0.000          -       0.891      0.838   0.908       0.000        -       0.855        0.892
          Car             71     684         0           -        755       191         176          0            -        367       1072    379           0          -       1451         2573
         % Car            87.7   95.1         -          -       94.4       91.0       96.7          -            -       93.6       97.5    95.7           -         -       97.1         95.8
        Medium             8      27         0           -        35         15          4           0            -        19         21      11           0          -        32           86
       % Medium           9.9     3.8         -          -        4.4        7.1        2.2          -            -        4.8        1.9     2.8           -         -        2.1          3.2
         Heavy             2      7          0           -         9         4           1           0            -         5         6       6            0          -        12           26
        % Heavy           2.5     1.0         -          -        1.1        1.9        0.5          -            -        1.3        0.5     1.5           -         -        0.8          1.0
    Pedal Bike (Road)      0      1          0           -         1         0           1           0            -         1         0       0            0          -         0            2
   % Pedal Bike (Road)    0.0     0.1         -          -        0.1        0.0        0.5          -            -        0.3        0.0     0.0           -         -        0.0          0.1
          Ped              -       -          -         3          -          -          -           -           10         -          -       -            -         0         -            -
         % Ped             -       -          -        100.0       -          -          -           -          100.0       -          -       -            -         -         -            -
                                                                                                                                    AVCOG
                                                                                                                                125 Manley Road                                                                                                                      Count Name: Lew_Main_Lincoln_050713
                                                                                                                                                                                                                                                                     Site Code:
Location: 44.097093809589, -                                                                                            Auburn, Maine, United States 04210                                                                                                           Start Date: 05/07/2013
70.2209722995758                                                                                                         (207) 783-9186 jready@avcog.org                                                                                                             Page No: 5




                                                                                                                                                                              719




                                                                                                                                                                                                     684
                                                                                                                                                                                                27
                                                                                                                        U




                                                                                                                                                                          T
                                                                                         0
                                                                                                0
                                                                                                     0
                                                                                                         0
                                                                                                             0
                                                                                                                 0




                                                                                                                                                                                    0
                                                                                                                                                                                        1
                                                                                                                                                                                            7
                                                                                                                                Peak Hour Data
                                                 Total
                                                         2326




                                                                                  2424




                                                                                                                                                                                                           1281




                                                                                                                                                                                                                                    1248
                                                                                                                                                                                                                                           Out
                                                                74
                                                                     23




                                                                                                                                                                                                                               25
                                                                          1
                                                                              0




                                                                                                                                                                                                                  0
                                                                                                                                                                                                                      1
                                                                                                                                                                                                                          7
                               Main Street [W]




                                                                                                                                                                                                                                                   Main Street [E]
                                                                                         1072




                                                                                                                 1099
                                                                                                21




                                                                                                                                                                              81




                                                                                                                                                                                                     71
                                                                                                                        T
                                                                                                     6
                                                                                                         0
                                                                                                             0




                                                                                                                                                                          L


                                                                                                                                                                                    0
                                                                                                                                                                                        0
                                                                                                                                                                                            2
                                                                                                                                                                                                8
                                                         1451




                                                                                  1495




                                                                                                                                  05/07/2013 7:30 AM




                                                                                                                                                                                                           800




                                                                                                                                                                                                                                    755
                                                                32
                                                                     12




                                                                                                                                                                                                                               35
                                                 In




                                                                                                                                                                                                                                           In
                                                                          0
                                                                              0




                                                                                                                                                                                                                  0
                                                                                                                                                                                                                      1
                                                                                                                                                                                                                          9
                                                                                                                                  Ending At
                                                                                                                                  05/07/2013 8:30 AM
                                                                                         379




                                                                                                                 396
                                                                                                11




                                                                                                                        R




                                                                                                                                                                          U
                                                                                                     6
                                                                                                         0
                                                                                                             0




                                                                                                                                                                              0
                                                                                                                                                                                    0
                                                                                                                                                                                        0
                                                                                                                                                                                            0
                                                                                                                                                                                                0
                                                                                                                                                                                                     0
                                                                                                                                  Car




                                                                                                                                                                                                           2081




                                                                                                                                                                                                                                    2003
                                                                                                                                                                                                                                           Total
                                                         875




                                                                                  929
                                                 Out


                                                                42
                                                                     11




                                                                                                                                                                                                                          16
                                                                                                                                                                                                                               60
                                                                          1
                                                                              0




                                                                                                                                                                                                                  0
                                                                                                                                                                                                                      2
                                                                                                                                  Medium
                                                                                                                                  Heavy
                                                                                                                        P




                                                                                                                                                                          P
                                                                                                                                  Pedal Bike (Road)
                                                                                         0
                                                                                                0
                                                                                                     0
                                                                                                         0
                                                                                                             0
                                                                                                                 0




                                                                                                                                                                              3
                                                                                                                                                                                    3
                                                                                                                                                                                        0
                                                                                                                                                                                            0
                                                                                                                                                                                                0
                                                                                                                                                                                                     0
                                                                                                                                  Ped




                                                                                                                                 U          L          R             P
                                                                                                                                 0         191         176           0
                                                                                                                                 0         15          4             0
                                                                                                                                 0          4          1             0
                                                                                                                                 0          0          1             0
                                                                                                                                 0          0          0             10
                                                                                                                                 0         210         182           10


                                                                                                                                     450         367         817
                                                                                                                                     19          19           38
                                                                                                                                     8           5            13
                                                                                                                                     0           1            1
                                                                                                                                     0           0            0
                                                                                                                                     477         392         869
                                                                                                                                     Out         In          Total
                                                                                                                                         Lincoln Street [S]




                                                                          Turning Movement Peak Hour Data Plot (7:30 AM)
                                                                                          AVCOG
                                                                                      125 Manley Road                                                Count Name: Lew_Main_Lincoln_050713
                                                                                                                                                     Site Code:
Location: 44.097093809589, -                                                  Auburn, Maine, United States 04210                                     Start Date: 05/07/2013
70.2209722995758                                                               (207) 783-9186 jready@avcog.org                                       Page No: 6




                                                               Turning Movement Peak Hour Data (4:00 PM)
                                         Main Street                                           Lincoln Street                                          Main Street
                                         Westbound                                              Northbound                                             Eastbound
       Start Time
                          Left   Thru      U-Turn      Peds    App. Total   Left       Right      U-Turn        Peds    App. Total   Thru    Right       U-Turn      Peds   App. Total   Int. Total
        4:00 PM           34     300         0          0         334        92         34           0           4         126       245      94           0          0        339         799
        4:15 PM           22     259         0          0         281        80         36           0           0         116       234      75           0          0        309         706
        4:30 PM           32     315         0          2         347       107         27           0           4         134       244      86           0          0        330         811
        4:45 PM           33     297         0          1         330       100         36           0           2         136       237      75           0          0        312         778
          Total           121    1171        0          3        1292       379         133          0           10        512       960     330           0          0       1290         3094
      Approach %          9.4    90.6        0.0         -         -        74.0       26.0         0.0           -         -        74.4    25.6          0.0        -         -            -
         Total %          3.9    37.8        0.0         -       41.8       12.2        4.3         0.0           -       16.5       31.0    10.7          0.0        -       41.7           -
          PHF            0.890   0.929     0.000         -       0.931      0.886      0.924       0.000          -       0.941      0.980   0.878       0.000        -       0.951        0.954
          Car             119    1145        0           -       1264       375         132          0            -        507       942     321           0          -       1263         3034
         % Car            98.3   97.8         -          -       97.8       98.9       99.2          -            -       99.0       98.1    97.3           -         -       97.9         98.1
        Medium             2      10         0           -        12         3           1           0            -         4         14      8            0          -        22           38
       % Medium           1.7     0.9         -          -        0.9        0.8        0.8          -            -        0.8        1.5     2.4           -         -        1.7          1.2
         Heavy             0      2          0           -         2         0           0           0            -         0         3       1            0          -         4            6
        % Heavy           0.0     0.2         -          -        0.2        0.0        0.0          -            -        0.0        0.3     0.3           -         -        0.3          0.2
    Pedal Bike (Road)      0      14         0           -        14         1           0           0            -         1         1       0            0          -         1           16
   % Pedal Bike (Road)    0.0     1.2         -          -        1.1        0.3        0.0          -            -        0.2        0.1     0.0           -         -        0.1          0.5
          Ped              -       -          -         3          -          -          -           -           10         -          -       -            -         0         -            -
         % Ped             -       -          -        100.0       -          -          -           -          100.0       -          -       -            -         -         -            -
                                                                                                                                  AVCOG
                                                                                                                              125 Manley Road                                                                                                                         Count Name: Lew_Main_Lincoln_050713
                                                                                                                                                                                                                                                                      Site Code:
Location: 44.097093809589, -                                                                                          Auburn, Maine, United States 04210                                                                                                              Start Date: 05/07/2013
70.2209722995758                                                                                                       (207) 783-9186 jready@avcog.org                                                                                                                Page No: 7




                                                                                                                                                                            1171




                                                                                                                                                                                                     1145
                                                                                                                                                                                       14


                                                                                                                                                                                                10
                                                                                                                      U




                                                                                                                                                                        T
                                                                                         0
                                                                                               0
                                                                                                    0
                                                                                                        0
                                                                                                            0
                                                                                                                0




                                                                                                                                                                                   0


                                                                                                                                                                                            2
                                                                                                                              Peak Hour Data
                                                 Total
                                                         2783




                                                                                  2840




                                                                                                                                                                                                            1093




                                                                                                                                                                                                                                     1074
                                                                                                                                                                                                                                            Out
                                                                35


                                                                         16




                                                                                                                                                                                                                                15
                                                                     6


                                                                              0




                                                                                                                                                                                                                   0
                                                                                                                                                                                                                       1
                                                                                                                                                                                                                            3
                               Main Street [W]




                                                                                                                                                                                                                                                    Main Street [E]
                                                                                         942




                                                                                                                960




                                                                                                                                                                            121




                                                                                                                                                                                                     119
                                                                                               14




                                                                                                                      T
                                                                                                    3
                                                                                                        1
                                                                                                            0




                                                                                                                                                                        L


                                                                                                                                                                                   0
                                                                                                                                                                                       0
                                                                                                                                                                                            0
                                                                                                                                                                                                2
                                                         1263




                                                                                  1290




                                                                                                                                                                                                            1292




                                                                                                                                                                                                                                     1264
                                                                                                                                05/07/2013 4:00 PM
                                                                22




                                                                                                                                                                                                                       14


                                                                                                                                                                                                                                12
                                                 In




                                                                                                                                                                                                                                            In
                                                                     4
                                                                         1
                                                                              0




                                                                                                                                                                                                                   0


                                                                                                                                                                                                                            2
                                                                                                                                Ending At
                                                                                                                                05/07/2013 5:00 PM
                                                                                         321




                                                                                                                330
                                                                                                                      R




                                                                                                                                                                        U
                                                                                               8
                                                                                                    1
                                                                                                        0
                                                                                                            0




                                                                                                                                                                            0
                                                                                                                                                                                   0
                                                                                                                                                                                       0
                                                                                                                                                                                            0
                                                                                                                                                                                                0
                                                                                                                                                                                                     0
                                                                                                                                Car
                                                         1520




                                                                                  1550




                                                                                                                                                                                                            2385




                                                                                                                                                                                                                                     2338
                                                                                                                                                                                                                                            Total
                                                 Out


                                                                13


                                                                         15




                                                                                                                                                                                                                       15


                                                                                                                                                                                                                                27
                                                                     2


                                                                              0




                                                                                                                                                                                                                   0


                                                                                                                                                                                                                            5
                                                                                                                                Medium
                                                                                                                                Heavy
                                                                                                                      P




                                                                                                                                                                        P
                                                                                                                                Pedal Bike (Road)
                                                                                         0
                                                                                               0
                                                                                                    0
                                                                                                        0
                                                                                                            0
                                                                                                                0




                                                                                                                                                                            3
                                                                                                                                                                                   3
                                                                                                                                                                                       0
                                                                                                                                                                                            0
                                                                                                                                                                                                0
                                                                                                                                                                                                     0
                                                                                                                                Ped




                                                                                                                               U          L          R             P
                                                                                                                               0         375         132           0
                                                                                                                               0          3          1             0
                                                                                                                               0          0          0             0
                                                                                                                               0          1          0             0
                                                                                                                               0          0          0             10
                                                                                                                               0         379         133           10


                                                                                                                                   440         507         947
                                                                                                                                   10          4            14
                                                                                                                                   1           0            1
                                                                                                                                   0           1            1
                                                                                                                                   0           0            0
                                                                                                                                   451         512         963
                                                                                                                                   Out         In          Total
                                                                                                                                       Lincoln Street [S]




                                                                         Turning Movement Peak Hour Data Plot (4:00 PM)
                                           AVCOG
                                       125 Manley Road              Count Name: Lew_Main_Lincoln_050713
                                                                    Site Code:
Location: 44.097093809589, -   Auburn, Maine, United States 04210   Start Date: 05/07/2013
70.2209722995758                (207) 783-9186 jready@avcog.org     Page No: 8
