AVCOG
125 Manley Road
Auburn, Maine, United States 04210
(207) 783-9186 jready@avcog.org
Count Name: Lew_Main_Lincoln_062310
Site Code:
Start Date: 06/23/2010
Page No: 1
Turning Movement Data
Start Time
Westbound Street Northbound Street Eastbound Street
Westbound Northbound Eastbound
Left Thru U-Turn App. Total Left Right U-Turn App. Total Thru Right U-Turn App. Total Int. Total
6:30 AM 9 88 0 97 17 19 0 36 183 67 0 250 383
6:45 AM 20 142 0 162 27 33 0 60 175 86 0 261 483
Hourly Total 29 230 0 259 44 52 0 96 358 153 0 511 866
7:00 AM 19 123 0 142 25 26 0 51 193 54 0 247 440
7:15 AM 18 161 0 179 35 33 0 68 199 78 0 277 524
7:30 AM 29 167 0 196 26 36 0 62 252 100 0 352 610
7:45 AM 29 194 0 223 53 54 0 107 292 132 0 424 754
Hourly Total 95 645 0 740 139 149 0 288 936 364 0 1300 2328
8:00 AM 32 167 0 199 36 33 0 69 237 78 0 315 583
8:15 AM 30 173 0 203 39 43 0 82 259 71 0 330 615
8:30 AM 14 173 0 187 50 25 0 75 220 65 0 285 547
8:45 AM 17 162 0 179 54 31 0 85 231 65 1 297 561
Hourly Total 93 675 0 768 179 132 0 311 947 279 1 1227 2306
9:00 AM 20 188 0 208 56 24 0 80 193 51 0 244 532
9:15 AM 26 146 0 172 32 24 0 56 185 51 0 236 464
9:30 AM 16 164 0 180 55 34 0 89 215 56 0 271 540
9:45 AM 21 186 0 207 44 25 0 69 198 57 0 255 531
Hourly Total 83 684 0 767 187 107 0 294 791 215 0 1006 2067
10:00 AM 28 170 0 198 58 25 0 83 209 54 0 263 544
10:15 AM 16 188 0 204 42 47 0 89 179 61 0 240 533
10:30 AM 26 196 0 222 46 24 0 70 206 59 0 265 557
10:45 AM 17 182 0 199 67 28 0 95 230 55 0 285 579
Hourly Total 87 736 0 823 213 124 0 337 824 229 0 1053 2213
11:00 AM 26 209 0 235 52 28 0 80 187 68 0 255 570
11:15 AM 15 246 0 261 64 17 0 81 215 73 0 288 630
11:30 AM 17 233 0 250 67 38 0 105 190 82 0 272 627
11:45 AM 27 239 0 266 61 17 0 78 225 71 0 296 640
Hourly Total 85 927 0 1012 244 100 0 344 817 294 0 1111 2467
12:00 PM 18 253 0 271 89 32 0 121 222 72 0 294 686
12:15 PM 27 211 0 238 67 30 0 97 238 85 0 323 658
12:30 PM 17 186 0 203 90 35 0 125 222 78 0 300 628
12:45 PM 23 278 0 301 78 32 0 110 258 81 0 339 750
Hourly Total 85 928 0 1013 324 129 0 453 940 316 0 1256 2722
1:00 PM 27 218 0 245 95 40 0 135 216 70 0 286 666
1:15 PM 19 247 0 266 71 26 0 97 238 79 0 317 680
1:30 PM 21 238 0 259 48 36 0 84 234 71 0 305 648
1:45 PM 22 206 0 228 66 35 0 101 251 68 0 319 648
Hourly Total 89 909 0 998 280 137 0 417 939 288 0 1227 2642
2:00 PM 30 214 0 244 58 34 0 92 244 77 0 321 657
2:15 PM 19 227 0 246 55 29 0 84 205 78 0 283 613
2:30 PM 19 284 0 303 63 31 0 94 267 60 0 327 724
2:45 PM 24 267 0 291 74 33 0 107 227 73 0 300 698
Hourly Total 92 992 0 1084 250 127 0 377 943 288 0 1231 2692
3:00 PM 22 277 0 299 93 30 0 123 234 82 0 316 738
3:15 PM 31 216 0 247 70 33 0 103 247 67 0 314 664
3:30 PM 36 285 0 321 80 41 0 121 218 70 0 288 730
3:45 PM 28 246 0 274 69 27 0 96 216 62 0 278 648
Hourly Total 117 1024 0 1141 312 131 0 443 915 281 0 1196 2780
4:00 PM 23 283 0 306 81 40 0 121 236 78 0 314 741
4:15 PM 30 270 0 300 76 37 0 113 238 64 0 302 715
4:30 PM 40 322 0 362 99 40 0 139 256 64 1 321 822
4:45 PM 27 327 0 354 89 47 0 136 233 97 0 330 820
Hourly Total 120 1202 0 1322 345 164 0 509 963 303 1 1267 3098
5:00 PM 31 343 0 374 96 27 0 123 258 90 0 348 845
5:15 PM 10 275 0 285 72 21 0 93 211 74 0 285 663
5:30 PM 27 257 0 284 75 28 0 103 204 65 0 269 656
5:45 PM 20 208 0 228 55 28 0 83 198 77 0 275 586
Hourly Total 88 1083 0 1171 298 104 0 402 871 306 0 1177 2750
6:00 PM 12 216 0 228 67 32 0 99 165 50 0 215 542
6:15 PM 14 199 0 213 55 21 0 76 173 65 0 238 527
Grand Total 1089 10450 0 11539 2937 1509 0 4446 10582 3431 2 14015 30000
Approach % 9.4 90.6 0.0 - 66.1 33.9 0.0 - 75.5 24.5 0.0 - -
Total % 3.6 34.8 0.0 38.5 9.8 5.0 0.0 14.8 35.3 11.4 0.0 46.7 -
Car 1018 10210 0 11228 2874 1396 0 4270 10340 3348 2 13690 29188
% Car 93.5 97.7 - 97.3 97.9 92.5 - 96.0 97.7 97.6 100.0 97.7 97.3
Medium 64 192 0 256 43 110 0 153 194 57 0 251 660
% Medium 5.9 1.8 - 2.2 1.5 7.3 - 3.4 1.8 1.7 0.0 1.8 2.2
Heavy 7 48 0 55 20 3 0 23 48 26 0 74 152
% Heavy 0.6 0.5 - 0.5 0.7 0.2 - 0.5 0.5 0.8 0.0 0.5 0.5
AVCOG
125 Manley Road
Auburn, Maine, United States 04210
(207) 783-9186 jready@avcog.org
Count Name: Lew_Main_Lincoln_062310
Site Code:
Start Date: 06/23/2010
Page No: 3
06/23/2010 6:30 AM
Ending At
06/23/2010 6:30 PM
Car
Medium
Heavy
12091
51
304
11736
Out
11539
55
256
11228
In
23630
106
560
22964
Total
Westbound
Street
[E]
T
10450
48
192
10210
L
1089
7
64
1018
U
0
0
0
0
4366 4270 8636
121 153 274
33 23 56
4520 4446 8966
Out In Total
Northbound Street [S]
U L R
0 2874 1396
0 43 110
0 20 3
0 2937 1509
Eastbound
Street
[W]
Total
26776
486
142
27404
In
13690
251
74
14015
Out
13086
235
68
13389
2
0
0
2
U
10340
194
48
10582
T
3348
57
26
3431
R
Turning Movement Data Plot
AVCOG
125 Manley Road
Auburn, Maine, United States 04210
(207) 783-9186 jready@avcog.org
Count Name: Lew_Main_Lincoln_062310
Site Code:
Start Date: 06/23/2010
Page No: 4
Turning Movement Peak Hour Data (7:30 AM)
Start Time
Westbound Street Northbound Street Eastbound Street
Westbound Northbound Eastbound
Left Thru U-Turn App. Total Left Right U-Turn App. Total Thru Right U-Turn App. Total Int. Total
7:30 AM 29 167 0 196 26 36 0 62 252 100 0 352 610
7:45 AM 29 194 0 223 53 54 0 107 292 132 0 424 754
8:00 AM 32 167 0 199 36 33 0 69 237 78 0 315 583
8:15 AM 30 173 0 203 39 43 0 82 259 71 0 330 615
Total 120 701 0 821 154 166 0 320 1040 381 0 1421 2562
Approach % 14.6 85.4 0.0 - 48.1 51.9 0.0 - 73.2 26.8 0.0 - -
Total % 4.7 27.4 0.0 32.0 6.0 6.5 0.0 12.5 40.6 14.9 0.0 55.5 -
PHF 0.938 0.903 0.000 0.920 0.726 0.769 0.000 0.748 0.890 0.722 0.000 0.838 0.849
Car 109 676 0 785 146 153 0 299 1019 373 0 1392 2476
% Car 90.8 96.4 - 95.6 94.8 92.2 - 93.4 98.0 97.9 - 98.0 96.6
Medium 8 19 0 27 6 13 0 19 16 5 0 21 67
% Medium 6.7 2.7 - 3.3 3.9 7.8 - 5.9 1.5 1.3 - 1.5 2.6
Heavy 3 6 0 9 2 0 0 2 5 3 0 8 19
% Heavy 2.5 0.9 - 1.1 1.3 0.0 - 0.6 0.5 0.8 - 0.6 0.7
AVCOG
125 Manley Road
Auburn, Maine, United States 04210
(207) 783-9186 jready@avcog.org
Count Name: Lew_Main_Lincoln_062310
Site Code:
Start Date: 06/23/2010
Page No: 5
Peak Hour Data
06/23/2010 7:30 AM
Ending At
06/23/2010 8:30 AM
Car
Medium
Heavy
1206
5
29
1172
Out
821
9
27
785
In
2027
14
56
1957
Total
Westbound
Street
[E]
T
701
6
19
676
L
120
3
8
109
U
0
0
0
0
482 299 781
13 19 32
6 2 8
501 320 821
Out In Total
Northbound Street [S]
U L R
0 146 153
0 6 13
0 2 0
0 154 166
Eastbound
Street
[W]
Total
2214
46
16
2276
In
1392
21
8
1421
Out
822
25
8
855
0
0
0
0
U
1019
16
5
1040
T
373
5
3
381
R
Turning Movement Peak Hour Data Plot (7:30 AM)
AVCOG
125 Manley Road
Auburn, Maine, United States 04210
(207) 783-9186 jready@avcog.org
Count Name: Lew_Main_Lincoln_062310
Site Code:
Start Date: 06/23/2010
Page No: 6
Turning Movement Peak Hour Data (4:15 PM)
Start Time
Westbound Street Northbound Street Eastbound Street
Westbound Northbound Eastbound
Left Thru U-Turn App. Total Left Right U-Turn App. Total Thru Right U-Turn App. Total Int. Total
4:15 PM 30 270 0 300 76 37 0 113 238 64 0 302 715
4:30 PM 40 322 0 362 99 40 0 139 256 64 1 321 822
4:45 PM 27 327 0 354 89 47 0 136 233 97 0 330 820
5:00 PM 31 343 0 374 96 27 0 123 258 90 0 348 845
Total 128 1262 0 1390 360 151 0 511 985 315 1 1301 3202
Approach % 9.2 90.8 0.0 - 70.5 29.5 0.0 - 75.7 24.2 0.1 - -
Total % 4.0 39.4 0.0 43.4 11.2 4.7 0.0 16.0 30.8 9.8 0.0 40.6 -
PHF 0.800 0.920 0.000 0.929 0.909 0.803 0.000 0.919 0.954 0.812 0.250 0.935 0.947
Car 127 1249 0 1376 357 150 0 507 970 308 1 1279 3162
% Car 99.2 99.0 - 99.0 99.2 99.3 - 99.2 98.5 97.8 100.0 98.3 98.8
Medium 1 11 0 12 0 1 0 1 7 6 0 13 26
% Medium 0.8 0.9 - 0.9 0.0 0.7 - 0.2 0.7 1.9 0.0 1.0 0.8
Heavy 0 2 0 2 3 0 0 3 8 1 0 9 14
% Heavy 0.0 0.2 - 0.1 0.8 0.0 - 0.6 0.8 0.3 0.0 0.7 0.4
AVCOG
125 Manley Road
Auburn, Maine, United States 04210
(207) 783-9186 jready@avcog.org
Count Name: Lew_Main_Lincoln_062310
Site Code:
Start Date: 06/23/2010
Page No: 7
Peak Hour Data
06/23/2010 4:15 PM
Ending At
06/23/2010 5:15 PM
Car
Medium
Heavy
1136
8
8
1120
Out
1390
2
12
1376
In
2526
10
20
2496
Total
Westbound
Street
[E]
T
1262
2
11
1249
L
128
0
1
127
U
0
0
0
0
435 507 942
7 1 8
1 3 4
443 511 954
Out In Total
Northbound Street [S]
U L R
0 357 150
0 0 1
0 3 0
0 360 151
Eastbound
Street
[W]
Total
2886
24
14
2924
In
1279
13
9
1301
Out
1607
11
5
1623
1
0
0
1
U
970
7
8
985
T
308
6
1
315
R
Turning Movement Peak Hour Data Plot (4:15 PM)
AVCOG
125 Manley Road
Auburn, Maine, United States 04210
(207) 783-9186 jready@avcog.org
Count Name: Lew_Main_Lincoln_062310
Site Code:
Start Date: 06/23/2010
Page No: 8
