AVCOG
125 Manley Road
Auburn, Maine, United States 04210
(207) 783-9186 jready@avcog.org
Count Name: Lew_East_Mall_091812
Site Code:
Start Date: 09/18/2012
Page No: 1
Turning Movement Data
Start Time
Southbound Street Westbound Street Northbound Street Eastbound Street
Southbound Westbound Northbound Eastbound
Left Thru Right U-Turn Peds
App.
Total
Left Thru Right U-Turn Peds
App.
Total
Left Thru Right U-Turn Peds
App.
Total
Left Thru Right U-Turn Peds
App.
Total
Int. Total
6:30 AM 2 39 5 0 0 46 3 1 3 0 0 7 0 34 2 0 0 36 1 0 0 0 0 1 90
6:45 AM 2 55 5 0 0 62 1 1 0 0 0 2 4 36 4 0 0 44 3 0 1 0 1 4 112
Hourly Total 4 94 10 0 0 108 4 2 3 0 0 9 4 70 6 0 0 80 4 0 1 0 1 5 202
7:00 AM 0 51 5 0 0 56 7 0 0 0 1 7 1 46 5 0 0 52 4 0 1 0 0 5 120
7:15 AM 1 76 14 0 0 91 3 1 0 0 1 4 4 65 8 0 0 77 4 2 0 0 1 6 178
7:30 AM 4 102 10 0 0 116 8 0 1 0 0 9 2 81 15 0 0 98 5 1 3 0 0 9 232
7:45 AM 3 82 11 0 0 96 3 4 0 0 2 7 5 56 5 0 0 66 5 2 0 0 0 7 176
Hourly Total 8 311 40 0 0 359 21 5 1 0 4 27 12 248 33 0 0 293 18 5 4 0 1 27 706
8:00 AM 1 77 10 0 1 88 4 2 0 0 1 6 3 54 9 0 0 66 2 0 2 0 0 4 164
8:15 AM 1 73 7 0 0 81 6 0 0 0 0 6 1 76 6 0 0 83 5 1 0 0 0 6 176
8:30 AM 7 71 9 0 0 87 7 0 1 0 0 8 2 53 11 0 0 66 1 1 5 0 0 7 168
8:45 AM 2 73 8 0 1 83 10 4 1 0 0 15 5 44 9 0 1 58 6 1 2 0 0 9 165
Hourly Total 11 294 34 0 2 339 27 6 2 0 1 35 11 227 35 0 1 273 14 3 9 0 0 26 673
9:00 AM 3 76 5 0 0 84 6 1 0 0 0 7 2 49 9 0 0 60 3 3 3 0 0 9 160
9:15 AM 1 84 11 0 0 96 8 0 0 0 0 8 11 51 14 0 0 76 9 2 5 0 0 16 196
9:30 AM 2 60 16 0 0 78 5 3 1 0 2 9 0 55 12 0 1 67 7 5 3 0 0 15 169
9:45 AM 2 67 27 0 0 96 8 1 1 0 1 10 9 72 10 0 0 91 16 5 7 0 0 28 225
Hourly Total 8 287 59 0 0 354 27 5 2 0 3 34 22 227 45 0 1 294 35 15 18 0 0 68 750
10:00 AM 3 56 12 0 0 71 7 2 0 0 2 9 2 61 8 0 0 71 8 5 6 0 0 19 170
10:15 AM 1 69 9 0 0 79 11 1 3 0 0 15 5 63 8 0 0 76 8 2 6 0 0 16 186
10:30 AM 7 67 12 0 0 86 8 2 0 0 1 10 6 74 14 0 0 94 10 1 5 0 0 16 206
10:45 AM 2 77 12 0 0 91 3 3 0 0 1 6 7 54 20 0 1 81 7 2 7 0 0 16 194
Hourly Total 13 269 45 0 0 327 29 8 3 0 4 40 20 252 50 0 1 322 33 10 24 0 0 67 756
11:00 AM 5 73 16 0 0 94 10 3 2 0 1 15 5 61 20 0 0 86 12 3 7 0 0 22 217
11:15 AM 5 66 9 0 0 80 11 2 1 0 0 14 7 56 18 0 0 81 11 2 6 0 0 19 194
11:30 AM 1 75 15 0 0 91 11 1 1 0 1 13 6 68 21 0 0 95 15 6 7 0 0 28 227
11:45 AM 6 83 15 0 0 104 13 0 1 0 3 14 8 91 20 0 0 119 8 4 5 0 0 17 254
Hourly Total 17 297 55 0 0 369 45 6 5 0 5 56 26 276 79 0 0 381 46 15 25 0 0 86 892
12:00 PM 3 97 14 0 0 114 25 1 1 0 0 27 4 78 18 0 0 100 13 7 8 0 0 28 269
12:15 PM 6 75 20 0 0 101 24 2 3 0 0 29 6 79 23 0 0 108 10 7 10 0 0 27 265
12:30 PM 5 75 12 0 0 92 18 3 3 0 0 24 2 95 19 0 0 116 18 8 13 0 0 39 271
12:45 PM 4 87 20 0 0 111 15 5 2 0 5 22 3 72 17 0 1 92 13 4 9 0 0 26 251
Hourly Total 18 334 66 0 0 418 82 11 9 0 5 102 15 324 77 0 1 416 54 26 40 0 0 120 1056
1:00 PM 4 74 28 0 0 106 17 2 1 0 0 20 9 81 13 0 1 103 18 4 11 0 0 33 262
1:15 PM 7 83 19 0 0 109 13 1 2 0 1 16 8 60 18 0 0 86 11 3 11 0 0 25 236
1:30 PM 10 72 17 0 0 99 14 4 1 0 0 19 4 75 25 0 0 104 13 3 8 0 0 24 246
1:45 PM 4 79 16 0 0 99 12 1 1 0 0 14 6 73 23 0 0 102 14 5 9 0 0 28 243
Hourly Total 25 308 80 0 0 413 56 8 5 0 1 69 27 289 79 0 1 395 56 15 39 0 0 110 987
2:00 PM 1 90 11 0 0 102 11 2 0 0 3 13 9 78 16 0 0 103 11 7 8 0 0 26 244
2:15 PM 3 96 14 0 0 113 19 4 4 0 2 27 3 87 19 0 0 109 14 4 7 0 0 25 274
2:30 PM 6 90 18 0 0 114 15 1 1 0 0 17 5 96 20 0 0 121 15 5 5 0 0 25 277
2:45 PM 3 76 15 0 0 94 11 1 2 0 0 14 6 78 21 0 0 105 13 8 8 0 0 29 242
Hourly Total 13 352 58 0 0 423 56 8 7 0 5 71 23 339 76 0 0 438 53 24 28 0 0 105 1037
3:00 PM 9 83 9 0 0 101 16 3 3 0 1 22 8 94 21 0 0 123 14 11 7 0 1 32 278
3:15 PM 4 95 9 0 0 108 15 5 1 0 0 21 8 104 22 0 1 134 16 5 4 0 0 25 288
3:30 PM 4 85 11 0 2 100 17 5 1 0 0 23 5 80 26 0 0 111 10 4 4 0 0 18 252
3:45 PM 3 76 10 0 0 89 20 3 2 0 1 25 3 99 23 0 2 125 13 3 6 0 0 22 261
Hourly Total 20 339 39 0 2 398 68 16 7 0 2 91 24 377 92 0 3 493 53 23 21 0 1 97 1079
4:00 PM 1 92 15 0 0 108 22 2 4 0 0 28 9 84 27 0 0 120 13 4 7 0 0 24 280
4:15 PM 10 82 14 0 1 106 16 3 0 0 2 19 10 108 33 0 0 151 17 8 8 0 0 33 309
4:30 PM 7 98 11 0 0 116 17 4 0 0 1 21 11 98 24 0 0 133 16 2 12 0 0 30 300
4:45 PM 5 94 20 0 0 119 15 4 2 0 1 21 5 89 31 0 0 125 15 6 10 0 0 31 296
Hourly Total 23 366 60 0 1 449 70 13 6 0 4 89 35 379 115 0 0 529 61 20 37 0 0 118 1185
5:00 PM 6 82 9 0 0 97 15 3 2 0 1 20 3 99 31 0 0 133 13 5 9 0 0 27 277
5:15 PM 6 62 10 0 0 78 21 4 2 0 0 27 6 108 29 0 0 143 13 6 9 0 0 28 276
5:30 PM 4 78 10 0 0 92 18 1 0 0 0 19 5 63 25 0 1 93 11 4 7 0 0 22 226
5:45 PM 5 68 6 0 0 79 13 2 3 0 0 18 5 80 18 0 0 103 7 1 4 0 0 12 212
Hourly Total 21 290 35 0 0 346 67 10 7 0 1 84 19 350 103 0 1 472 44 16 29 0 0 89 991
6:00 PM 6 57 3 0 0 66 13 1 1 0 0 15 8 75 13 0 0 96 8 6 7 0 0 21 198
6:15 PM 5 49 6 0 0 60 8 1 0 0 1 9 5 70 8 0 0 83 5 4 10 0 0 19 171
Grand Total 192 3647 590 0 5 4429 573 100 58 0 36 731 251 3503 811 0 9 4565 484 182 292 0 3 958 10683
Approach % 4.3 82.3 13.3 0.0 - - 78.4 13.7 7.9 0.0 - - 5.5 76.7 17.8 0.0 - - 50.5 19.0 30.5 0.0 - - -
Total % 1.8 34.1 5.5 0.0 - 41.5 5.4 0.9 0.5 0.0 - 6.8 2.3 32.8 7.6 0.0 - 42.7 4.5 1.7 2.7 0.0 - 9.0 -
Car 181 3452 585 0 - 4218 556 88 53 0 - 697 242 3334 785 0 - 4361 477 177 284 0 - 938 10214
% Car 94.3 94.7 99.2 - - 95.2 97.0 88.0 91.4 - - 95.3 96.4 95.2 96.8 - - 95.5 98.6 97.3 97.3 - - 97.9 95.6
Medium 5 147 4 0 - 156 11 1 2 0 - 14 7 120 15 0 - 142 6 2 7 0 - 15 327
% Medium 2.6 4.0 0.7 - - 3.5 1.9 1.0 3.4 - - 1.9 2.8 3.4 1.8 - - 3.1 1.2 1.1 2.4 - - 1.6 3.1
Heavy 6 46 1 0 - 53 6 11 3 0 - 20 2 49 11 0 - 62 1 1 1 0 - 3 138
% Heavy 3.1 1.3 0.2 - - 1.2 1.0 11.0 5.2 - - 2.7 0.8 1.4 1.4 - - 1.4 0.2 0.5 0.3 - - 0.3 1.3
Pedal Bike (Road) 0 2 0 0 - 2 0 0 0 0 - 0 0 0 0 0 - 0 0 2 0 0 - 2 4
% Pedal Bike
(Road)
0.0 0.1 0.0 - - 0.0 0.0 0.0 0.0 - - 0.0 0.0 0.0 0.0 - - 0.0 0.0 1.1 0.0 - - 0.2 0.0
Ped - - - - 5 - - - - - 36 - - - - - 9 - - - - - 3 - -
% Ped - - - - 100.0 - - - - - 100.0 - - - - - 100.0 - - - - - 100.0 - -
AVCOG
125 Manley Road
Auburn, Maine, United States 04210
(207) 783-9186 jready@avcog.org
Count Name: Lew_East_Mall_091812
Site Code:
Start Date: 09/18/2012
Page No: 3
09/18/2012 6:30 AM
Ending At
09/18/2012 6:30 PM
Car
Medium
Heavy
Pedal Bike (Road)
Ped
Southbound Street [N]
Out In Total
3864 4218 8082
128 156 284
53 53 106
0 2 2
0 0 0
4045 4429 8474
585 3452 181 0 0
4 147 5 0 0
1 46 6 0 0
0 2 0 0 0
0 0 0 0 5
590 3647 192 0 5
R T L U P
1185
0
2
18
22
1143
Out
731
0
0
20
14
697
In
1916
0
2
38
36
1840
Total
Westbound
Street
[E]
R
58
0
0
3
2
53
T
100
0
0
11
1
88
L
573
0
0
6
11
556
U
0
0
0
0
0
0
P
36
36
0
0
0
0
4292 4361 8653
165 142 307
53 62 115
2 0 2
0 0 0
4512 4565 9077
Out In Total
Northbound Street [S]
U L T R P
0 242 3334 785 0
0 7 120 15 0
0 2 49 11 0
0 0 0 0 0
0 0 0 0 9
0 251 3503 811 9
Eastbound
Street
[W]
Total
1853
27
17
2
0
1899
In
938
15
3
2
0
958
Out
915
12
14
0
0
941
0
0
0
0
0
0
U
477
6
1
0
0
484
L
177
2
1
2
0
182
T
284
7
1
0
0
292
R
0
0
0
0
3
3
P
Turning Movement Data Plot
AVCOG
125 Manley Road
Auburn, Maine, United States 04210
(207) 783-9186 jready@avcog.org
Count Name: Lew_East_Mall_091812
Site Code:
Start Date: 09/18/2012
Page No: 4
Turning Movement Peak Hour Data (11:00 AM)
Start Time
Southbound Street Westbound Street Northbound Street Eastbound Street
Southbound Westbound Northbound Eastbound
Left Thru Right U-Turn Peds
App.
Total
Left Thru Right U-Turn Peds
App.
Total
Left Thru Right U-Turn Peds
App.
Total
Left Thru Right U-Turn Peds
App.
Total
Int. Total
11:00 AM 5 73 16 0 0 94 10 3 2 0 1 15 5 61 20 0 0 86 12 3 7 0 0 22 217
11:15 AM 5 66 9 0 0 80 11 2 1 0 0 14 7 56 18 0 0 81 11 2 6 0 0 19 194
11:30 AM 1 75 15 0 0 91 11 1 1 0 1 13 6 68 21 0 0 95 15 6 7 0 0 28 227
11:45 AM 6 83 15 0 0 104 13 0 1 0 3 14 8 91 20 0 0 119 8 4 5 0 0 17 254
Total 17 297 55 0 0 369 45 6 5 0 5 56 26 276 79 0 0 381 46 15 25 0 0 86 892
Approach % 4.6 80.5 14.9 0.0 - - 80.4 10.7 8.9 0.0 - - 6.8 72.4 20.7 0.0 - - 53.5 17.4 29.1 0.0 - - -
Total % 1.9 33.3 6.2 0.0 - 41.4 5.0 0.7 0.6 0.0 - 6.3 2.9 30.9 8.9 0.0 - 42.7 5.2 1.7 2.8 0.0 - 9.6 -
PHF 0.708 0.895 0.859 0.000 - 0.887 0.865 0.500 0.625 0.000 - 0.933 0.813 0.758 0.940 0.000 - 0.800 0.767 0.625 0.893 0.000 - 0.768 0.878
Car 14 277 54 0 - 345 43 6 4 0 - 53 26 261 76 0 - 363 46 15 25 0 - 86 847
% Car 82.4 93.3 98.2 - - 93.5 95.6 100.0 80.0 - - 94.6 100.0 94.6 96.2 - - 95.3 100.0 100.0 100.0 - - 100.0 95.0
Medium 1 17 1 0 - 19 0 0 0 0 - 0 0 12 2 0 - 14 0 0 0 0 - 0 33
% Medium 5.9 5.7 1.8 - - 5.1 0.0 0.0 0.0 - - 0.0 0.0 4.3 2.5 - - 3.7 0.0 0.0 0.0 - - 0.0 3.7
Heavy 2 3 0 0 - 5 2 0 1 0 - 3 0 3 1 0 - 4 0 0 0 0 - 0 12
% Heavy 11.8 1.0 0.0 - - 1.4 4.4 0.0 20.0 - - 5.4 0.0 1.1 1.3 - - 1.0 0.0 0.0 0.0 - - 0.0 1.3
Pedal Bike (Road) 0 0 0 0 - 0 0 0 0 0 - 0 0 0 0 0 - 0 0 0 0 0 - 0 0
% Pedal Bike
(Road)
0.0 0.0 0.0 - - 0.0 0.0 0.0 0.0 - - 0.0 0.0 0.0 0.0 - - 0.0 0.0 0.0 0.0 - - 0.0 0.0
Ped - - - - 0 - - - - - 5 - - - - - 0 - - - - - 0 - -
% Ped - - - - - - - - - - 100.0 - - - - - - - - - - - - - -
AVCOG
125 Manley Road
Auburn, Maine, United States 04210
(207) 783-9186 jready@avcog.org
Count Name: Lew_East_Mall_091812
Site Code:
Start Date: 09/18/2012
Page No: 5
Peak Hour Data
09/18/2012 11:00 AM
Ending At
09/18/2012 12:00 PM
Car
Medium
Heavy
Pedal Bike (Road)
Ped
Southbound Street [N]
Out In Total
311 345 656
12 19 31
4 5 9
0 0 0
0 0 0
327 369 696
54 277 14 0 0
1 17 1 0 0
0 3 2 0 0
0 0 0 0 0
0 0 0 0 0
55 297 17 0 0
R T L U P
111
0
0
3
3
105
Out
56
0
0
3
0
53
In
167
0
0
6
3
158
Total
Westbound
Street
[E]
R
5
0
0
1
0
4
T
6
0
0
0
0
6
L
45
0
0
2
0
43
U
0
0
0
0
0
0
P
5
5
0
0
0
0
345 363 708
17 14 31
5 4 9
0 0 0
0 0 0
367 381 748
Out In Total
Northbound Street [S]
U L T R P
0 26 261 76 0
0 0 12 2 0
0 0 3 1 0
0 0 0 0 0
0 0 0 0 0
0 26 276 79 0
Eastbound
Street
[W]
Total
172
1
0
0
0
173
In
86
0
0
0
0
86
Out
86
1
0
0
0
87
0
0
0
0
0
0
U
46
0
0
0
0
46
L
15
0
0
0
0
15
T
25
0
0
0
0
25
R
0
0
0
0
0
0
P
Turning Movement Peak Hour Data Plot (11:00 AM)
AVCOG
125 Manley Road
Auburn, Maine, United States 04210
(207) 783-9186 jready@avcog.org
Count Name: Lew_East_Mall_091812
Site Code:
Start Date: 09/18/2012
Page No: 6
Turning Movement Peak Hour Data (4:00 PM)
Start Time
Southbound Street Westbound Street Northbound Street Eastbound Street
Southbound Westbound Northbound Eastbound
Left Thru Right U-Turn Peds
App.
Total
Left Thru Right U-Turn Peds
App.
Total
Left Thru Right U-Turn Peds
App.
Total
Left Thru Right U-Turn Peds
App.
Total
Int. Total
4:00 PM 1 92 15 0 0 108 22 2 4 0 0 28 9 84 27 0 0 120 13 4 7 0 0 24 280
4:15 PM 10 82 14 0 1 106 16 3 0 0 2 19 10 108 33 0 0 151 17 8 8 0 0 33 309
4:30 PM 7 98 11 0 0 116 17 4 0 0 1 21 11 98 24 0 0 133 16 2 12 0 0 30 300
4:45 PM 5 94 20 0 0 119 15 4 2 0 1 21 5 89 31 0 0 125 15 6 10 0 0 31 296
Total 23 366 60 0 1 449 70 13 6 0 4 89 35 379 115 0 0 529 61 20 37 0 0 118 1185
Approach % 5.1 81.5 13.4 0.0 - - 78.7 14.6 6.7 0.0 - - 6.6 71.6 21.7 0.0 - - 51.7 16.9 31.4 0.0 - - -
Total % 1.9 30.9 5.1 0.0 - 37.9 5.9 1.1 0.5 0.0 - 7.5 3.0 32.0 9.7 0.0 - 44.6 5.1 1.7 3.1 0.0 - 10.0 -
PHF 0.575 0.934 0.750 0.000 - 0.943 0.795 0.813 0.375 0.000 - 0.795 0.795 0.877 0.871 0.000 - 0.876 0.897 0.625 0.771 0.000 - 0.894 0.959
Car 23 352 60 0 - 435 70 12 6 0 - 88 33 374 114 0 - 521 59 20 36 0 - 115 1159
% Car 100.0 96.2 100.0 - - 96.9 100.0 92.3 100.0 - - 98.9 94.3 98.7 99.1 - - 98.5 96.7 100.0 97.3 - - 97.5 97.8
Medium 0 9 0 0 - 9 0 0 0 0 - 0 2 4 0 0 - 6 2 0 1 0 - 3 18
% Medium 0.0 2.5 0.0 - - 2.0 0.0 0.0 0.0 - - 0.0 5.7 1.1 0.0 - - 1.1 3.3 0.0 2.7 - - 2.5 1.5
Heavy 0 3 0 0 - 3 0 1 0 0 - 1 0 1 1 0 - 2 0 0 0 0 - 0 6
% Heavy 0.0 0.8 0.0 - - 0.7 0.0 7.7 0.0 - - 1.1 0.0 0.3 0.9 - - 0.4 0.0 0.0 0.0 - - 0.0 0.5
Pedal Bike (Road) 0 2 0 0 - 2 0 0 0 0 - 0 0 0 0 0 - 0 0 0 0 0 - 0 2
% Pedal Bike
(Road)
0.0 0.5 0.0 - - 0.4 0.0 0.0 0.0 - - 0.0 0.0 0.0 0.0 - - 0.0 0.0 0.0 0.0 - - 0.0 0.2
Ped - - - - 1 - - - - - 4 - - - - - 0 - - - - - 0 - -
% Ped - - - - 100.0 - - - - - 100.0 - - - - - - - - - - - - - -
AVCOG
125 Manley Road
Auburn, Maine, United States 04210
(207) 783-9186 jready@avcog.org
Count Name: Lew_East_Mall_091812
Site Code:
Start Date: 09/18/2012
Page No: 7
Peak Hour Data
09/18/2012 4:00 PM
Ending At
09/18/2012 5:00 PM
Car
Medium
Heavy
Pedal Bike (Road)
Ped
Southbound Street [N]
Out In Total
439 435 874
6 9 15
1 3 4
0 2 2
0 0 0
446 449 895
60 352 23 0 0
0 9 0 0 0
0 3 0 0 0
0 2 0 0 0
0 0 0 0 1
60 366 23 0 1
R T L U P
158
0
0
1
0
157
Out
89
0
0
1
0
88
In
247
0
0
2
0
245
Total
Westbound
Street
[E]
R
6
0
0
0
0
6
T
13
0
0
1
0
12
L
70
0
0
0
0
70
U
0
0
0
0
0
0
P
4
4
0
0
0
0
458 521 979
10 6 16
3 2 5
2 0 2
0 0 0
473 529 1002
Out In Total
Northbound Street [S]
U L T R P
0 33 374 114 0
0 2 4 0 0
0 0 1 1 0
0 0 0 0 0
0 0 0 0 0
0 35 379 115 0
Eastbound
Street
[W]
Total
220
5
1
0
0
226
In
115
3
0
0
0
118
Out
105
2
1
0
0
108
0
0
0
0
0
0
U
59
2
0
0
0
61
L
20
0
0
0
0
20
T
36
1
0
0
0
37
R
0
0
0
0
0
0
P
Turning Movement Peak Hour Data Plot (4:00 PM)
AVCOG
125 Manley Road
Auburn, Maine, United States 04210
(207) 783-9186 jready@avcog.org
Count Name: Lew_East_Mall_091812
Site Code:
Start Date: 09/18/2012
Page No: 8
