                                                                  City of High Point
                                                             Department of Transportation
Counted by: Brianna Yates &                                      Summer Count Program                             File Name       :   ClnrdFrmPdmntEastCh
Angela King                                                         High Point, NC                                Site Code       :   00000092
Weather: sunny                                                                                                    Start Date      :   7/28/2004
                                                                                                                  Page No         :   1
                                                                Groups Printed- Cars - Trucks
                      EASTCHESTER DRIVE                  PIEDMONT PARKWAY               EASTCHESTER DRIVE              CLINARD FARMS ROAD
                          Southbound                         Westbound                      Northbound                      Eastbound
                                           App.                             App.                           App.                               App.    Int.
  Start Time   Left     Thru   Right              Left     Thru Right              Left    Thru Right               Left   Thru   Right
                                          Total                            Total                          Total                              Total   Total
      06:00       4       62       1         67      0         1      1        2      1      78     18       97        6      2          2      10     176
      06:15      14       72       0         86      2        34      4       40      4     133     10      147       10     10          3      23     296
      06:30      17      133       1        151      5         0      2        7      7     210     34      251       12     20          8      40     449
      06:45      20      129       2        151      6         2      4       12      7     293     48      348       19     24          1      44     555
      Total      55      396       4        455     13        37     11       61     19     714    110      843       47     56         14     117    1476

      07:00      23      163       7        193      6        1      1        8       9     206     40     255        21     19          7      47     503
      07:15      29      194       4        227      3       15     13       31       6     303     49     358        27     33         10      70     686
      07:30      50      194       7        251      5        9     12       26       7     360     62     429        34     23          7      64     770
      07:45      90      198       6        294      9        9     24       42      12     363    102     477        58     55          8     121     934
      Total     192      749      24        965     23       34     50      107      34    1232    253    1519       140    130         32     302    2893

      08:00      88      245       4        337      9        5      7       21       3     343     84     430        27     76         11     114     902
      08:15      60      190       5        255     18        7      3       28       9     289     64     362        23     39          9      71     716
      08:30      45      229       5        279     10        7      6       23       8     240     35     283         5     40          4      49     634
      08:45      56      188       4        248     11       10      4       25       1     226     44     271        14     21          3      38     582
      Total     249      852      18       1119     48       29     20       97      21    1098    227    1346        69    176         27     272    2834

      09:00      29      148       5        182      6        2     12       20       5     192     25     222        10     17          5      32     456
      09:15      33      144       5        182     19        1     10       30       8     171     25     204        10      9          4      23     439
      09:30      20      169       8        197     11        5     15       31       3     166     14     183         6     11          4      21     432
      09:45      26      158       3        187     18        5     15       38      13     146     22     181        10      6          3      19     425
      Total     108      619      21        748     54       13     52      119      29     675     86     790        36     43         16      95    1752

      10:00      19      147       7        173     22        3     15       40       4     140     18     162         3      4          5      12     387
      10:15      19      150       1        170     13        2     14       29       6     137     22     165         4      4          1       9     373
      10:30      14      146       6        166     13        5     16       34       5     149     21     175         5      4          4      13     388
      10:45      11      168       5        184     17        2     17       36       9     162     12     183        15      5          6      26     429
      Total      63      611      19        693     65       12     62      139      24     588     73     685        27     17         16      60    1577

      11:00      20      203       6        229     21        6     19       46       5     171     15     191         6      4          2      12     478
      11:15      17      199       7        223     25        3     21       49       4     132     18     154         6      7          3      16     442
      11:30      15      278       9        302     39       12     22       73       5     194     18     217         4     12          8      24     616
      11:45      16      326       9        351     70       19     24      113       8     201     25     234         9      6          9      24     722
      Total      68     1006      31       1105    155       40     86      281      22     698     76     796        25     29         22      76    2258

      12:00      18      312       6        336     76       14     37      127      13     238     31     282        12      7          2      21     766
      12:15      28      255      13        296     65       17     23      105      10     222     63     295         4      5          1      10     706
      12:30      32      260      14        306     59       10     21       90       7     275     40     322        10     20          6      36     754
      12:45      25      232       4        261     52       10     34       96      10     297     54     361        11     11         10      32     750
      Total     103     1059      37       1199    252       51    115      418      40    1032    188    1260        37     43         19      99    2976

      13:00      37      255      16        308     52       11     26       89      10     336     56     402        11     14          7      32     831
      13:15      38      252      14        304     40        6     32       78      11     331     65     407         8     21         14      43     832
      13:30      39      213       5        257     29       12     23       64      12     294     39     345         7     12          8      27     693
      13:45      27      201       7        235     27        4     15       46      14     255     59     328         9      9          3      21     630
      Total     141      921      42       1104    148       33     96      277      47    1216    219    1482        35     56         32     123    2986

      14:00      24      193      11        228     26        8     17       51       9     199     35     243         6      4          7      17     539
      14:15      24      184       8        216     24        9     17       50      10     195     25     230         8      8          1      17     513
      14:30      21      189       6        216     28       12     23       63       6     247     24     277         8     10          8      26     582
      14:45      27      204      11        242     24        9     27       60       8     191     32     231         4      7          2      13     546
      Total      96      770      36        902    102       38     84      224      33     832    116     981        26     29         18      73    2180

      15:00      19      301      13        333     28       15     28       71      17     215     21     253         4      5         10      19     676
      15:15      19      209       9        237     24        9     29       62      10     188     27     225         5      7         15      27     551
      15:30      15      236       9        260     58       22     40      120       5     205     26     236         3     11          6      20     636
      15:45      20      271      13        304     34       14     29       77      10     199     18     227         7      5          7      19     627
      Total      73     1017      44       1134    144       60    126      330      42     807     92     941        19     28         38      85    2490

      16:00      13      237      14        264     42       11     27       80      12     194     15     221         6      3          5      14     579
      16:15      17      249       9        275     29       24     24       77       7     213     12     232         3      8          3      14     598
      16:30      14      337      19        370     71       31     45      147       8     208      8     224         8      7          9      24     765
      16:45      22      249      14        285     61       37     41      139       5     187     16     208         9      5          9      23     655
      Total      66     1072      56       1194    203      103    137      443      32     802     51     885        26     23         26      75    2597

      17:00      14      418      70        502     98       81     76      255      14     290     13     317         6      3         11      20    1094
      17:15      16      507      45        568     49       59     65      173      20     281     16     317         9      9         10      28    1086
      17:30      13      387      42        442     87       56     40      183      14     328     12     354         6     12          8      26    1005
      17:45      12      329      34        375     45       35     29      109      20     331     12     363         8     16         11      35     882
      Total      55     1641     191       1887    279      231    210      720      68    1230     53    1351        29     40         40     109    4067

 Grand Total   1269    10713     523      12505   1486      681   1049     3216     411   10924   1544   12879       516    670        300    1486   30086
    Apprch %   10.1     85.7     4.2              46.2     21.2   32.6              3.2    84.8   12.0              34.7   45.1       20.2
     Total %    4.2     35.6     1.7       41.6    4.9      2.3    3.5     10.7     1.4    36.3    5.1    42.8       1.7    2.2        1.0     4.9
                                                              City of High Point
                                                         Department of Transportation
Counted by: Brianna Yates &                                  Summer Count Program             File Name              :    ClnrdFrmPdmntEastCh
Angela King                                                     High Point, NC                Site Code              :    00000092
Weather: sunny                                                                                Start Date             :    7/28/2004
                                                                                              Page No                :    2

                                                                EASTCHESTER DRIVE
                                                                Out     In    Total
                                                               11719  11737  23456
                                                                 770     768   1538
                                                               12489  12505  24994


                                                                   513 10064    1160
                                                                    10   649     109
                                                                   523 10713    1269
                                                                 Right Thru     Left
                                    2972
                                     129
                                    3101
                                    Total
                    CLINARD FARMS ROAD




                                                                                                     3483

                                                                                                     3297
                                                                                                     Out
                                                                                                     PIEDMONT PARKWAY
                                             516




                                                                                                      186
                                             505
                                              11




                                                                                        Right Thru
                                                                                        1049
                                            Left




                                                                        North




                                                                                          960
                                                                                           89
                             1423

                             1486
                                63




                                                               7/28/2004 6:00:00 AM
                                                   670
                                                   645
                                                    25

                                            Right Thru
                              In




                                                                                                            3216

                                                                                                            3045
                                                               7/28/2004 5:45:00 PM




                                                                                                             In
                                                                                               681

                                                                                               650



                                                                                                              171
                                                                                                31
                                                               Cars
                                              300
                                              273
                                               27




                                                                                        1486

                                                                                        1435
                                                                                        Left
                     1549

                     1615
                        66




                                                               Trucks
                     Out




                                                                                                                  Total
                                                                                          51



                                                                                                                   6699

                                                                                                                   6342
                                                                                                                    357
                                                                 Left  Thru Right
                                                                  386 10254 1492
                                                                   25   670    52
                                                                  411 10924 1544


                                                               11772  12132  23904
                                                                 727     747   1474
                                                               12499  12879  25378
                                                                Out     In    Total
                                                                EASTCHESTER DRIVE
                                                            City of High Point
                                                       Department of Transportation
Counted by: Brianna Yates &                                Summer Count Program                                    File Name       :   ClnrdFrmPdmntEastCh
Angela King                                                   High Point, NC                                       Site Code       :   00000092
Weather: sunny                                                                                                     Start Date      :   7/28/2004
                                                                                                                   Page No         :   3


                   EASTCHESTER DRIVE                PIEDMONT PARKWAY                   EASTCHESTER DRIVE                CLINARD FARMS ROAD
                       Southbound                       Westbound                          Northbound                        Eastbound
                                      App.                              App.                                App.                               App.    Int.
   Start Time   Left   Thru Right            Left     Thru   Right              Left     Thru   Right                Left   Thru   Right
                                     Total                             Total                               Total                              Total   Total
Peak Hour From 06:00 to 09:45 - Peak 1 of 1
 Intersection 07:30
       Volume    288    827     22    1137     41       30      46       117      31     1355     312       1698      142    193         35     370    3322
      Percent   25.3   72.7    1.9           35.0     25.6    39.3               1.8     79.8    18.4                38.4   52.2        9.5
 07:45 Volume     90    198      6     294      9        9      24        42      12      363     102        477       58     55          8     121     934
  Peak Factor                                                                                                                                         0.889
    High Int. 08:00                         07:45                              07:45                                07:45
       Volume     88    245      4     337      9        9      24        42      12      363     102        477       58     55          8     121
  Peak Factor                        0.843                             0.696                               0.890                              0.764

Peak Hour From 10:00 to 13:45 - Peak 1 of 1
 Intersection 12:30
       Volume    132    999     48    1179    203       37     113       353      38     1239     215       1492       40     66         37     143    3167
      Percent   11.2   84.7    4.1           57.5     10.5    32.0               2.5     83.0    14.4                28.0   46.2       25.9
 13:15 Volume     38    252     14     304     40        6      32        78      11      331      65        407        8     21         14      43     832
  Peak Factor                                                                                                                                         0.952
    High Int. 13:00                         12:45                              13:15                                13:15
       Volume     37    255     16     308     52       10      34        96      11      331      65        407        8     21         14      43
  Peak Factor                        0.957                             0.919                               0.916                              0.831

Peak Hour From 14:00 to 17:45 - Peak 1 of 1
 Intersection 17:00
       Volume     55   1641    191    1887    279      231     210       720      68     1230      53       1351       29     40         40     109    4067
      Percent    2.9   87.0   10.1           38.8     32.1    29.2               5.0     91.0     3.9                26.6   36.7       36.7
 17:00 Volume     14    418     70     502     98       81      76       255      14      290      13        317        6      3         11      20    1094
  Peak Factor                                                                                                                                         0.929
    High Int. 17:15                         17:00                              17:45                                17:45
       Volume     16    507     45     568     98       81      76       255      20      331      12        363        8     16         11      35
  Peak Factor                        0.831                             0.706                               0.930                              0.779
