                                                            City of High Point
                                                       Department of Transportation
Counted by: Anna Whittington &                             Summer Count Program                                    File Name       :   ElmWstwood
Phaidra Wright                                                High Point, NC                                       Site Code       :   00000016
Weather: sunny                                                                                                     Start Date      :   6/2/2004
                                                                                                                   Page No         :   1
                                                          Groups Printed- Cars - Trucks
                      ELM STREET                    WESTWOOD AVENUE                 ELM STREET                  WESTWOOD AVENUE
                      Southbound                       Westbound                    Northbound                     Eastbound
                                      App.                            App.                        App.                             App.      Int.
  Start Time   Left   Thru   Right           Left     Thru Right             Left  Thru Right            Left    Thru   Right
                                     Total                           Total                       Total                            Total     Total
      06:00       0      5       2       7      0        2      1        3      2     7      0       9      0       2       1         3        22
      06:15       0     10       2      12      1        2      0        3      8     9      3      20      2       1       0         3        38
      06:30       0     19       6      25      1        2      2        5      6    20      2      28      0       5       1         6        64
      06:45       0     32       1      33      1       15      4       20     12    41      3      56      0       1       1         2       111
      Total       0     66      11      77      3       21      7       31     28    77      8     113      2       9       3        14       235

      07:00       1     24       2      27      1       3      1        5     10     16      0      26      0       4       1           5      63
      07:15       0     22       0      22      0       9      0        9      9     30      6      45      3       4       2           9      85
      07:30       0     45       9      54      1      13      5       19     13     38      4      55      0       8       5          13     141
      07:45       0     61      15      76      2      23      3       28     29     43      4      76      5      19       0          24     204
      Total       1    152      26     179      4      48      9       61     61    127     14     202      8      35       8          51     493

      08:00       3     46      15      64      3      20      4       27      8     45      3      56      0      16       5        21       168
      08:15       1     51      19      71      6      28      2       36     23     48      9      80      3      10       6        19       206
      08:30       2     47       8      57      4      22      1       27      9     34      6      49      5      19      10        34       167
      08:45       0     35       9      44      5      17      2       24     18     36      2      56      3      14      10        27       151
      Total       6    179      51     236     18      87      9      114     58    163     20     241     11      59      31       101       692

      09:00       0     42       4      46      4      21      3       28     11     29      5      45      8      21      13        42       161
      09:15       0     37       7      44      4      28      2       34     15     41      8      64      5      19       5        29       171
      09:30       1     38      10      49      3      15      2       20     19     46      5      70      6      24       9        39       178
      09:45       0     35       7      42      6      24      3       33     20     41      9      70      6      25       6        37       182
      Total       1    152      28     181     17      88     10      115     65    157     27     249     25      89      33       147       692

      10:00       1     34       6      41      5      30      3       38     18     52      4      74     12      29       4        45       198
      10:15       1     44       9      54      2      23      3       28     14     53      0      67      6      17      11        34       183
      10:30       2     47      10      59      5      18      3       26     13     50      9      72      3      26      13        42       199
      10:45       2     27       5      34      4      23      4       31     14     42      2      58      5      18      13        36       159
      Total       6    152      30     188     16      94     13      123     59    197     15     271     26      90      41       157       739

      11:00       1     27       9      37      4      14      2       20     18     49      7      74      8      12       7        27       158
      11:15       6     27      12      45      3      18      3       24      8     50      8      66      6      25      10        41       176
      11:30       3     25       5      33      2      17      0       19     18     53      8      79     12      25      20        57       188
      11:45       2     53      12      67      5      17      6       28     15     51      7      73     10      33      10        53       221
      Total      12    132      38     182     14      66     11       91     59    203     30     292     36      95      47       178       743

      12:00       0     37       6      43      2      12      2       16     12     72     13      97      8      35      14        57       213
      12:15       3     44       9      56     10      18      4       32     14     53      6      73      7      22      13        42       203
      12:30       1     66      10      77      6      27      3       36     11     54      2      67     12      27      10        49       229
      12:45       1     62      13      76      8      28      4       40     12     43      7      62      5      22      13        40       218
      Total       5    209      38     252     26      85     13      124     49    222     28     299     32     106      50       188       863

      13:00       3     49       6      58      6      19      4       29     10     58      8      76      8      22      12        42       205
      13:15       3     44      12      59      4      10      5       19     17     49      4      70      7      33      10        50       198
      13:30       0     43      10      53      5      14      4       23     15     59      7      81      9      20      12        41       198
      13:45       4     51      15      70      6      19      6       31     16     49      5      70     10      26      11        47       218
      Total      10    187      43     240     21      62     19      102     58    215     24     297     34     101      45       180       819

      14:00       1     47      14      62      3      18      7       28     12     53      8      73      6      31      18        55       218
      14:15       2     41      14      57      9      17      5       31     15     56      3      74      9      35      13        57       219
      14:30       4     56      13      73      4      20      5       29     12     59      2      73      6      28      15        49       224
      14:45       1     44       7      52      7      33      4       44     18     70      3      91      8      31      15        54       241
      Total       8    188      48     244     23      88     21      132     57    238     16     311     29     125      61       215       902

      15:00       2     53       6      61      3      24      3       30     16     61      4      81      6      20      14        40       212
      15:15       3     49       7      59      3      13      6       22      9     87      6     102     11      29      14        54       237
      15:30       1     70       5      76      6      14      0       20     10     70      6      86      8      27      14        49       231
      15:45       1     46       7      54      9      23      4       36     10     64      4      78     14      33      16        63       231
      Total       7    218      25     250     21      74     13      108     45    282     20     347     39     109      58       206       911

      16:00       0     54       7      61      8      19      0       27     16     67      5      88     10      15      13        38       214
      16:15       3     59       8      70      8      16      3       27      8     50      5      63      9      21      15        45       205
      16:30       0     48       7      55      4      15      2       21      6     66      6      78      8      23      21        52       206
      16:45       2     51       6      59      1      17      3       21      8     69      7      84      8      17       9        34       198
      Total       5    212      28     245     21      67      8       96     38    252     23     313     35      76      58       169       823

      17:00       2     53      11      66      6      22      1       29     12    131     12     155     25      33      12        70       320
      17:15       0     45       7      52      5      18      1       24      9     87      4     100      9      16      11        36       212
      17:30       1     43       4      48      0      11      3       14      4     51      1      56      2      15      11        28       146
      17:45       1     29       2      32      2      10      3       15      9     41      3      53      7      13       5        25       125
      Total       4    170      24     198     13      61      8       82     34    310     20     364     43      77      39       159       803

 Grand Total     65   2017     390   2472     197     841    141     1179    611   2443    245    3299    320     971     474      1765      8715
    Apprch %    2.6   81.6    15.8           16.7    71.3   12.0            18.5   74.1    7.4           18.1    55.0    26.9
     Total %    0.7   23.1     4.5   28.4     2.3     9.7    1.6     13.5    7.0   28.0    2.8    37.9    3.7    11.1     5.4      20.3
                                                            City of High Point
                                                       Department of Transportation
Counted by: Anna Whittington &                             Summer Count Program                               File Name    :   ElmWstwood
Phaidra Wright                                                High Point, NC                                  Site Code    :   00000016
Weather: sunny                                                                                                Start Date   :   6/2/2004
                                                                                                              Page No      :   2

                                                                 ELM STREET
                                                             Out      In    Total
                                                             2829    2417    5246
                                                               75       55    130
                                                             2904    2472    5376


                                                                 387 1965        65
                                                                   3    52          0
                                                                 390 2017        65
                                                               Right Thru      Left
                                 3522
                                    85
                                 3607
                                 Total




                                                                                                     1281

                                                                                                     1262
                                                                                                     Out
                    WESTWOOD AVENUE




                                                                                                     WESTWOOD AVENUE
                                          320
                                             4
                                          316




                                                                                        Right Thru
                                         Left




                                                                                                       19
                                                                       North




                                                                                          141

                                                                                          138
                                                                                            3
                          1726

                          1765
                             39




                                                             6/2/2004 6:00:00 AM
                                                971
                                                963
                                                   8

                                         Right Thru
                           In




                                                                                                           1179

                                                                                                           1154
                                                             6/2/2004 5:45:00 PM




                                                                                                            In
                                                                                               841

                                                                                               830
                                                                                                11




                                                                                                              25
                                                              Cars
                                           474
                                           447
                                            27




                                                                                        Left
                     1796

                     1842
                       46




                                                              Trucks




                                                                                         197

                                                                                         186
                     Out




                                                                                                                 Total
                                                                                          11



                                                                                                                  2460

                                                                                                                  2416
                                                                                                                    44
                                                               Left Thru Right
                                                                579 2375   234
                                                                 32    68   11
                                                                611 2443   245


                                                             2598    3188    5786
                                                               90      111    201
                                                             2688    3299    5987
                                                             Out      In    Total
                                                                 ELM STREET
                                                            City of High Point
                                                       Department of Transportation
Counted by: Anna Whittington &                             Summer Count Program                                         File Name       :   ElmWstwood
Phaidra Wright                                                High Point, NC                                            Site Code       :   00000016
Weather: sunny                                                                                                          Start Date      :   6/2/2004
                                                                                                                        Page No         :   3


                       ELM STREET                   WESTWOOD AVENUE                   ELM STREET                     WESTWOOD AVENUE
                       Southbound                      Westbound                      Northbound                        Eastbound
                                      App.                             App.                           App.                              App.      Int.
   Start Time   Left   Thru Right            Left    Thru   Right              Left   Thru   Right            Left    Thru   Right
                                     Total                            Total                          Total                             Total     Total
Peak Hour From 06:00 to 09:45 - Peak 1 of 1
 Intersection 07:45
       Volume      6    205     57     268     15      93      10       118      69    170      22     261      13      64      21          98     745
      Percent    2.2   76.5   21.3           12.7    78.8     8.5              26.4   65.1     8.4            13.3    65.3    21.4
 08:15 Volume      1     51     19      71      6      28       2        36      23     48       9      80       3      10       6          19     206
  Peak Factor                                                                                                                                    0.904
    High Int. 07:45                         08:15                             08:15                          08:30
       Volume      0     61     15      76      6      28       2        36      23     48       9      80       5      19      10        34
  Peak Factor                        0.882                            0.819                          0.816                             0.721

Peak Hour From 10:00 to 13:45 - Peak 1 of 1
 Intersection 11:45
       Volume      6    200     37     243     23      74      15       112      52    230      28     310      37     117      47       201       866
      Percent    2.5   82.3   15.2           20.5    66.1    13.4              16.8   74.2     9.0            18.4    58.2    23.4
 12:30 Volume      1     66     10      77      6      27       3        36      11     54       2      67      12      27      10          49     229
  Peak Factor                                                                                                                                    0.945
    High Int. 12:30                         12:30                             12:00                          12:00
       Volume      1     66     10      77      6      27       3        36      12     72      13      97       8      35      14        57
  Peak Factor                        0.789                            0.778                          0.799                             0.882

Peak Hour From 14:00 to 17:45 - Peak 1 of 1
 Intersection 16:30
       Volume      4    197     31     232     16      72       7        95      35    353      29     417      50      89      53       192       936
      Percent    1.7   84.9   13.4           16.8    75.8     7.4               8.4   84.7     7.0            26.0    46.4    27.6
 17:00 Volume      2     53     11      66      6      22       1        29      12    131      12     155      25      33      12          70     320
  Peak Factor                                                                                                                                    0.731
    High Int. 17:00                         17:00                             17:00                          17:00
       Volume      2     53     11      66      6      22       1        29      12    131      12     155      25      33      12        70
  Peak Factor                        0.879                            0.819                          0.673                             0.686
