                                                          City of High Point
                                                     Department of Transportation
Counted by: Megan Russell &                              Summer Count Program                                   File Name      :   Hwy66NMain
George Franklin                                             High Point, NC                                      Site Code      :   00000085
Weather: sunny                                                                                                  Start Date     :   7/22/2004
                                                                                                                Page No        :   1
                                                        Groups Printed- Cars - Trucks
                      HIGHWAY 66                    HIGHWAY 311                   HIGHWAY 66                  N MAIN STREET
                      Southbound                     Westbound                    Northbound                    Eastbound
                                      App.                          App.                        App.                           App.      Int.
  Start Time   Left   Thru   Right           Left   Thru Right             Left  Thru Right            Left   Thru   Right
                                     Total                         Total                       Total                          Total     Total
      06:00       4      8       1      13      0      3      3        6      1    16      1      18      2      9       0       11        48
      06:15       6     11       2      19      1      3      5        9      3    19      2      24      6     14       1       21        73
      06:30       5     15       1      21      1      5      7       13      2    25      3      30      9     19       1       29        93
      06:45      13     10       0      23      2     14      5       21      2    23      3      28      7     14       4       25        97
      Total      28     44       4      76      4     25     20       49      8    83      9     100     24     56       6       86       311

      07:00       9      7       3      19      2     11      8      21      5     26      7      38      8     14       7       29       107
      07:15       8     18       7      33      4     23      7      34      4     43      6      53      8     23       2       33       153
      07:30       6     22       2      30      6     18     14      38      3     42      7      52     12     23       1       36       156
      07:45       5     22       7      34      4     13      7      24      4     36      8      48      3     17       3       23       129
      Total      28     69      19     116     16     65     36     117     16    147     28     191     31     77      13      121       545

      08:00       6     15       5      26      6     12     10      28      4     20      5      29      8     14       6       28       111
      08:15       9     15       2      26      4     10     10      24      2     21      4      27      4     26       5       35       112
      08:30       8     12       4      24      8     14      7      29      1     24      5      30      3     25       4       32       115
      08:45       7     14       6      27      4     14      2      20      2     18     11      31      6     17       4       27       105
      Total      30     56      17     103     22     50     29     101      9     83     25     117     21     82      19      122       443

      09:00       9     13       5      27      5     12      5      22      2     10      5      17      3     20       3       26        92
      09:15       6      6       4      16      9     13      6      28      4     13     10      27      7     16       3       26        97
      09:30       2     16       3      21      4     11      2      17      4     10      4      18      4     17       4       25        81
      09:45       3      8       5      16      3      7      0      10      3     16      6      25      2     16       6       24        75
      Total      20     43      17      80     21     43     13      77     13     49     25      87     16     69      16      101       345

      10:00       4     11       8      23      4      9      4      17      2     13      5      20      3     16       5         24      84
      10:15       7     13       6      26      3     23      5      31      2      8      3      13      3     14       4         21      91
      10:30       9      9       5      23      6     12      5      23      1      9      6      16      5     22       1         28      90
      10:45      10     12       2      24      1     18     10      29      8     13      3      24      5      8       3         16      93
      Total      30     45      21      96     14     62     24     100     13     43     17      73     16     60      13         89     358

      11:00       4     13       2      19      2      7      1      10      2     16      3      21      2     13       7         22      72
      11:15       5     10       5      20     10     16      5      31      4     14      6      24      4     16       5         25     100
      11:30      14     17       5      36      1     11      5      17      6     12      3      21      1     18       5         24      98
      11:45       9     20       1      30      7     17      4      28      4     11     10      25      4     17       4         25     108
      Total      32     60      13     105     20     51     15      86     16     53     22      91     11     64      21         96     378

      12:00       9     17       3      29      8     16      7      31      1     13      2      16      4     27       2       33       109
      12:15       8      9       4      21      5     19      6      30      2     13      4      19      1     16       3       20        90
      12:30      11     15       5      31      2     20      8      30      7     21      6      34      3     16       6       25       120
      12:45       6     12       4      22      7     17      9      33      3     10      2      15      6     16       4       26        96
      Total      34     53      16     103     22     72     30     124     13     57     14      84     14     75      15      104       415

      13:00       8      6       0      14      3     13      3      19      1     12      5      18      1     20       9       30        81
      13:15       5      8       2      15      6      9      8      23      5     10      4      19      7     16       4       27        84
      13:30      14      7       4      25      7     20      7      34      4     19      2      25      3     23       2       28       112
      13:45       6      5       2      13      1     17     11      29      4     18      5      27      2     11       4       17        86
      Total      33     26       8      67     17     59     29     105     14     59     16      89     13     70      19      102       363

      14:00       8     12       9      29      2     19      8      29      1     12      5      18      6     23       7         36     112
      14:15       6     20       5      31      3     15      9      27      1     12      2      15      3     14       4         21      94
      14:30       5      8       1      14      4     20      6      30      1     19      6      26      4     14       1         19      89
      14:45      11     12       3      26      2     17      6      25      6     19      8      33      0     21       1         22     106
      Total      30     52      18     100     11     71     29     111      9     62     21      92     13     72      13         98     401

      15:00      12     21       1      34      6     20      6      32      6     12      3      21      4     13       5         22     109
      15:15      11     18       4      33     11     15      5      31      5     12      3      20      2     13       5         20     104
      15:30      10     19       5      34      5     14      4      23      3     24      2      29      4     14       5         23     109
      15:45      14     20       3      37      8     22      6      36      6     22      4      32      3     18       0         21     126
      Total      47     78      13     138     30     71     21     122     20     70     12     102     13     58      15         86     448

      16:00       6     16       6      28      6     13      7      26      4     15      3      22      4     21       3       28       104
      16:15      15     27       2      44      2     28      8      38      4     21      9      34      2     20       4       26       142
      16:30      12     26       3      41      7     26      5      38      5     16      8      29      3     26      10       39       147
      16:45      13     32       9      54     11     30      5      46      6     18      2      26      4     20       3       27       153
      Total      46    101      20     167     26     97     25     148     19     70     22     111     13     87      20      120       546

      17:00      11     39       3      53     11     35     12      58      6     20     10      36      2     18       3       23       170
      17:15      19     42      13      74      4     33      8      45      4     31     12      47      4     26       4       34       200
      17:30       8     35       4      47     14     28      9      51      3     24      8      35      6     26      10       42       175
      17:45      12     21       8      41      5     23     11      39      7     21     13      41      0     20       3       23       144
      Total      50    137      28     215     34    119     40     193     20     96     43     159     12     90      20      122       689

 Grand Total    408    764     194   1366     237    785    311    1333    170    872    254    1296    197    860     190     1247      5242
    Apprch %   29.9   55.9    14.2           17.8   58.9   23.3           13.1   67.3   19.6           15.8   69.0    15.2
     Total %    7.8   14.6     3.7   26.1     4.5   15.0    5.9    25.4    3.2   16.6    4.8    24.7    3.8   16.4     3.6     23.8
                                                              City of High Point
                                                         Department of Transportation
Counted by: Megan Russell &                                  Summer Count Program                               File Name    :   Hwy66NMain
George Franklin                                                 High Point, NC                                  Site Code    :   00000085
Weather: sunny                                                                                                  Start Date   :   7/22/2004
                                                                                                                Page No      :   2

                                                                      HIGHWAY 66
                                                               Out         In    Total
                                                               1311       1302    2613
                                                                 69          64    133
                                                               1380       1366    2746


                                                                   177  729       396
                                                                    17    35       12
                                                                   194  764       408
                                                                 Right Thru      Left
                                    2266
                                     130
                                    2396
                                    Total




                                                                                                      1522

                                                                                                      1489
                                                                                                      Out
                                             197
                                             173
                                              24




                                                                                         Right Thru
                                            Left




                                                                                                        33
                      N MAIN STREET




                                                                         North




                                                                                           311

                                                                                           307




                                                                                                          HIGHWAY 311
                                                                                             4
                            1176

                            1247
                               71




                                                               7/22/2004 6:00:00 AM
                                                   860
                                                   847
                                                    13

                                            Right Thru
                             In




                                                                                                              1333

                                                                                                              1297
                                                               7/22/2004 5:45:00 PM




                                                                                                               In
                                                                                                785

                                                                                                762
                                                                                                 23




                                                                                                                 36
                                                               Cars
                                              190
                                              156
                                               34




                                                                                         Left
                    1090

                    1149
                      59




                                                               Trucks




                                                                                          237

                                                                                          228
                    Out




                                                                                                                     Total
                                                                                                                      2855

                                                                                                                      2786
                                                                                             9




                                                                                                                        69
                                                                 Left Thru Right
                                                                  151  831   246
                                                                   19    41    8
                                                                  170  872   254


                                                               1113       1228    2341
                                                                 78          68    146
                                                               1191       1296    2487
                                                               Out         In    Total
                                                                      HIGHWAY 66
                                                          City of High Point
                                                     Department of Transportation
Counted by: Megan Russell &                              Summer Count Program                                       File Name      :   Hwy66NMain
George Franklin                                             High Point, NC                                          Site Code      :   00000085
Weather: sunny                                                                                                      Start Date     :   7/22/2004
                                                                                                                    Page No        :   3


                       HIGHWAY 66                   HIGHWAY 311                    HIGHWAY 66                     N MAIN STREET
                       Southbound                    Westbound                     Northbound                       Eastbound
                                      App.                          App.                           App.                            App.      Int.
   Start Time   Left   Thru Right            Left   Thru   Right            Left   Thru   Right            Left   Thru   Right
                                     Total                         Total                          Total                           Total     Total
Peak Hour From 06:00 to 09:45 - Peak 1 of 1
 Intersection 07:15
       Volume     25     77     21     123     20     66      38     124      15    141      26     182      31     77      12      120       549
      Percent   20.3   62.6   17.1           16.1   53.2    30.6             8.2   77.5    14.3            25.8   64.2    10.0
 07:30 Volume      6     22      2      30      6     18      14      38       3     42       7      52      12     23       1         36     156
  Peak Factor                                                                                                                               0.880
    High Int. 07:45                         07:30                          07:15                          07:30
       Volume      5     22      7      34      6     18      14      38       4     43       6      53      12     23       1       36
  Peak Factor                        0.904                         0.816                          0.858                           0.833

Peak Hour From 10:00 to 13:45 - Peak 1 of 1
 Intersection 11:45
       Volume     37     61     13     111     22     72      25     119      14     58      22      94      12     76      15      103       427
      Percent   33.3   55.0   11.7           18.5   60.5    21.0            14.9   61.7    23.4            11.7   73.8    14.6
 12:30 Volume     11     15      5      31      2     20       8      30       7     21       6      34       3     16       6         25     120
  Peak Factor                                                                                                                               0.890
    High Int. 12:30                         12:00                          12:30                          12:00
       Volume     11     15      5      31      8     16       7      31       7     21       6      34       4     27       2       33
  Peak Factor                        0.895                         0.960                          0.691                           0.780

Peak Hour From 14:00 to 17:45 - Peak 1 of 1
 Intersection 16:45
       Volume     51    148     29     228     40    126      34     200      19     93      32     144      16     90      20      126       698
      Percent   22.4   64.9   12.7           20.0   63.0    17.0            13.2   64.6    22.2            12.7   71.4    15.9
 17:15 Volume     19     42     13      74      4     33       8      45       4     31      12      47       4     26       4         34     200
  Peak Factor                                                                                                                               0.873
    High Int. 17:15                         17:00                          17:15                          17:30
       Volume     19     42     13      74     11     35      12      58       4     31      12      47       6     26      10       42
  Peak Factor                        0.770                         0.862                          0.766                           0.750
