                                                                               Chittenden County MPO
                                                                                        30 Kimball Ave.
                                                                                South Burlington, Vermont 05403
ESSX31 Aggregate Count                                                              http://www.ccmpo.org/                                                                       File Name          : essx31
Kellog Rd and Gauthier Dr/Morse Dr                                                                                                                                              Site Code          : 31
Essex, VT / sunny                                                                                                                                                               Start Date         : 6/12/2008
CB. CD, JW, EP, and JS                                                                                                                                                          Page No            :1


                                                                                    Groups Printed- Cars - Trucks - Bus
                         Gauthier Drive(SWB)                             Kellogg Rd (NWB)                               Morse Dr (NEB)                                Kellogg Rd (SEB)
                              From North                                     From East                                     From South                                    From West
Start Time       Right   Thru     Left Bike/Ped   App. Total   Right   Thru      Left Bike/Ped App. Total   Right     Thru     Left Bike/Ped   App. Total   Right   Thru     Left Bike/Ped   App. Total   Int. Total
    07:00 AM         3      1      16         1          21       14     81        2         2        99        8        0       0         1           9        2    126       1         1        130          259
    07:15 AM         3      1      10         1          15        6     47       13         0        66        3        0       3         1           7        4    176       1         0        181          269
    07:30 AM         0      0        7        0           7       14     67       13         2        96       10        0       1         2          13       10    168       2         1        181          297
    07:45 AM         0      0      14         0          14       26    113       32         0      171        12        1       6         0          19       16    152       2         0        170          374
         Total       6      2      47         2          57       60    308       60         4      432        33        1      10         4          48       32    622       6         2        662         1199

    08:00 AM        4       1       6        0           11      20     83        17        1       121        5         2       2        0            9       6     62         1       3          72          213
    08:15 AM        0       2       9        0           11      15     99        39        0       153        3         1       3        0            7       8     86         3       1          98          269
    08:30 AM        3       0       1        2            6      16     76        12        2       106        7         0       0       20           27      11    100         1       0         112          251
    08:45 AM        1       0      12        0           13      16     59         6        0        81       15         4       4        1           24       4    103         0       0         107          225
         Total      8       3      28        2           41      67    317        74        3       461       30         7       9       21           67      29    351         5       4         389          958

    09:00 AM        0       1      18       18           37      15     64        10        1        90        3         1       4        0            8       3     75        2        2          82          217
    09:15 AM        3       0      15        1           19      18     54        11        1        84       13         2       2        1           18       6     83        4        0          93          214
    09:30 AM        6       1       9        8           24      13     50         3        0        66        6         1       1        3           11       2     84        5        0          91          192
    09:45 AM        4       1      13        0           18      24     58         7        1        90        4         0       2       24           30       0     90        5        1          96          234
         Total     13       3      55       27           98      70    226        31        3       330       26         4       9       28           67      11    332       16        3         362          857

    10:00 AM        3       2      16        1           22      15     67        10        0        92        5         0       2        4           11       2     72        8        0          82          207
    10:15 AM        2       0      22       12           36      15     59         5        1        80        8         0       5        1           14       3     76        3        2          84          214
    10:30 AM        4       0      18        0           22      12     83         7        1       103       11         0       3        0           14       2     84        1        2          89          228
    10:45 AM        3       0      11        2           16      17     47        10        0        74        4         1       0        1            6       1     77        4        3          85          181
         Total     12       2      67       15           96      59    256        32        2       349       28         1      10        6           45       8    309       16        7         340          830

    11:00 AM        3       2      22        1          28       10     73         4        0        87        7         0       3        2           12       2     83        1        2          88          215
    11:15 AM        1       2      10        1          14        9     73        13        0        95        6         1       0       37           44       4     96        4        0         104          257
    11:30 AM        2       1      20       16          39       14     75         4        1        94       14         1       5        3           23       0     83        5        0          88          244
    11:45 AM        6       1      26        0          33       15     66         9        0        90       11         1       1        0           13       2     94        9        0         105          241
         Total     12       6      78       18         114       48    287        30        1       366       38         3       9       42           92       8    356       19        2         385          957

    12:00 PM        4       0      16       42          62       15     96         4        0       115        9         2       3        0           14       4    122        5        2         133          324
    12:15 PM        1       0      10        0          11       18     77        14        0       109       10         0       3        0           13       5    110        5        0         120          253
    12:30 PM        1       0      16        1          18       12    102        13        1       128        8         0       2        0           10       3    115        2        0         120          276
    12:45 PM        3       1      12        0          16       16    101        12        1       130       15         2       2        0           19       1    116        4        1         122          287
         Total      9       1      54       43         107       61    376        43        2       482       42         4      10        0           56      13    463       16        3         495         1140

    01:00 PM        0       2       6        0            8      13     74         9        2        98       20         0       5        0           25       2     92        3        0          97          228
    01:15 PM        1       0      16        1           18      13     87         9        0       109       15         0       0       24           39       2     78        1        0          81          247
    01:30 PM        0       0      13        3           16      15     88        14        2       119        5         1       2        0            8       0     89        3        0          92          235
    01:45 PM        1       0      18        0           19      17     77        16        0       110        6         0       1        0            7       3     99        4        0         106          242
         Total      2       2      53        4           61      58    326        48        4       436       46         1       8       24           79       7    358       11        0         376          952
                                                                                Chittenden County MPO
                                                                                        30 Kimball Ave.
                                                                                South Burlington, Vermont 05403
ESSX31 Aggregate Count                                                              http://www.ccmpo.org/                                                                       File Name          : essx31
Kellog Rd and Gauthier Dr/Morse Dr                                                                                                                                              Site Code          : 31
Essex, VT / sunny                                                                                                                                                               Start Date         : 6/12/2008
CB. CD, JW, EP, and JS                                                                                                                                                          Page No            :2

                                                                                    Groups Printed- Cars - Trucks - Bus
                         Gauthier Drive(SWB)                             Kellogg Rd (NWB)                               Morse Dr (NEB)                                Kellogg Rd (SEB)
                              From North                                     From East                                     From South                                    From West
Start Time       Right   Thru     Left Bike/Ped   App. Total   Right   Thru      Left Bike/Ped App. Total   Right     Thru     Left Bike/Ped   App. Total   Right   Thru     Left Bike/Ped   App. Total   Int. Total
    02:00 PM        10      0      14         0         24        13     90        6         0      109         5        1       2         1           9        0     97       3         0        100          242
    02:15 PM         4      1      16         1         22        15    105        9         0      129         0        0       3         0           3        1     74       2         0         77          231
    02:30 PM         3      0      18         2         23        17     86        8         0      111         3        0       0         0           3        0     88       0         0         88          225
    02:45 PM         3      0      12        23         38        14     98        8         0      120         3        1       2         0           6        1     87       4         0         92          256
         Total      20      1      60        26        107        59    379       31         0      469        11        2       7         1          21        2    346       9         0        357          954

    03:00 PM        2       4      16        0           22      17     114        6        0       137        2         0       3        1            6       2      80        1       0          83          248
    03:15 PM        6       0       7        2           15      22     110        6        1       139       12         0       4        1           17       3     111        2       0         116          287
    03:30 PM        3       1       9        4           17      26     100       17        3       146       18         0       6        3           27       4     136        2       1         143          333
    03:45 PM        6       0       6        0           12      25     111       11        0       147       14         2      11        0           27       7     118       11       2         138          324
         Total     17       5      38        6           66      90     435       40        4       569       46         2      24        5           77      16     445       16       3         480         1192

    04:00 PM        7       0      14        0          21       12     128       13        2       155       12         0       6        1          19        4     111        5       2         122          317
    04:15 PM        2       1       4        0           7       15     132        8        2       157       15         1       7        1          24        2     133        5       0         140          328
    04:30 PM        5       0      38        1          44        7     175       17        0       199       22         0       7        0          29        3     148        5       3         159          431
    04:45 PM        3       1      29        2          35       12     149       20        0       181       23         1       8        1          33        7     146        5       3         161          410
         Total     17       2      85        3         107       46     584       58        4       692       72         2      28        3         105       16     538       20       8         582         1486

    05:00 PM        5       1      24        3           33      10     173       17        2       202       32         1       8        0          41        3     160        8       1         172          448
    05:15 PM       14       0      15        0           29      18     159       20        1       198       26         0      13        2          41        7     149        4       2         162          430
    05:30 PM        1       0      10        0           11      14     137        3        2       156       26         0      13        0          39        0     155        8       1         164          370
    05:45 PM        2       0      10        0           12      25     117        2        1       145       11         0       7        1          19        1     119        8       1         129          305
         Total     22       1      59        3           85      67     586       42        6       701       95         1      41        3         140       11     583       28       5         627         1553

    06:00 PM        6       0      13        0           19       7     107        3        1       118        7         0       1        0            8       1      98        2       0         101          246
    06:15 PM        3       0       8        1           12       6      99        1        0       106        3         0       1        0            4       0      91        3       1          95          217
    06:30 PM        2       0      12        0           14      14      82        1        2        99        3         0       1        0            4       2     100        2       2         106          223
    06:45 PM        5       1      13        2           21       8      77        2        1        88        3         0       2        1            6       0      69        0       1          70          185
         Total     16       1      46        3           66      35     365        7        4       411       16         0       5        1           22       3     358        7       4         372          871

  Grand Total     154      29     670      152        1005      720    4445      496       37      5698      483       28      170      138         819      156    5061      169      41        5427       12949
    Apprch %     15.3     2.9    66.7     15.1                 12.6        78     8.7     0.6                  59     3.4     20.8     16.8                   2.9    93.3      3.1    0.8
      Total %      1.2    0.2      5.2      1.2         7.8      5.6    34.3      3.8     0.3          44     3.7     0.2       1.3      1.1          6.3     1.2    39.1      1.3    0.3         41.9
         Cars     152      27     617      149         945      656    4224      478       22      5380      457       25      153      133          768     146    4840      158      19        5163       12256
      % Cars     98.7    93.1    92.1        98          94    91.1        95   96.4     59.5       94.4    94.6     89.3        90    96.4         93.8    93.6     95.6    93.5    46.3         95.1        94.6
       Trucks        1      2       52        3          58       63     215       16      15        309       21       3        17        5           46       8     215       10     22          255         668
    % Trucks       0.6    6.9      7.8        2         5.8      8.8      4.8     3.2    40.5         5.4     4.3    10.7        10      3.6          5.6     5.1      4.2     5.9   53.7           4.7         5.2
          Bus        1      0        1        0           2        1        6       2       0           9       5       0         0        0            5       2        6       1      0             9          25
       % Bus       0.6      0      0.1        0         0.2      0.1      0.1     0.4       0         0.2       1       0         0        0          0.6     1.3      0.1     0.6      0           0.2         0.2
