                                                                              Chittenden County MPO
                                                                                       30 Kimball Ave.
                                                                               South Burlington, Vermont 05403
ESSX31 Auto/Ped                                                                    http://www.ccmpo.org/                                                                  File Name          : essx31
Kellog Rd and Gauthier Dr/Morse Dr                                                                                                                                        Site Code          : 31
Essex, VT / sunny                                                                                                                                                         Start Date         : 6/12/2008
CB. CD, JW, EP, and JS                                                                                                                                                    Page No            :1


                                                                                         Groups Printed- Cars
                         Gauthier Drive(SWB)                            Kellogg Rd (NWB)                            Morse Dr (NEB)                               Kellogg Rd (SEB)
                              From North                                    From East                                  From South                                   From West
Start Time       Right   Thru     Left   Peds    App. Total   Right   Thru      Left  Peds  App. Total   Right    Thru     Left   Peds    App. Total   Right   Thru     Left   Peds    App. Total   Int. Total
    07:00 AM         2      1      13        1          17       13     76        2       2        93         8      0       0        1           9        2    121       1        0        124          243
    07:15 AM         3      1        9       0          13        6     45       12       0        63         3      0       2        0           5        4    172       1        0        177          258
    07:30 AM         0      0        5       0           5       12     63       13       2        90         9      0       1        1          11        9    162       2        1        174          280
    07:45 AM         0      0      13        0          13       25    111       32       0      168        12       1       6        0          19       16    143       2        0        161          361
         Total       5      2      40        1          48       56    295       59       4      414        32       1       9        2          44       31    598       6        1        636         1142

    08:00 AM        4       1       6       0           11      18     79       17        0       114        5       2       2       0            9       6     58        1       2          67          201
    08:15 AM        0       2       5       0            7      14     94       38        0       146        2       0       2       0            4       8     81        3       0          92          249
    08:30 AM        3       0       1       1            5      16     71       12        1       100        6       0       0      20           26      11     99        1       0         111          242
    08:45 AM        1       0       9       0           10      13     56        6        0        75       14       4       4       1           23       4    100        0       0         104          212
         Total      8       3      21       1           33      61    300       73        1       435       27       6       8      21           62      29    338        5       2         374          904

    09:00 AM        0       1      16      18           35      14     61       10        0        85        3       1       4       0            8       3     68        1       0          72          200
    09:15 AM        3       0      15       1           19      17     49       11        1        78       13       2       2       0           17       6     79        3       0          88          202
    09:30 AM        6       1       8       8           23      11     45        3        0        59        6       1       1       3           11       1     78        5       0          84          177
    09:45 AM        4       1      10       0           15      19     54        7        1        81        4       0       1      24           29       0     83        5       0          88          213
         Total     13       3      49      27           92      61    209       31        2       303       26       4       8      27           65      10    308       14       0         332          792

    10:00 AM        3       1      16       1           21      12     63        8        0        83        2       0       2       4            8       1     68        8       0          77          189
    10:15 AM        2       0      20      12           34      14     57        5        0        76        6       0       2       1            9       1     71        3       0          75          194
    10:30 AM        4       0      15       0           19      11     78        6        1        96        9       0       3       0           12       2     83        1       2          88          215
    10:45 AM        3       0      10       2           15      15     45       10        0        70        4       1       0       1            6       1     68        3       3          75          166
         Total     12       1      61      15           89      52    243       29        1       325       21       1       7       6           35       5    290       15       5         315          764

    11:00 AM        3       2      20       1          26        9     66        4        0        79        5       0       3       2           10       2     76        1       2          81          196
    11:15 AM        1       2       9       1          13        7     67       13        0        87        6       1       0      37           44       4     91        4       0          99          243
    11:30 AM        2       1      18      16          37       12     70        4        1        87       14       1       3       3           21       0     80        5       0          85          230
    11:45 AM        6       1      23       0          30       14     57        8        0        79       11       0       0       0           11       2     89        8       0          99          219
         Total     12       6      70      18         106       42    260       29        1       332       36       2       6      42           86       8    336       18       2         364          888

    12:00 PM        4       0      14      42          60       15     92        4        0       111        8       2       2       0           12       4    116        5       2         127          310
    12:15 PM        1       0       9       0          10       17     72       13        0       102       10       0       3       0           13       5    103        5       0         113          238
    12:30 PM        1       0      15       1          17       11     96       13        1       121        7       0       1       0            8       3    111        2       0         116          262
    12:45 PM        2       0      11       0          13       12     97       11        1       121       14       2       2       0           18       1    110        4       1         116          268
         Total      8       0      49      43         100       55    357       41        2       455       39       4       8       0           51      13    440       16       3         472         1078

    01:00 PM        0       2       4       0            6      11     72        9        1        93       20       0       4       0           24       2     83        3       0          88          211
    01:15 PM        1       0      14       1           16      12     84        9        0       105       13       0       0      24           37       1     72        0       0          73          231
    01:30 PM        0       0      12       3           15      14     81       13        2       110        3       0       1       0            4       0     84        0       0          84          213
    01:45 PM        1       0      16       0           17      16     71       14        0       101        5       0       1       0            6       3     94        4       0         101          225
         Total      2       2      46       4           54      53    308       45        3       409       41       0       6      24           71       6    333        7       0         346          880
                                                                              Chittenden County MPO
                                                                                       30 Kimball Ave.
                                                                               South Burlington, Vermont 05403
ESSX31 Auto/Ped                                                                    http://www.ccmpo.org/                                                                  File Name          : essx31
Kellog Rd and Gauthier Dr/Morse Dr                                                                                                                                        Site Code          : 31
Essex, VT / sunny                                                                                                                                                         Start Date         : 6/12/2008
CB. CD, JW, EP, and JS                                                                                                                                                    Page No            :2

                                                                                         Groups Printed- Cars
                         Gauthier Drive(SWB)                            Kellogg Rd (NWB)                            Morse Dr (NEB)                               Kellogg Rd (SEB)
                              From North                                    From East                                  From South                                   From West
Start Time       Right   Thru     Left   Peds    App. Total   Right   Thru      Left  Peds  App. Total   Right    Thru     Left   Peds    App. Total   Right   Thru     Left   Peds    App. Total   Int. Total
    02:00 PM        10      0      13        0         23        12     82        5       0        99         5      1       1        1           8        0     91       3        0         94          224
    02:15 PM         4      1      14        1         20        14     97        9       0      120          0      0       2        0           2        1     70       2        0         73          215
    02:30 PM         3      0      17        2         22        14     84        7       0      105          2      0       0        0           2        0     80       0        0         80          209
    02:45 PM         3      0      11      23          37        11     95        8       0      114          3      1       2        0           6        1     84       4        0         89          246
         Total      20      1      55      26         102        51    358       29       0      438        10       2       5        1          18        2    325       9        0        336          894

    03:00 PM        2       4      15       0           21      14     106       6        0       126        2       0       3       1            6       2      77       0       0          79          232
    03:15 PM        6       0       7       2           15      20     101       5        1       127       12       0       4       1           17       3     105       2       0         110          269
    03:30 PM        3       1       9       4           17      23      95      17        2       137       18       0       6       3           27       4     130       2       1         137          318
    03:45 PM        6       0       6       0           12      22     106      11        0       139       12       2      10       0           24       6     115      11       0         132          307
         Total     17       5      37       6           65      79     408      39        3       529       44       2      23       5           74      15     427      15       1         458         1126

    04:00 PM        7       0      14       0          21       12     123      12        1       148       12       0       6       1          19        4     109       5       0         118          306
    04:15 PM        2       1       4       0           7       15     127       8        0       150       15       1       7       1          24        2     127       5       0         134          315
    04:30 PM        5       0      37       1          43        7     172      17        0       196       22       0       7       0          29        3     143       5       0         151          419
    04:45 PM        3       1      29       1          34       11     141      18        0       170       22       1       8       1          32        6     140       4       1         151          387
         Total     17       2      84       2         105       45     563      55        1       664       71       2      28       3         104       15     519      19       1         554         1427

    05:00 PM        5       1      24       3           33      10     171      17        1       199       32       1       8       0          41        3     159       8       0         170          443
    05:15 PM       14       0      15       0           29      18     152      20        0       190       26       0      13       1          40        7     147       3       1         158          417
    05:30 PM        1       0      10       0           11      14     133       3        1       151       26       0      13       0          39        0     155       8       1         164          365
    05:45 PM        2       0      10       0           12      25     116       2        1       144       11       0       7       1          19        1     115       8       1         125          300
         Total     22       1      59       3           85      67     572      42        3       684       95       1      41       2         139       11     576      27       3         617         1525

    06:00 PM        6       0      13       0           19       7      99       2        0       108        7       0       0       0            7       0      97       2       0          99          233
    06:15 PM        3       0       8       1           12       6      97       1        0       104        3       0       1       0            4       0      87       3       1          91          211
    06:30 PM        2       0      12       0           14      13      80       1        0        94        2       0       1       0            3       1      97       2       0         100          211
    06:45 PM        5       1      13       2           21       8      75       2        1        86        3       0       2       0            5       0      69       0       0          69          181
         Total     16       1      46       3           66      34     351       6        1       392       15       0       4       0           19       1     350       7       1         359          836

  Grand Total     152      27     617     149         945      656    4224     478       22      5380      457      25     153     133         768      146    4840     158       19       5163       12256
    Apprch %     16.1     2.9    65.3    15.8                 12.2     78.5     8.9     0.4               59.5     3.3    19.9    17.3                   2.8    93.7     3.1     0.4
      Total %      1.2    0.2       5      1.2         7.7      5.4    34.5     3.9     0.2       43.9      3.7    0.2      1.2     1.1         6.3      1.2    39.5     1.3     0.2        42.1
