                                                                     CITY OF McALLEN
                                                                      TRAFFIC OPERATIONS
                                                                        VOLUME COUNTS

 LOCATION                10 tb Street @ Nolana

                                                      th
                                Major Street: 10                                                           Minor Street: Nolana
HOUR
OF          BOUND:          NORTH           BOUND:           SOUTH             Bi-        BOUND           EAST           BOUND:           WEST             Bi-        ALL
DAY
            START           09/25/02        START:           09/25/02     directional START:             09/25/02        START:          09/25/02     directionaldirectional
MILITARY    counter       ADR        6      counter        ADR        0    Hr./totals counter          ADR        4      counter       ADR        3    Hr./totals Hr./totals
  TIME        Thru        Left     Total      Thru         Left     Total   NB+SB       Thru           Left     Total      Thru        Left     Total   EB+WB ALL BN

  00-01          137                 137         105                   105       242          341                 341         234                  234        575        817

  01-02             62                 62            84                 84       146          197                 197         114                  114        311        457

  02-03             46                 46            38                 38           84       246                 246         134                  134        380        464
  03-04             36                 36            35                 35           71           47                47            54                54        101        172

  04-05             22                 22            93                 93       115              50                50            60                60        110        225

  05-06             37                 37        300                   300       337          128                 128         118                  118        246        583

  06-07             95                 95      1,216                 1,216     1,311          350                 350         375                  375        725       2,036

  07-08          370                 370         977                   977     1,347        1,116                1,116      1,243                1,243      2,359       3,706

  08-09          643                 643         974                   974     1,617        1,093                1,093      1,459                1,459      2,552       4,169

  09-10          646                 646       1,103                 1,103     1,749          978                 978       1,228                1,228      2,206       3,955

  10-11          784                 784       1,147                 1,147     1,931        1,007                1,007      1,267                1,267      2,274       4,205

  11-12          972                 972       1,355                 1,355     2,327        1,142                1,142      1,361                1,361      2,503       4,830

  12-13        1,149               1,149       1,294                 1,294     2,443        1,368                1,368      1,514                1,514      2,882       5,325

  13-14        1,186               1,186       1,286                 1,286     2,472        1,261                1,261      1,479                1,479      2,740       5,212

  14-15        1,050               1,050       1,209                 1,209     2,259        1,128                1,128      1,341                1,341      2,469       4,728

  15-16        1,089               1,089       1,240                 1,240     2,329        1,195                1,195      1,530                1,530      2,725       5,054

  16-17        1,074               1,074       1,312                 1,312     2,386        1,286                1,286      1,633                1,633      2,919       5,305

  17-18        1,149               1,149       1,199                 1,199     2,348        1,362                1,362      1,645                1,645      3,007       5,355

  18-19        1,438               1,438       1,153                 1,153     2,591        1,182                1,182      1,447                1,447      2,629       5,220

  19-20        1,474               1,474         822                   822     2,296        1,104                1,104      1,249                1,249      2,353       4,649

  20-21        1,307               1,307         635                   635     1,942          990                 990       1,122                1,122      2,112       4,054

  21-22        1,050               1,050         414                   414     1,464          801                 801         840                  840      1,641       3,105
  22-23          626                 626         242                   242       868          565                 565         603                  603      1,168       2,036
  23-24          332                 332         112                   112       444          363                 363         317                  317        680       1,124

TOTAL        16,774            0 16,774 18,345                  0 18,345                  19,300            0 19,300 22,367                 0 22,367                76,786

                                                                 NB + SB 35,119                                                             EB + WB 41,667
                                                                                                                                                                 10th @ NOLANA1/15/20084:40 PM
