                                                                           CITY OF McALLEN
                                                                                 TRAFFIC SAFETY
                                                                                 VOLUME COUNTS

 LOCATION                 2nd St. & Martin Ave.


                                        2nd St.                                                                             Martin Ave.
HOUR
OF          BOUND:            NORTH              BOUND:          SOUTH                  Bi-         BOUND            EAST              BOUND:           WEST                   Bi-         ALL
DAY         START             09/09/02           START:           09/09/02           directional START:             09/09/02           START:           09/09/02           directional directional
MILITARY    counter        ADR                   counter       ADR                   Hr./totals     counter       ADR                  counter       ADR                   Hr./totals Hr./totals
  TIME        Thru         Left      Total         Thru        Left      Total        NB+SB           Thru        Left     Total         Thru        Left      Total        EB+WB         ALL BN

  00-01              12                  12                6                     6             18             8                    8             6                     6             14          32
  01-02               8                      8             4                     4             12             1                    1             4                     4              5          17
  02-03               5                      5             5                     5             10             8                    8             3                     3             11          21

  03-04               3                      3             2                     2              5             4                    4             1                     1              5          10

  04-05               8                      8             5                     5             13             2                    2             9                     9             11          24

  05-06              35                  35               13                 13                48           21                 21               29                 29                50          98

  06-07             246                246                54                 54               300           66                 66           388                  388              454        754

  07-08             198                198            277                  277                475        173                 173            164                  164              337        812

  08-09             129                129            151                  151                280           87                 87           108                  108              195        475

  09-10             129                129            159                  159                288           76                 76               98                 98             174        462

  10-11             137                137            114                  114                251           89                 89           139                  139              228        479

  11-12             178                178            108                  108                286           98                 98           140                  140              238        524

  12-13             177                177            121                  121                298        126                 126            132                  132              258        556

  13-14             262                262            117                  117                379        131                 131            145                  145              276        655

  14-15             245                245            160                  160                405        124                 124            242                  242              366        771

  15-16             253                253            170                  170                423        117                 117            157                  157              274        697

  16-17             323                323            164                  164                487        174                 174            301                  301              475        962

  17-18             274                274            214                  214                488        140                 140            228                  228              368        856

  18-19             205                205            164                  164                369           90                 90           234                  234              324        693

  19-20             184                184            138                  138                322           79                 79           103                  103              182        504

  20-21             159                159                92                 92               251           58                 58               54                 54             112        363

  21-22              80                  80               64                 64               144           30                 30               55                 55                85      229
  22-23              60                  60               40                 40               100           27                 27               20                 20                47      147
  23-24              29                  29               29                 29                58           38                 38                8                     8             46      104

TOTAL          3339             0     3339          2371            0     2371                         1767            0    1767          2768            0     2768


            TOTAL NB + SB            5710                               TOTAL EB + WB                 4535                 GRAND TOTAL                  10245
                                                                                                                                                                                 2ND @ MARTIN 1/15/20084:39 PM
