                                                                            Chittenden County MPO
                                                                           30 Kimball Ave., Suite 206
Station ID: MILT-12                                                        South Burlington, VT 05403                                                           File Name       :   milt12
Location: US 7 & Bombardier Rd.                                              http://www.ccmpo.org/                                                              Site Code       :   00000012
Town: Milton                                                                                                                                                    Start Date      :   06/12/2003
AUTO Count                                                                                                                                                      Page No         :   1
                                                                                 Groups Printed- Unshifted
                                   US 7                             BOMBARDIER RD.                                     US 7                                      N/A
                                From North                             From East                                    From South                                From West
                                                   App.                                    App.                                        App.                                     App.        Int.
    Start Time   Right   Thru      Left   Peds             Right   Thru    Left   Peds             Right     Thru      Left   Peds             Right   Thru     Left   Peds
                                                   Total                                   Total                                       Total                                    Total     Total
        Factor     1.0   1.0       1.0       1.0            1.0     1.0    1.0     1.0              1.0      1.0       1.0       1.0             1.0    1.0      1.0      1.0
        07:00        0   134         1         0    135       3       0    20        0       23       5       58         0         0     63        0      0        0        0        0     221
        07:15        0   157         0         0    157       1       0    23        0       24     14        81         0         0     95        0      0        0        0        0     276
        07:30        0   163         0         0    163       7       0    16        0       23       7       92         0         0     99        0      0        0        0        0     285
        07:45        0   122         0         0    122       2       0    19        0       21     17        72         0         0     89        0      0        0        0        0     232
         Total       0   576         1         0    577     13        0    78        0       91     43       303         0         0    346        0      0        0        0        0    1014

        08:00       0    105         0        0     105       6      1      17       0       24       5       75         0        0      80       0      0         0       0         0     209
        08:15       0     91         0        0      91       2      0       9       1       12       8       77         0        0      85       0      0         0       0         0     188
        08:30       0    119         0        0     119       3      0      15       0       18       7       61         0        0      68       0      0         0       0         0     205
        08:45       0     93         0        0      93       4      0      12       0       16       8       70         0        0      78       0      0         0       0         0     187
        Total       0    408         0        0     408      15      1      53       1       70      28      283         0        0     311       0      0         0       0         0     789

*** BREAK ***

        16:00       0     73         0        0      73       7      0      19       1       27      22      153         0        0     175       0      0         0       0         0     275
        16:15       0    102         1        0     103       3      0      20       1       24      16      115         0        0     131       0      0         0       0         0     258
        16:30       0    112         0        0     112       6      0      18       0       24      21      151         0        0     172       0      0         0       0         0     308
        16:45       0     89         1        0      90       5      0      13       0       18      31      140         0        0     171       0      0         0       0         0     279
        Total       0    376         2        0     378      21      0      70       2       93      90      559         0        0     649       0      0         0       0         0    1120

        17:00       0     97         0        0      97       5      0      19       0       24      27      145         0        1     173       0      0         0       0         0     294
        17:15       0     74         0        0      74      16      0      21       0       37      39      191         0        0     230       0      0         0       0         0     341
        17:30       0     96         2        0      98       9      0      15       0       24      28      176         0        0     204       0      0         0       0         0     326
        17:45       0     84         2        0      86       6      0      16       0       22      30      148         0        0     178       0      0         0       0         0     286
        Total       0    351         4        0     355      36      0      71       0      107     124      660         0        1     785       0      0         0       0         0    1247

   Grand Total       0   1711        7         0   1718     85        1   272        3      361    285       1805        0         1   2091        0      0        0        0        0    4170
    Apprch %       0.0   99.6      0.4       0.0           23.5     0.3   75.3     0.8             13.6      86.3      0.0       0.0             0.0    0.0      0.0      0.0
      Total %      0.0   41.0      0.2       0.0   41.2     2.0     0.0    6.5     0.1      8.7     6.8      43.3      0.0       0.0   50.1      0.0    0.0      0.0      0.0       0.0
