                                                                               Chittenden County MPO
                                                                                        30 Kimball Ave.
                                                                               South Burlington, Vermont 05403
ID : SOBR-13 ~ AUTO & PED COUNT                                                     http://www.ccmpo.org                                                                 File Name          : sobr13
LOC : US 2 & Kennedy/Airport Dr                                                                                                                                          Site Code          : SOBR-13
TOWN : South Burlington / Sunny & Rainy                                                                                                                                  Start Date         : 6/23/2008
COUNTERS : JS EP CB CD                                                                                                                                                   Page No            :1


                                                                                         Groups Printed- Cars
                            Airport Dr (SB)                              US Route 2 (WB)                           Kennedy Dr (NB)                              US Route 2 (EB)
                              From North                                    From East                                 From South                                   From West
Start Time       Right   Thru     Left    Peds    App. Total   Right   Thru    Left   Peds  App. Total   Right   Thru     Left   Peds    App. Total   Right   Thru     Left   Peds    App. Total   Int. Total
    07:00 AM         3     26       27        0         56         6     68      20       0        94       22     22      21        0         65        35     77       8        0        120          335
    07:15 AM         5     47       31        0         83        21     72      32       0       125       34     21      26        0         81        70     95       8        2        175          464
    07:30 AM         2     52       31        0         85        28     91      47       0       166       30     17      34        0         81        63    107       4        0        174          506
    07:45 AM         3     65       30        1         99        29    100      39       0       168       38     31      25        0         94        74    161       3        0        238          599
         Total      13    190     119         1        323        84    331    138        0       553     124      91     106        0        321      242     440      23        2        707         1904

    08:00 AM        5     37       43        1          86       19    106       45       0       170      51     34       46       0         131       49    104        4       0         157          544
    08:15 AM        5     45       40        0          90       32     94       35       0       161      43     29       42       0         114       55     97        7       0         159          524
    08:30 AM        8     33       27        0          68       31     79       41       1       152      26     27       25       0          78       45    107       11       0         163          461
    08:45 AM       10     27       29        0          66       29     85       35       0       149      36     36       29       0         101       37     93        3       0         133          449
         Total     28    142      139        1         310      111    364      156       1       632     156    126      142       0         424      186    401       25       0         612         1978

    09:00 AM        5     32       38        0          75       16    107       30       0       153      20     23       38       0          81       44     98        9       3         154          463
    09:15 AM        6     23       37        0          66       18     68       27       0       113      30     31       57       2         120       33     98       10       0         141          440
    09:30 AM        4     27       27        0          58       19     78       31       0       128      29     34       44       1         108       31    101       11       1         144          438
    09:45 AM       10     23       36        2          71       25     97       24       0       146      26     30       40       0          96       34    101       12       1         148          461
         Total     25    105      138        2         270       78    350      112       0       540     105    118      179       3         405      142    398       42       5         587         1802

    10:00 AM        5     26       40        1          72       25     99       22       0       146      26     36       40       0         102       26     79       12       0         117          437
    10:15 AM       12     23       37        0          72       36     94       25       0       155      28     34       33       0          95       38    109       10       1         158          480
    10:30 AM       20     33       36        1          90       44    104       28       0       176      25     42       43       0         110       36    101       12       0         149          525
    10:45 AM        9     25       26        0          60       42    109       24       0       175      39     46       54       0         139       45     99       15       0         159          533
         Total     46    107      139        2         294      147    406       99       0       652     118    158      170       0         446      145    388       49       1         583         1975

    11:00 AM       10     23       28        0          61       39    105       38       0       182      40     39       43       1         123       27     84        7       0         118          484
    11:15 AM       23     43       27        0          93       35     93       26       0       154      44     38       45       0         127       43    113       15       0         171          545
    11:30 AM       19     38       29        0          86       29    115       49       0       193      41     36       57       1         135       30     91        9       0         130          544
    11:45 AM        9     23       37        0          69       41    117       30       0       188      49     43       73       0         165       30    105        8       0         143          565
         Total     61    127      121        0         309      144    430      143       0       717     174    156      218       2         550      130    393       39       0         562         2138

    12:00 PM        7     41       35        1          84       44    130       28       0       202      43     52       49       0         144       36    106       13       0         155          585
    12:15 PM       13     49       36        0          98       36    133       57       0       226      39     46       51       0         136       38    107       10       0         155          615
    12:30 PM        3     20       27        0          50       38    138       35       1       212      20     19       34       2          75       40    128        5       0         173          510
    12:45 PM        4     32       21        0          57       35    129       41       0       205      38     53       62       0         153       39    119        5       0         163          578
         Total     27    142      119        1         289      153    530      161       1       845     140    170      196       2         508      153    460       33       0         646         2288

    01:00 PM        8     34       36        0          78       21    127       25       0       173      36     26       40       0         102       57    129        8       0         194          547
    01:15 PM        8     40       38        1          87       30    120       35       0       185      42     41       63       0         146       40    134        6       0         180          598
    01:30 PM        6     33       38        0          77       37     97       25       0       159      31     46       63       0         140       50    135       13       0         198          574
    01:45 PM       19     34       40        0          93       32    111       25       0       168      27     55       46       0         128       41    125       17       2         185          574
         Total     41    141      152        1         335      120    455      110       0       685     136    168      212       0         516      188    523       44       2         757         2293
                                                                               Chittenden County MPO
                                                                                        30 Kimball Ave.
                                                                               South Burlington, Vermont 05403
ID : SOBR-13 ~ AUTO & PED COUNT                                                     http://www.ccmpo.org                                                                 File Name          : sobr13
LOC : US 2 & Kennedy/Airport Dr                                                                                                                                          Site Code          : SOBR-13
TOWN : South Burlington / Sunny & Rainy                                                                                                                                  Start Date         : 6/23/2008
COUNTERS : JS EP CB CD                                                                                                                                                   Page No            :2
                                                                                         Groups Printed- Cars
                            Airport Dr (SB)                              US Route 2 (WB)                           Kennedy Dr (NB)                              US Route 2 (EB)
                              From North                                    From East                                 From South                                   From West
Start Time       Right   Thru     Left    Peds    App. Total   Right   Thru    Left   Peds  App. Total   Right   Thru     Left   Peds    App. Total   Right   Thru     Left   Peds    App. Total   Int. Total
    02:00 PM        21     46       56        0        123        26    110      29       0       165       21     40      60        0        121        29    126      12        0        167          576
    02:15 PM        21     29       33        2         85        29     87      19       0       135       38     32      55        0        125        44    125      19        0        188          533
    02:30 PM        11     44       49        0        104        40    130      25       1       196       26     33      60        0        119        35    117      23        0        175          594
    02:45 PM        13     38       32        0         83        42    110      33       0       185       26     51      45        1        123        36    140      31        0        207          598
         Total      66    157     170         2        395      137     437    106        1       681     111     156     220        1        488      144     508      85        0        737         2301

    03:00 PM       13      22      31        0          66       33     136      28       0       197      35      65      50       1         151       29     109      14       0         152          566
    03:15 PM       14      30      32        0          76       55     111      28       0       194      44      52      61       0         157       30     125      18       0         173          600
    03:30 PM        4      29      45        0          78       50     135      42       0       227      46      68      87       0         201       29     110      17       0         156          662
    03:45 PM       10      39      36        0          85       60     140      42       0       242      46      42      73       1         162       29     118      15       0         162          651
         Total     41     120     144        0         305      198     522     140       0       860     171     227     271       2         671      117     462      64       0         643         2479

    04:00 PM        9      26      48        0          83       48     160      48       0       256      46      82      95       0         223       29     118      14       0         161          723
    04:15 PM        7      43      40        0          90       42     131      49       0       222      49      44      70       0         163       32     124       5       0         161          636
    04:30 PM       18      44      49        0         111       59     137      41       0       237      49      87      84       0         220       23     126      22       0         171          739
    04:45 PM       15      41      35        0          91       38     147      46       2       233      47      59      72       0         178       30      54      12       0          96          598
         Total     49     154     172        0         375      187     575     184       2       948     191     272     321       0         784      114     422      53       0         589         2696

    05:00 PM       17      38      39        0          94       48     158      57       0       263      48      97      85       1         231       38     113      15       0         166          754
    05:15 PM       13      45      38        0          96       59     127      52       0       238      25      78      53       0         156       49     130       3       2         184          674
    05:30 PM       24      58      56        0         138       32     133      39       0       204      24      58      58       0         140       34     108       2       1         145          627
    05:45 PM        7      29      24        0          60       31     117      42       0       190      12      49      55       0         116       41     124       7       0         172          538
         Total     61     170     157        0         388      170     535     190       0       895     109     282     251       1         643      162     475      27       3         667         2593

    06:00 PM        5      25      18        1          49       16     106      44       0       166      30      45      59       2         136       25      97       2       2         126          477
    06:15 PM        7      21      18        0          46       20     105      32       0       157      13      31      34       0          78       29      83       6       0         118          399
    06:30 PM        9      24      30        0          63       16      89      31       0       136      31      26      37       0          94       26     100       3       5         134          427
    06:45 PM       11      16      21        0          48       12      79      13       0       104      20      21      33       0          74       23      86       1       0         110          336
         Total     32      86      87        1         206       64     379     120       0       563      94     123     163       2         382      103     366      12       7         488         1639

  Grand Total     490    1641    1657       11        3799     1593    5314    1659       5      8571    1629    2047    2449       13       6138     1826    5236     496       20       7578       26086
    Apprch %     12.9     43.2    43.6     0.3                  18.6      62    19.4    0.1               26.5    33.3    39.9     0.2                 24.1    69.1     6.5     0.3
      Total %      1.9     6.3     6.4       0         14.6      6.1    20.4     6.4      0      32.9      6.2     7.8     9.4       0        23.5        7    20.1     1.9     0.1        29.1
                                                                             Chittenden County MPO
                                                                                      30 Kimball Ave.
                                                                             South Burlington, Vermont 05403
ID : SOBR-13 ~ AUTO & PED COUNT                                                   http://www.ccmpo.org                                                File Name    : sobr13
LOC : US 2 & Kennedy/Airport Dr                                                                                                                       Site Code    : SOBR-13
TOWN : South Burlington / Sunny & Rainy                                                                                                               Start Date   : 6/23/2008
COUNTERS : JS EP CB CD                                                                                                                                Page No      :3

                                                                                         Airport Dr (SB)
                                                                                     Out       In       Total
                                                                                     4136     3799       7935


                                                                                      490 1641   1657   11
                                                                                    Right Thru   Left Peds




                                                  15831


                                                            496




                                                                                                                Right Thru
                                                   Total




                                                                                                                1593 5314
                                                           Left




                                                                                                                             8522
                                                                                                                             Out
                                                                                                                                US Route 2 (WB)
                                   US Route 2 (EB)




                                                                                             North
                                                             20 1826 5236
                                                           Peds Right Thru
                                         7578
                                          In




                                                                                                                                     8571
                                                                                                                                      In
                                                                                     6/23/2008 07:00 AM




                                                                                                                Left Peds
                                                                                                                1659
                                                                                     6/23/2008 06:45 PM
                                 8253




                                                                                     Cars




                                                                                                                                             17093
                                 Out




                                                                                                                                              Total
                                                                                                                        5
                                                                                    Left Thru Right Peds
                                                                                    2449 2047 1629    13


                                                                                     5126    6138    11264
                                                                                     Out      In      Total
                                                                                        Kennedy Dr (NB)
