                                                                City of High Point
                                                           Department of Transportation
Counted by: Charlotte Johnson &                                Summer Count Program                                    File Name       :   BurtAvWestDr
Shannon Owen                                                      High Point, NC                                       Site Code       :   00000019
Weather: Sunny                                                                                                         Start Date      :   6/14/2005
                                                                                                                       Page No         :   1
                                                              Groups Printed- Cars - Trucks
                      WESTCHESTER DRIVE                  BURTON AVENUE                WESTCHESTER DRIVE                BURTON AVENUE
                          Southbound                       Westbound                      Northbound                     Eastbound
                                           App.                           App.                           App.                           App.       Int.
  Start Time   Left     Thru   Right              Left    Thru Right             Left    Thru Right             Left   Thru   Right
                                          Total                          Total                          Total                          Total      Total
      06:00       4       68       1         73      0       4      1        5      8      48      0       56     10      4       7       21        155
      06:15       5      100       2        107      0       5      0        5      8      64      1       73     15     14       8       37        222
      06:30       6      141      10        157      0       3      2        5      3      94      3      100     20     10      22       52        314
      06:45       2      108       5        115      0      10      1       11     13      84      3      100     18      7      18       43        269
      Total      17      417      18        452      0      22      4       26     32     290      7      329     63     35      55      153        960

      07:00       4       79      14         97      1      8       6       15      8    145      5      158      19     11      15          45     315
      07:15       8      149      11        168      1      4       3        8     19    149      2      170      39      9      20          68     414
      07:30       3      175       3        181      1      8       3       12     17    225      4      246      31     15      28          74     513
      07:45       5      175      11        191      1      3       2        6     14    219      5      238      32     16      32          80     515
      Total      20      578      39        637      4     23      14       41     58    738     16      812     121     51      95         267    1757

      08:00       3      147      11        161      3      5       3       11     16    167     11      194      31     15      17          63     429
      08:15       7      184       9        200      1      6       4       11     13    188      8      209      28     14      21          63     483
      08:30       9      143       7        159      1      7       4       12     13    170      3      186      16     13      18          47     404
      08:45       4      119       6        129      6      2      10       18     11    163      4      178      19      9      19          47     372
      Total      23      593      33        649     11     20      21       52     53    688     26      767      94     51      75         220    1688

      09:00       5      117      16        138      0     10       5       15     11    147      2      160      18     10      13          41     354
      09:15       3      138       9        150      5     11       2       18     16    144      1      161      17     17       7          41     370
      09:30       5      133      10        148      2     12       7       21     15    141      4      160      22      7       8          37     366
      09:45       5      129      10        144      3     13       1       17     16    140      2      158      26     11      11          48     367
      Total      18      517      45        580     10     46      15       71     58    572      9      639      83     45      39         167    1457

      10:00       6      113      12        131      5     12       1       18     20    142      4      166      25     14      12          51     366
      10:15       4      137       8        149      2     10       0       12      7    155      6      168      17      6      10          33     362
      10:30       5      152      13        170      4      7       2       13     10    161      2      173      14      7       8          29     385
      10:45       5      144      15        164      2      4       6       12     10    148      4      162      23      8       7          38     376
      Total      20      546      48        614     13     33       9       55     47    606     16      669      79     35      37         151    1489

      11:00       2      145      11        158      5     12       4       21     14    148      5      167      25      6       9          40     386
      11:15       3      159       7        169      1     15       3       19     12    173      4      189      25      9      16          50     427
      11:30       9      175      19        203      2     13       5       20     17    203      2      222      24      6      10          40     485
      11:45       7      173      13        193      4     15       9       28     26    228      2      256      14     14      19          47     524
      Total      21      652      50        723     12     55      21       88     69    752     13      834      88     35      54         177    1822

      12:00      10      203      24        237      6     23      12       41     13    262      4      279      24     20      12          56     613
      12:15      10      197      27        234      4     17      10       31     11    214      3      228      28     11      18          57     550
      12:30       6      214      24        244      2      6      13       21     24    235      4      263      21     14      27          62     590
      12:45       9      248      13        270      2     12       6       20     19    167      6      192      30     15      19          64     546
      Total      35      862      88        985     14     58      41      113     67    878     17      962     103     60      76         239    2299

      13:00      16      224      25        265      2     12       4       18     18    179      6      203      22     18      10          50     536
      13:15       3      195      13        211      4     12       5       21     15    152      4      171      22     11      22          55     458
      13:30       7      179      13        199      2      8       4       14     20    165      4      189      16     13      13          42     444
      13:45       7      191      14        212      4      5       3       12     19    187      3      209      24      6      19          49     482
      Total      33      789      65        887     12     37      16       65     72    683     17      772      84     48      64         196    1920

      14:00       4      177      27        208      3     13       4       20     14    154      5      173      15      7      19          41     442
      14:15       7      150      18        175      5     19      10       34     16    140      7      163      17     16      13          46     418
      14:30       9      198      22        229      2      7       3       12     19    173      3      195      16     10      14          40     476
      14:45       9      191      16        216      4     21       4       29      8    160      0      168      21     12      13          46     459
      Total      29      716      83        828     14     60      21       95     57    627     15      699      69     45      59         173    1795

      15:00       5      183      27        215      5     19       9       33     25    177      2      204      19     27      14          60     512
      15:15       0      179      18        197      6     19       7       32     10    164      2      176      30     17      19          66     471
      15:30      13      208      23        244      9     16       9       34     22    202      4      228      22     10      25          57     563
      15:45       6      217      18        241      3     12      11       26     24    185      1      210      22     14      19          55     532
      Total      24      787      86        897     23     66      36      125     81    728      9      818      93     68      77         238    2078

      16:00       8      204      17        229      8     17       8       33     23    201      3      227      28     11      11          50     539
      16:15       5      212      28        245      4     15      11       30     16    235      2      253      32     14      13          59     587
      16:30       7      215      25        247      2     15       5       22     25    265      6      296      14     19      23          56     621
      16:45       4      219      28        251      6     25       6       37     18    238      0      256      28     24      26          78     622
      Total      24      850      98        972     20     72      30      122     82    939     11     1032     102     68      73         243    2369

      17:00       9      298      35        342      4     30      10       44     31    273      2      306      25     14      11          50     742
      17:15       1      246      36        283      3     12      15       30     30    228      5      263      34     20      23          77     653
      17:30       3      228      27        258      2     17       2       21     19    230      2      251      27     13       9          49     579
      17:45      13      213      35        261      1     14       3       18     40    215      2      257      23      4      11          38     574
      Total      26      985     133       1144     10     73      30      113    120    946     11     1077     109     51      54         214    2548

 Grand Total    290     8292     786      9368     143    565     258      966    796   8447    167     9410    1088    592     758        2438   22182
    Apprch %    3.1     88.5     8.4              14.8   58.5    26.7             8.5   89.8    1.8             44.6   24.3    31.1
     Total %    1.3     37.4     3.5      42.2     0.6    2.5     1.2      4.4    3.6   38.1    0.8     42.4     4.9    2.7     3.4        11.0
                                                          City of High Point
                                                     Department of Transportation
Counted by: Charlotte Johnson &                          Summer Count Program                         File Name        :   BurtAvWestDr
Shannon Owen                                                High Point, NC                            Site Code        :   00000019
Weather: Sunny                                                                                        Start Date       :   6/14/2005
                                                                                                      Page No          :   2

                                                           WESTCHESTER DRIVE
                                                           Out     In   Total
                                                           9268   8823  18091
                                                            525     545  1070
                                                           9793   9368  19161


                                                               744 7809      270
                                                                42  483       20
                                                               786 8292      290
                                                             Right Thru     Left
                                 4276
                                  309
                                 4585
                                Total




                                                                                                 1049


                                                                                                 Out
                                        1088




                                                                                                  966
                                        1026
                                          62




                                                                                    Right Thru
                    BURTON AVENUE




                                                                                                   BURTON AVENUE
                                        Left




                                                                                                   83
                                                                    North




                                                                                      258

                                                                                      233
                                                                                       25
                          2271

                          2438
                           167




                                                           6/14/2005 6:00:00 AM
                                               592
                                               561
                                                31

                                        Right Thru
                           In




                                                           6/14/2005 5:45:00 PM




                                                                                                         In
                                                                                           565

                                                                                           535


                                                                                                          966

                                                                                                          880
                                                                                            30




                                                                                                           86
                                                           Cars
                                          758
                                          684
                                           74




                                                                                    Left
                   2005

                   2147
                    142




                                                           Trucks




                                                                                     143

                                                                                     112
                   Out




                                                                                                               Total
                                                                                      31



                                                                                                               2015

                                                                                                               1846
                                                                                                                169
                                                             Left Thru Right
                                                              726 8009   135
                                                               70  438    32
                                                              796 8447   167


                                                           8605   8870  17475
                                                            588     540  1128
                                                           9193   9410  18603
                                                           Out     In   Total
                                                           WESTCHESTER DRIVE
                                                           City of High Point
                                                      Department of Transportation
Counted by: Charlotte Johnson &                           Summer Count Program                                          File Name       :   BurtAvWestDr
Shannon Owen                                                 High Point, NC                                             Site Code       :   00000019
Weather: Sunny                                                                                                          Start Date      :   6/14/2005
                                                                                                                        Page No         :   3


                   WESTCHESTER DRIVE                BURTON AVENUE                   WESTCHESTER DRIVE                   BURTON AVENUE
                       Southbound                     Westbound                         Northbound                        Eastbound
                                      App.                           App.                                App.                            App.      Int.
   Start Time   Left   Thru Right            Left   Thru   Right             Left     Thru   Right               Left   Thru   Right
                                     Total                          Total                               Total                           Total     Total
Peak Hour From 06:00 to 09:45 - Peak 1 of 1
 Intersection 07:30
       Volume     18    681     34     733      6     22      12       40      60      799      28        887     122     60      98        280    1940
      Percent    2.5   92.9    4.6           15.0   55.0    30.0              6.8     90.1     3.2               43.6   21.4    35.0
 07:45 Volume      5    175     11     191      1      3       2        6      14      219       5        238      32     16      32         80     515
  Peak Factor                                                                                                                                     0.942
    High Int. 08:15                         07:30                           07:30                               07:45
       Volume      7    184      9     200      1      8       3       12      17      225       4        246      32     16      32       80
  Peak Factor                        0.916                          0.833                               0.901                           0.875

Peak Hour From 10:00 to 13:45 - Peak 1 of 1
 Intersection 12:00
       Volume     35    862     88     985     14     58      41      113      67      878      17        962     103     60      76        239    2299
      Percent    3.6   87.5    8.9           12.4   51.3    36.3              7.0     91.3     1.8               43.1   25.1    31.8
 12:00 Volume     10    203     24     237      6     23      12       41      13      262       4        279      24     20      12         56     613
  Peak Factor                                                                                                                                     0.938
    High Int. 12:45                         12:00                           12:00                               12:45
       Volume      9    248     13     270      6     23      12       41      13      262       4        279      30     15      19       64
  Peak Factor                        0.912                          0.689                               0.862                           0.934

Peak Hour From 14:00 to 17:45 - Peak 1 of 1
 Intersection 16:30
       Volume     21    978    124    1123     15     82      36      133     104     1004      13       1121     101     77      83        261    2638
      Percent    1.9   87.1   11.0           11.3   61.7    27.1              9.3     89.6     1.2               38.7   29.5    31.8
 17:00 Volume      9    298     35     342      4     30      10       44      31      273       2        306      25     14      11         50     742
  Peak Factor                                                                                                                                     0.889
    High Int. 17:00                         17:00                           17:00                               16:45
       Volume      9    298     35     342      4     30      10       44      31      273       2        306      28     24      26       78
  Peak Factor                        0.821                          0.756                               0.916                           0.837
