                                                                  City of High Point
                                                             Department of Transportation
Counted By: Robert Farlow &                                      Summer Count Program                                    File Name        :   CentStLexgAve
Tyler Craver                                                        High Point, NC                                       Site Code        :   00000054
Weather: Clear                                                                                                           Start Date       :   7/19/2005
                                                                                                                         Page No          :   1
                                                                Groups Printed- Cars - Trucks
                      CENTENNIAL STREET                  LEXINGTON AVENUE               CENTENNIAL STREET                LEXINGTON AVENUE
                          Southbound                         Westbound                      Northbound                       Eastbound
                                           App.                             App.                           App.                                App.    Int.
  Start Time   Left     Thru   Right              Left     Thru Right              Left    Thru Right             Left     Thru   Right
                                          Total                            Total                          Total                               Total   Total
      06:00       0       15       3         18      0         9      2       11      4      12      3       19      1       17       3          21      69
      06:15       4       22       5         31      4        17      0       21      3      18      2       23      6       17       6          29     104
      06:30       2       32      11         45      3        22      2       27      1      18      6       25      7       42       9          58     155
      06:45       3       42       5         50      9        28      2       39      6      21      5       32      5       34      14          53     174
      Total       9      111      24        144     16        76      6       98     14      69     16       99     19      110      32         161     502

      07:00       6       33       9         48      6       34      4       44       3     20      4       27       7       40       9          56     175
      07:15       1       37       6         44      8       42      3       53       2     36      2       40      14       44      12          70     207
      07:30       7       43      13         63      5       51      5       61      10     34      6       50      14       51       8          73     247
      07:45       9       97      21        127      9       65      5       79       2     23      8       33      11       43      11          65     304
      Total      23      210      49        282     28      192     17      237      17    113     20      150      46      178      40         264     933

      08:00       4       70      13         87      5       59      5       69       5     35      9       49      10       58      14          82     287
      08:15       2       56      17         75      9       51      4       64      10     34      6       50      18       54       9          81     270
      08:30       4       54      10         68      9       66      5       80       8     28     14       50      19       44      12          75     273
      08:45       6       75      12         93     15       61      6       82       5     34      7       46       8       54       5          67     288
      Total      16      255      52        323     38      237     20      295      28    131     36      195      55      210      40         305    1118

      09:00       4       48      12         64      7       52      6       65       8     42      8       58      15       52       6          73     260
      09:15      11       40      23         74     12       49      7       68       2     38     13       53      12       55       8          75     270
      09:30       5       44      16         65      8       56      1       65       8     39      9       56       9       53       8          70     256
      09:45       4       50      15         69     19       57      7       83      12     56     11       79      13       63       9          85     316
      Total      24      182      66        272     46      214     21      281      30    175     41      246      49      223      31         303    1102

      10:00       6       43       7         56     11       62      7       80      12     39      7       58      20       42      10          72     266
      10:15       6       40       6         52     11       46      6       63      13     32     16       61      15       60      12          87     263
      10:30       5       43      12         60     11       52      7       70       8     51      8       67      18       66       3          87     284
      10:45      10       59      12         81     15       62      4       81      11     61     20       92      19       62      10          91     345
      Total      27      185      37        249     48      222     24      294      44    183     51      278      72      230      35         337    1158

      11:00       4       42       7         53     16       63     16       95      10     65      7       82      19       47       6          72     302
      11:15      13       39       8         60      8       75     12       95      10     52     14       76      22       59       6          87     318
      11:30      12       34      11         57      9       55      9       73       5     52     10       67      17       68      13          98     295
      11:45       4       40      12         56     18       81      3      102       9     80     17      106      14       83       7         104     368
      Total      33      155      38        226     51      274     40      365      34    249     48      331      72      257      32         361    1283

      12:00       7       42      16         65     16       77      7      100      14     62     15       91      14       68      12          94     350
      12:15       4       44      15         63     14       74     16      104      11     64     12       87      20       75       9         104     358
      12:30      13       41      22         76     15       70     15      100      12     59     14       85      15       64      13          92     353
      12:45       9       53      11         73     17       70      4       91      10     54     13       77      17       72       8          97     338
      Total      33      180      64        277     62      291     42      395      47    239     54      340      66      279      42         387    1399

      13:00       9       55      14         78     11       74     10       95      13     53     10       76      26       69      11         106     355
      13:15      12       64      15         91     13       59     12       84      15     68      7       90      17       66      14          97     362
      13:30      10       61      13         84     14       57     13       84       9     59     13       81      19       67       7          93     342
      13:45       8       47      18         73     15       64     10       89       6     41     13       60      20       82       7         109     331
      Total      39      227      60        326     53      254     45      352      43    221     43      307      82      284      39         405    1390

      14:00      10       72      27        109      3       87     12      102       8     59      8       75      12       72      11          95     381
      14:15      14       48      23         85     10       62      9       81      10     69     14       93      16       61      10          87     346
      14:30      11       64       8         83     14       66      8       88      10     41     12       63      19       65       8          92     326
      14:45       9       54       8         71     12       71      9       92      10     63     10       83       7       63      14          84     330
      Total      44      238      66        348     39      286     38      363      38    232     44      314      54      261      43         358    1383

      15:00      11       55      12         78     12       58     12       82      11     57     14       82      22       68      16         106     348
      15:15       5       37      13         55     19       73     11      103      11     51     20       82      12       79       8          99     339
      15:30       7       35       8         50      9       69     16       94      12     75     23      110      18       84      11         113     367
      15:45      10       71      19        100     21       84      9      114       6     77     14       97      21       58       7          86     397
      Total      33      198      52        283     61      284     48      393      40    260     71      371      73      289      42         404    1451

      16:00      11       48      13         72     20       70      8       98      17     73     17      107      19       77       7         103     380
      16:15       8       45      19         72     18       83     15      116      12     82     19      113      21       72      10         103     404
      16:30      12       50      13         75     12       83     16      111      13     75     19      107      19       89      10         118     411
      16:45       5       50      17         72     24       79     18      121      18     78     14      110      28       89      14         131     434
      Total      36      193      62        291     74      315     57      446      60    308     69      437      87      327      41         455    1629

      17:00      12       55      23         90      6       83     14      103      19    137     20      176      31       77      15         123     492
      17:15      18       51      19         88     22       86     12      120      22     93     13      128      37       97      17         151     487
      17:30      17       41      18         76     16       93     13      122      10     91     16      117      28       89      13         130     445
      17:45      13       57      17         87     20       83     12      115       6     75     17       98      21       73      16         110     410
      Total      60      204      77        341     64      345     51      460      57    396     66      519     117      336      61         514    1834

 Grand Total    377     2338     647      3362     580     2990    409     3979     452   2576    559     3587     792     2984     478        4254   15182
    Apprch %   11.2     69.5    19.2              14.6     75.1   10.3             12.6   71.8   15.6             18.6     70.1    11.2
     Total %    2.5     15.4     4.3      22.1     3.8     19.7    2.7     26.2     3.0   17.0    3.7     23.6     5.2     19.7     3.1        28.0
                                                            City of High Point
                                                       Department of Transportation
Counted By: Robert Farlow &                                Summer Count Program                       File Name           :   CentStLexgAve
Tyler Craver                                                  High Point, NC                          Site Code           :   00000054
Weather: Clear                                                                                        Start Date          :   7/19/2005
                                                                                                      Page No             :   2

                                                             CENTENNIAL STREET
                                                             Out     In    Total
                                                             3638   3238    6876
                                                              139     124    263
                                                             3777   3362    7139


                                                                 626 2244      368
                                                                  21    94         9
                                                                 647 2338      377
                                                               Right Thru     Left
                                   8051
                                    292
                                   8343
                                  Total




                                                                                                    3920

                                                                                                    3795
                                                                                                    Out
                    LEXINGTON AVENUE




                                                                                                    LEXINGTON AVENUE
                                           792




                                                                                                     125
                                           778
                                            14




                                                                                       Right Thru
                                          Left




                                                                      North




                                                                                         409 2990

                                                                                         388 2879
                                                                                          21
                            4110

                            4254
                             144




                                                             7/19/2005 6:00:00 AM
                                            478 2984
                                            449 2883
                                                 101

                                          Right Thru
                             In




                                                                                                           3979

                                                                                                           3834
                                                             7/19/2005 5:45:00 PM




                                                                                                            In
                                                                                              111




                                                                                                             145
                                                             Cars
                                             29




                                                                                       Left
                     3941

                     4089
                      148




                                                             Trucks




                                                                                        580

                                                                                        567
                     Out




                                                                                                                  Total
                                                                                         13



                                                                                                                  7899

                                                                                                                  7629
                                                                                                                   270
                                                               Left Thru Right
                                                                436 2472   544
                                                                 16  104    15
                                                                452 2576   559


                                                             3260   3452    6712
                                                              136     135    271
                                                             3396   3587    6983
                                                             Out     In    Total
                                                             CENTENNIAL STREET
                                                            City of High Point
                                                       Department of Transportation
Counted By: Robert Farlow &                                Summer Count Program                                            File Name        :   CentStLexgAve
Tyler Craver                                                  High Point, NC                                               Site Code        :   00000054
Weather: Clear                                                                                                             Start Date       :   7/19/2005
                                                                                                                           Page No          :   3


                   CENTENNIAL STREET                LEXINGTON AVENUE                   CENTENNIAL STREET                   LEXINGTON AVENUE
                       Southbound                       Westbound                          Northbound                          Eastbound
                                      App.                              App.                                App.                                 App.    Int.
   Start Time   Left   Thru Right            Left     Thru   Right              Left     Thru   Right               Left     Thru   Right
                                     Total                             Total                               Total                                Total   Total
Peak Hour From 06:00 to 09:45 - Peak 1 of 1
 Intersection 07:45
       Volume     19    277     61     357     32      241      19       292      25      120      37        182      58      199      46         303    1134
      Percent    5.3   77.6   17.1           11.0     82.5     6.5              13.7     65.9    20.3               19.1     65.7    15.2
 07:45 Volume      9     97     21     127      9       65       5        79       2       23       8         33      11       43      11          65     304
  Peak Factor                                                                                                                                           0.933
    High Int. 07:45                         08:30                              08:15                               08:00
       Volume      9     97     21     127      9       66       5        80      10       34       6         50      10       58      14          82
  Peak Factor                        0.703                             0.913                               0.910                                0.924

Peak Hour From 10:00 to 13:45 - Peak 1 of 1
 Intersection 11:45
       Volume     28    167     65     260     63      302      41       406      46      265      58        369      63      290      41         394    1429
      Percent   10.8   64.2   25.0           15.5     74.4    10.1              12.5     71.8    15.7               16.0     73.6    10.4
 11:45 Volume      4     40     12      56     18       81       3       102       9       80      17        106      14       83       7         104     368
  Peak Factor                                                                                                                                           0.971
    High Int. 12:30                         12:15                              11:45                               11:45
       Volume     13     41     22      76     14       74      16       104       9       80      17        106      14       83       7         104
  Peak Factor                        0.855                             0.976                               0.870                                0.947

Peak Hour From 14:00 to 17:45 - Peak 1 of 1
 Intersection 16:45
       Volume     52    197     77     326     68      341      57       466      69      399      63        531     124      352      59         535    1858
      Percent   16.0   60.4   23.6           14.6     73.2    12.2              13.0     75.1    11.9               23.2     65.8    11.0
 17:00 Volume     12     55     23      90      6       83      14       103      19      137      20        176      31       77      15         123     492
  Peak Factor                                                                                                                                           0.944
    High Int. 17:00                         17:30                              17:00                               17:15
       Volume     12     55     23      90     16       93      13       122      19      137      20        176      37       97      17         151
  Peak Factor                        0.906                             0.955                               0.754                                0.886
