                                                           City of High Point
                                                      Department of Transportation
Counted By: Charlotte Johnson &                           Summer Count Program                                    File Name      :   CollDrKvttDr
Steven Madden                                                High Point, NC                                       Site Code      :   00000069
Weather: Clear                                                                                                    Start Date     :   8/2/2005
                                                                                                                  Page No        :   1
                                                          Groups Printed- Cars - Trucks
                      COLLEGE DRIVE                  KIVETT DRIVE                  COLLEGE DRIVE                  KIVETT DRIVE
                        Southbound                     Westbound                     Northbound                     Eastbound
                                       App.                           App.                          App.                          App.       Int.
  Start Time   Left   Thru   Right            Left   Thru Right              Left   Thru Right             Left   Thru   Right
                                      Total                          Total                         Total                         Total      Total
      06:00       8     33       0       41      3      18      4       25      1     11     11       23      0     11       0      11        100
      06:15       9     46       2       57     10      18      7       35      0     30     10       40      0     18       0      18        150
      06:30      12     76       9       97     15      41      2       58      2     16      8       26      1     24       2      27        208
      06:45      17     73       8       98     19      49     12       80      1     34      9       44      0     34       3      37        259
      Total      46    228      19      293     47    126      25      198      4     91     38      133      1     87       5      93        717

      07:00      10     36       7       53     14     55     12       81      1     42     12        55      2     30       0         32     221
      07:15      11     44       6       61     12     45      9       66      4     35      6        45      2     27       0         29     201
      07:30      26     52      11       89     20     74     16      110      0     50     12        62      1     37       3         41     302
      07:45      17     61      18       96     20    124     25      169      2     65     11        78      1     39       0         40     383
      Total      64    193      42      299     66    298     62      426      7    192     41       240      6    133       3        142    1107

      08:00      15     81      13      109     19     77     29      125      1     63     16        80      1     41       2         44     358
      08:15      18     49      11       78      7     84     21      112      3     71     11        85      1     48       8         57     332
      08:30      17     48       6       71     17     93     17      127      4     65      9        78      6     33       2         41     317
      08:45      18     54       5       77     16     68     14       98      4     55     12        71      1     39       3         43     289
      Total      68    232      35      335     59    322     81      462     12    254     48       314      9    161      15        185    1296

      09:00      18     44       3       65     12     70     18      100      5     43     11        59      0     46       2         48     272
      09:15      13     53       7       73     12     68     23      103      4     56     13        73      4     47       1         52     301
      09:30      12     49       3       64     16     50     20       86      2     64     14        80      0     39       1         40     270
      09:45      20     69       7       96     16     50     29       95      4     53     12        69      1     41       4         46     306
      Total      63    215      20      298     56    238     90      384     15    216     50       281      5    173       8        186    1149

      10:00      12     56       6       74     19     55     16       90      4     72      9        85      7     39       9         55     304
      10:15      18     40       8       66     11     53     27       91      2     78     11        91      4     50       3         57     305
      10:30      19     52       5       76     16     52     26       94      3     38     18        59      8     37       1         46     275
      10:45      18     58       7       83     13     59     13       85      2     65     19        86      8     48       3         59     313
      Total      67    206      26      299     59    219     82      360     11    253     57       321     27    174      16        217    1197

      11:00      13     66      11       90     12     66     22      100      2     66     16        84      2     45       4         51     325
      11:15      20     59       8       87      6     40     14       60      4     66     17        87      6     33       1         40     274
      11:30      19     60       3       82     11     45     15       71      6     65     12        83      4     44       5         53     289
      11:45      16     62       8       86      6     55     27       88      4     57     18        79      5     43       1         49     302
      Total      68    247      30      345     35    206     78      319     16    254     63       333     17    165      11        193    1190

      12:00      25     58       7       90     11     57     25       93      5     87     16       108      6     55       5         66     357
      12:15      23     69       6       98      6     71     21       98      3     63     15        81      5     47       5         57     334
      12:30      26     68       4       98     15     50     31       96      4     64     13        81      7     63       5         75     350
      12:45      28     78       7      113     22     55     21       98      5     73     13        91      4     62       3         69     371
      Total     102    273      24      399     54    233     98      385     17    287     57       361     22    227      18        267    1412

      13:00      28     80       8      116     17     59     21       97      3     61     19        83      5     70       4         79     375
      13:15      31     60       7       98      9     56     17       82      6     74     14        94      2     50       8         60     334
      13:30      19     80       9      108     16     57     18       91      5     68     18        91      3     72      13         88     378
      13:45      28     63       8       99     17     68     16      101      2     73     11        86      5     55       4         64     350
      Total     106    283      32      421     59    240     72      371     16    276     62       354     15    247      29        291    1437

      14:00      27     68       9      104     12     61     17       90      2     64     27        93      6     50       7         63     350
      14:15      25     74       6      105     17     57     14       88      1     78     17        96      5     45       5         55     344
      14:30      13     58       6       77     17     75     22      114      8     61     21        90      3     71       5         79     360
      14:45      33     74       6      113     20     62     23      105      4     62     11        77      1     76       5         82     377
      Total      98    274      27      399     66    255     76      397     15    265     76       356     15    242      22        279    1431

      15:00      31     83       9      123     18     62     20      100      6     85     23       114      4     62       2         68     405
      15:15      16     88       8      112     11     53     32       96      8     70     24       102      1     63       5         69     379
      15:30      24     81       4      109     21     67     22      110      6     87      9       102      5     68       4         77     398
      15:45      32     74      10      116     25     73     32      130      6     90     32       128      5     84      12        101     475
      Total     103    326      31      460     75    255    106      436     26    332     88       446     15    277      23        315    1657

      16:00      34     73       6      113     15     65     34      114      5     76     25       106      1     68       9         78     411
      16:15      42     81      10      133     18     48     30       96      3     94     25       122      8     67       7         82     433
      16:30      23     86       9      118     18     60     27      105      4    116     32       152     13     89       4        106     481
      16:45      34     97       9      140     17     54     26       97      6    106     21       133      6    110       6        122     492
      Total     133    337      34      504     68    227    117      412     18    392    103       513     28    334      26        388    1817

      17:00      45    124       8      177     20     77     40      137      9    114     37       160     17    132      12        161     635
      17:15      40    102      10      152     18     91     42      151      4    125     22       151      5     97       6        108     562
      17:30      38    103       8      149     23     72     32      127      1    115     23       139     10    111       3        124     539
      17:45      42    118       6      166     22     69     34      125      2    102     18       122      3     62       2         67     480
      Total     165    447      32      644     83    309    148      540     16    456    100       572     35    402      23        460    2216

 Grand Total   1083   3261     352    4696     727   2928   1035     4690    173   3268    783      4224    195   2622     199       3016   16626
    Apprch %   23.1   69.4     7.5            15.5   62.4   22.1             4.1   77.4   18.5              6.5   86.9     6.6
     Total %    6.5   19.6     2.1    28.2     4.4   17.6    6.2     28.2    1.0   19.7    4.7      25.4    1.2   15.8     1.2       18.1
                                                            City of High Point
                                                       Department of Transportation
Counted By: Charlotte Johnson &                            Summer Count Program                         File Name          :   CollDrKvttDr
Steven Madden                                                 High Point, NC                            Site Code          :   00000069
Weather: Clear                                                                                          Start Date         :   8/2/2005
                                                                                                        Page No            :   2

                                                               COLLEGE DRIVE
                                                             Out     In    Total
                                                             4326   4504    8830
                                                              172     192    364
                                                             4498   4696    9194


                                                                 345 3119      1040
                                                                   7  142        43
                                                                 352 3261      1083
                                                               Right Thru      Left
                                  6204
                                   265
                                  6469
                                  Total




                                                                                                   4488

                                                                                                   4272
                                                                                                   Out
                                           195




                                                                                                    216
                                              3
                                           192




                                                                                      Right Thru
                                                                                      1035 2928
                                          Left




                                                                       North




                                                                                        989 2805
                     KIVETT DRIVE




                                                                                                       KIVETT DRIVE
                                                                                         46
                          2883

                          3016
                            133




                                                             8/2/2005 6:00:00 AM
                                            199 2622
                                            193 2498
                                                 124

                                          Right Thru
                           In




                                                                                                            4690

                                                                                                            4486
                                                             8/2/2005 5:45:00 PM




                                                                                                             In
                                                                                             123




                                                                                                              204
                                                              Cars
                                              6




                                                                                      Left
                   3321

                   3453
                    132




                                                              Trucks




                                                                                       727

                                                                                       692
                   Out




                                                                                                                   Total
                                                                                        35



                                                                                                                    9178

                                                                                                                    8758
                                                                                                                     420
                                                               Left   Thru Right
                                                                171 3145     734
                                                                    2  123    49
                                                                173 3268     783


                                                             4004   4050    8054
                                                              183     174    357
                                                             4187   4224    8411
                                                             Out     In    Total
                                                               COLLEGE DRIVE
                                                          City of High Point
                                                     Department of Transportation
Counted By: Charlotte Johnson &                          Summer Count Program                                      File Name      :   CollDrKvttDr
Steven Madden                                               High Point, NC                                         Site Code      :   00000069
Weather: Clear                                                                                                     Start Date     :   8/2/2005
                                                                                                                   Page No        :   3


                     COLLEGE DRIVE                  KIVETT DRIVE                   COLLEGE DRIVE                   KIVETT DRIVE
                       Southbound                     Westbound                      Northbound                      Eastbound
                                      App.                          App.                            App.                           App.      Int.
   Start Time   Left   Thru Right            Left   Thru   Right            Left   Thru   Right             Left   Thru   Right
                                     Total                         Total                           Total                          Total     Total
Peak Hour From 06:00 to 09:45 - Peak 1 of 1
 Intersection 07:45
       Volume     67    239     48     354     63    378      92     533      10    264      47      321       9    161      12       182    1390
      Percent   18.9   67.5   13.6           11.8   70.9    17.3             3.1   82.2    14.6              4.9   88.5     6.6
 07:45 Volume     17     61     18      96     20    124      25     169       2     65      11       78       1     39       0        40     383
  Peak Factor                                                                                                                               0.907
    High Int. 08:00                         07:45                          08:15                           08:15
       Volume     15     81     13     109     20    124      25     169       3     71      11       85       1     48       8      57
  Peak Factor                        0.812                         0.788                           0.944                          0.798

Peak Hour From 10:00 to 13:45 - Peak 1 of 1
 Intersection 12:45
       Volume    106    298     31     435     64    227      77     368      19    276      64      359      14    254      28       296    1458
      Percent   24.4   68.5    7.1           17.4   61.7    20.9             5.3   76.9    17.8              4.7   85.8     9.5
 13:30 Volume     19     80      9     108     16     57      18      91       5     68      18       91       3     72      13        88     378
  Peak Factor                                                                                                                               0.964
    High Int. 13:00                         12:45                          13:15                           13:30
       Volume     28     80      8     116     22     55      21      98       6     74      14       94       3     72      13      88
  Peak Factor                        0.938                         0.939                           0.955                          0.841

Peak Hour From 14:00 to 17:45 - Peak 1 of 1
 Intersection 16:45
       Volume    157    426     35     618     78    294     140     512      20    460     103      583      38    450      27       515    2228
      Percent   25.4   68.9    5.7           15.2   57.4    27.3             3.4   78.9    17.7              7.4   87.4     5.2
 17:00 Volume     45    124      8     177     20     77      40     137       9    114      37      160      17    132      12       161     635
  Peak Factor                                                                                                                               0.877
    High Int. 17:00                         17:15                          17:00                           17:00
       Volume     45    124      8     177     18     91      42     151       9    114      37      160      17    132      12     161
  Peak Factor                        0.873                         0.848                           0.911                          0.800
