                                                                City of High Point
                                                           Department of Transportation
Counted by: Charlotte Johnson &                                Summer Count Program                                    File Name       :   EastDrPremDr
Shannon Owen                                                      High Point, NC                                       Site Code       :   00000024
Weather: Sunny                                                                                                         Start Date      :   6/16/2005
                                                                                                                       Page No         :   1
                                                              Groups Printed- Cars - Trucks
                      EASTCHESTER DRIVE                  PREMIER DRIVE                EASTCHESTER DRIVE                PREMIER DRIVE
                          Southbound                       Westbound                      Northbound                     Eastbound
                                           App.                           App.                           App.                           App.      Int.
  Start Time   Left     Thru   Right              Left    Thru Right             Left    Thru Right             Left   Thru   Right
                                          Total                          Total                          Total                          Total     Total
      07:00      24      158       5        187     10       0     18       28      2     296     21      319      0      1       1        2       536
      07:15      38      177       1        216     11       1     31       43      2     402     33      437      0      0       2        2       698
      07:30      41      195       2        238     10       2     36       48      2     521     44      567      1      0       0        1       854
      07:45      53      172       2        227      9       0     49       58      1     566     68      635      0      0       1        1       921
      Total     156      702      10        868     40       3    134      177      7    1785    166     1958      1      1       4        6      3009

      08:00      44      221       3        268      4      0      43       47      2     403     43     448       1      0       0          1     764
      08:15      43      226       1        270     13      1      31       45      1     371     49     421       1      0       0          1     737
      08:30      41      227       0        268      5      3      18       26      3     283     36     322       1      0       0          1     617
      08:45      22      202       0        224     13      0      22       35      0     297     26     323       0      1       2          3     585
      Total     150      876       4       1030     35      4     114      153      6    1354    154    1514       3      1       2          6    2703

      09:00      15      168       1        184      8      0      14       22      2     213     37     252       0      0       2          2     460
      09:15      28      145       0        173     18      1       7       26      3     208     16     227       0      2       0          2     428
      09:30      23      176       0        199     17      0      24       41      2     186     16     204       1      0       0          1     445
      09:45      31      153       1        185      7      0      15       22      7     238     12     257       0      1       1          2     466
      Total      97      642       2        741     50      1      60      111     14     845     81     940       1      3       3          7    1799

      10:00      30      174       0        204     12      0      18       30      1     172     12     185       0      0       0          0     419
      10:15      19      129       0        148     13      0      17       30      1     197      8     206       0      0       0          0     384
      10:30      19      188       0        207     14      0      23       37      2     170     20     192       0      0       2          2     438
      10:45      25      219       0        244     10      0      17       27      2     198     15     215       0      1       0          1     487
      Total      93      710       0        803     49      0      75      124      6     737     55     798       0      1       2          3    1728

      11:00      31      206       0        237     12      0      11       23      7     216     16     239       0      0       1          1     500
      11:15      30      228       2        260     24      0      17       41      3     220     18     241       2      4       1          7     549
      11:30      31      313       1        345     35      0      33       68      2     227     22     251       1      1       3          5     669
      11:45      65      410       1        476     35      0      29       64      1     264     28     293       3      1       5          9     842
      Total     157     1157       4       1318    106      0      90      196     13     927     84    1024       6      6      10         22    2560

      12:00      45      440       1        486     34      1      23       58      5     280     37     322       0      0       3          3     869
      12:15      44      322       0        366     44      0      35       79      6     342     33     381       0      0       0          0     826
      12:30      64      362       4        430     30      0      32       62      9     359     42     410       0      0       0          0     902
      12:45      48      330       1        379     25      0      37       62      2     414     50     466       3      0       7         10     917
      Total     201     1454       6       1661    133      1     127      261     22    1395    162    1579       3      0      10         13    3514

      13:00      34      331       0        365     32      1      34       67      5     385     59     449       4      0       0          4     885
      13:15      42      296       2        340     24      1      28       53      4     313     93     410       1      1       1          3     806
      13:30      41      263       2        306     21      0      35       56      4     342     37     383       0      1       2          3     748
      13:45      34      272       1        307     26      1      38       65      0     276     42     318       2      0       0          2     692
      Total     151     1162       5       1318    103      3     135      241     13    1316    231    1560       7      2       3         12    3131

      14:00      26      258       1        285     30      0      29       59      1     289     24     314       4      0       1          5     663
      14:15      26      222       0        248     26      1      24       51      3     290     25     318       1      0       1          2     619
      14:30      14      265       0        279     24      1      30       55      7     269     18     294       0      0       1          1     629
      14:45      36      226       1        263     18      0      25       43      4     222     11     237       1      2       1          4     547
      Total     102      971       2       1075     98      2     108      208     15    1070     78    1163       6      2       4         12    2458

      15:00      24      253       2        279     32      0      28       60      0     215     22     237       0      0       0          0     576
      15:15      31      219       0        250     15      0      11       26      4     227     23     254       1      1       2          4     534
      15:30      25      307       2        334     30      2      27       59      1     226     24     251       0      1       2          3     647
      15:45      27      311       0        338     19      0      23       42      2     244     17     263       8      0       1          9     652
      Total     107     1090       4       1201     96      2      89      187      7     912     86    1005       9      2       5         16    2409

      16:00      27      319       0        346     27      1      24       52      3     223     13     239       0      0       0          0     637
      16:15      31      336       1        368     32      0      32       64      2     227      9     238       3      1       1          5     675
      16:30      45      454       3        502     27      0      28       55      3     219     14     236       2      2       1          5     798
      16:45      48      457       0        505     33      0      17       50      3     267     11     281       2      0       1          3     839
      Total     151     1566       4       1721    119      1     101      221     11     936     47     994       7      3       3         13    2949

      17:00      32      540       0        572     97      1      36      134      1     328     15     344       1      0       1          2    1052
      17:15      46      497       2        545     61      0      45      106      1     358      9     368       5      1       4         10    1029
      17:30      28      525       0        553     23      1      38       62     40     276     16     332       0      0       0          0     947
      17:45      33      341       0        374     24      1      47       72      1     258     13     272       6      0       2          8     726
      Total     139     1903       2       2044    205      3     166      374     43    1220     53    1316      12      1       7         20    3754

      18:00      27      382       0        409     15      0      28       43      1     213      8     222       0      2       0          2     676
      18:15      27      276       0        303     12      1      32       45      2     215     15     232       2      0       0          2     582
      18:30      28      298       0        326     14      0      42       56      0     206     14     220       0      0       2          2     604
      18:45      25      245       0        270      9      2      15       26      3     180      5     188       0      0       0          0     484
      Total     107     1201       0       1308     50      3     117      170      6     814     42     862       2      2       2          6    2346

 Grand Total   1611    13434      43      15088   1084     23    1316     2423    163   13311   1239   14713      57     24      55        136   32360
    Apprch %   10.7     89.0     0.3              44.7    0.9    54.3             1.1    90.5    8.4            41.9   17.6    40.4
     Total %    5.0     41.5     0.1       46.6    3.3    0.1     4.1      7.5    0.5    41.1    3.8    45.5     0.2    0.1     0.2        0.4
                                                            City of High Point
                                                       Department of Transportation
Counted by: Charlotte Johnson &                            Summer Count Program                          File Name        :   EastDrPremDr
Shannon Owen                                                  High Point, NC                             Site Code        :   00000024
Weather: Sunny                                                                                           Start Date       :   6/16/2005
                                                                                                         Page No          :   2

                                                              EASTCHESTER DRIVE
                                                              Out     In    Total
                                                             13737  14131  27868
                                                               947     957   1904
                                                             14684  15088  29772


                                                                  31 12589    1511
                                                                  12   845     100
                                                                  43 13434    1611
                                                               Right Thru     Left
                                  300
                                    65
                                  365
                                 Total




                                                                                                    2874

                                                                                                    2707
                                                                                                    Out
                                           57




                                                                                                     167
                                           41
                                           16




                                                                                      Right Thru
                                                                                      1316

                                                                                      1210
                                         Left
                    PREMIER DRIVE




                                                                                                      PREMIER DRIVE
                                                                      North




                                                                                        106
                            99
                            37
                           136




                                                             6/16/2005 7:00:00 AM
                                                 24
                                                 17
                                                   7

                                         Right Thru
                          In




                                                                                                           2423

                                                                                                           2270
                                                             6/16/2005 6:45:00 PM




                                                                                                            In
                                                                                                             153
                                                                                              23

                                                                                              19
                                                                                                4
                                                             Cars
                                            55
                                            41
                                            14




                                                                                      1084

                                                                                      1041
                                                                                      Left
                    201
                     28
                    229




                                                             Trucks
                   Out




                                                                                                                  Total
                                                                                        43



                                                                                                                   5297

                                                                                                                   4977
                                                                                                                    320
                                                               Left  Thru Right
                                                                151 12486 1179
                                                                 12   825    60
                                                                163 13311 1239


                                                             13671  13816  27487
                                                               902     897   1799
                                                             14573  14713  29286
                                                              Out     In    Total
                                                              EASTCHESTER DRIVE
                                                           City of High Point
                                                      Department of Transportation
Counted by: Charlotte Johnson &                           Summer Count Program                                          File Name       :   EastDrPremDr
Shannon Owen                                                 High Point, NC                                             Site Code       :   00000024
Weather: Sunny                                                                                                          Start Date      :   6/16/2005
                                                                                                                        Page No         :   3


                   EASTCHESTER DRIVE                PREMIER DRIVE                   EASTCHESTER DRIVE                   PREMIER DRIVE
                       Southbound                     Westbound                         Northbound                        Eastbound
                                      App.                           App.                                App.                            App.      Int.
   Start Time   Left   Thru Right            Left   Thru   Right             Left     Thru   Right               Left   Thru   Right
                                     Total                          Total                               Total                           Total     Total
Peak Hour From 07:00 to 09:45 - Peak 1 of 1
 Intersection 07:30
       Volume    181    814      8    1003     36      3     159      198       6     1861     204       2071       3      0       1          4    3276
      Percent   18.0   81.2    0.8           18.2    1.5    80.3              0.3     89.9     9.9               75.0    0.0    25.0
 07:45 Volume     53    172      2     227      9      0      49       58       1      566      68        635       0      0       1          1     921
  Peak Factor                                                                                                                                     0.889
    High Int. 08:15                         07:45                           07:45                               07:30
       Volume     43    226      1     270      9      0      49       58       1      566      68        635       1      0       0        1
  Peak Factor                        0.929                          0.853                               0.815                           1.000

Peak Hour From 10:00 to 13:45 - Peak 1 of 1
 Intersection 12:15
       Volume    190   1345      5    1540    131      1     138      270      22     1500     184       1706       7      0       7         14    3530
      Percent   12.3   87.3    0.3           48.5    0.4    51.1              1.3     87.9    10.8               50.0    0.0    50.0
 12:45 Volume     48    330      1     379     25      0      37       62       2      414      50        466       3      0       7         10     917
  Peak Factor                                                                                                                                     0.962
    High Int. 12:30                         12:15                           12:45                               12:45
       Volume     64    362      4     430     44      0      35       79       2      414      50        466       3      0       7       10
  Peak Factor                        0.895                          0.854                               0.915                           0.350

Peak Hour From 14:00 to 18:45 - Peak 1 of 1
 Intersection 16:45
       Volume    154   2019      2    2175    214      2     136      352      45     1229      51       1325       8      1       6         15    3867
      Percent    7.1   92.8    0.1           60.8    0.6    38.6              3.4     92.8     3.8               53.3    6.7    40.0
 17:00 Volume     32    540      0     572     97      1      36      134       1      328      15        344       1      0       1          2    1052
  Peak Factor                                                                                                                                     0.919
    High Int. 17:00                         17:00                           17:15                               17:15
       Volume     32    540      0     572     97      1      36      134       1      358       9        368       5      1       4       10
  Peak Factor                        0.951                          0.657                               0.900                           0.375
