                                                          City of High Point
                                                     Department of Transportation
Counted By: Aaron Mullins &                              Summer Count Program                             File Name      :    H62TrinRdMainSt
Steven Madden                                               High Point, NC                                Site Code      :    00000029
Weather: Clear                                                                                            Start Date     :    6/22/2005
                                                                                                          Page No        :    1
                                                        Groups Printed- Cars - Trucks
                      MAIN STREET               HWY62/TRINDALE ROAD               MAIN STREET              HWY62/TRINDALE ROAD
                       Southbound                    Westbound                     Northbound                   Eastbound
                                      App.                          App.                         App.                           App.     Int.
  Start Time   Left   Thru   Right           Left   Thru Right             Left  Thru Right             Left   Thru   Right
                                     Total                         Total                        Total                          Total    Total
      06:00       2     50       6      58      2     12     12       26      3    108      5     116     16     10       3       29      229
      06:15       2     61       5      68      2     14     14       30      6    184      2     192     25     11       8       44      334
      06:30       6     76      11      93      3     19     17       39      6    266      2     274     13     18       5       36      442
      06:45       3     86       1      90      6     18     10       34      9    200      5     214     25     14       8       47      385
      Total      13    273      23     309     13     63     53      129     24    758     14     796     79     53      24      156     1390

      07:00       2     78      11      91      4      9     15      28      6    175      2      183     11     13      10        34     336
      07:15       7     87       5      99      7     18     20      45      6    181      5      192     16     23      17        56     392
      07:30      11    123       8     142      9     23     21      53     14    314      5      333     19     24      12        55     583
      07:45       6    134      10     150      7     27     28      62     15    291      7      313     33     19      12        64     589
      Total      26    422      34     482     27     77     84     188     41    961     19     1021     79     79      51       209    1900

      08:00      16    130       6     152      7     19     26      52     10    214      4      228     19     20      11        50     482
      08:15       8     98      11     117      9     19     22      50      7    210      9      226     12     11       6        29     422
      08:30      10     92      11     113      8     25     14      47     18    178      7      203     14     19      11        44     407
      08:45      12    113       9     134      9     20     22      51      7    182     11      200     19     17      11        47     432
      Total      46    433      37     516     33     83     84     200     42    784     31      857     64     67      39       170    1743

      09:00      10    107      10     127     11     19     35      65     11    138      5      154     22     14      18        54     400
      09:15      12    126      18     156     11     17     24      52     16    134      8      158     22     18      18        58     424
      09:30      11    119      19     149     11     18     29      58     16    144      9      169     22     23      12        57     433
      09:45      13    147      15     175     12     19     23      54     15    191      8      214     23     27      19        69     512
      Total      46    499      62     607     45     73    111     229     58    607     30      695     89     82      67       238    1769

      10:00       7    158      20     185     15     17     22      54     14    166      6      186     26     15      19        60     485
      10:15       9    158      28     195      5     13     20      38     17    149      8      174     20     15      28        63     470
      10:30      14    177      24     215      6     19     25      50     20    132      5      157     23     17      18        58     480
      10:45      10    162      17     189     13     14     19      46     15    155      5      175     20     17      22        59     469
      Total      40    655      89     784     39     63     86     188     66    602     24      692     89     64      87       240    1904

      11:00      19    163      23     205     16     18     16      50     13    167      4      184     32     13      24        69     508
      11:15      15    152      23     190     10     15     24      49     16    167      5      188     19     17      18        54     481
      11:30      14    160      21     195     12     21     21      54     14    165     10      189     24     18      25        67     505
      11:45      15    214      33     262     19     24     23      66     14    186      9      209     40     21      27        88     625
      Total      63    689     100     852     57     78     84     219     57    685     28      770    115     69      94       278    2119

      12:00      15    222      24     261     11     26     26      63     23    196     11      230     43     21      33        97     651
      12:15      26    238      38     302     17     28     22      67     25    215     12      252     48     22      32       102     723
      12:30      26    208      25     259     16     28     27      71     19    208     12      239     36     23      23        82     651
      12:45      16    206      38     260     15     29     21      65     23    228      6      257     42     18      30        90     672
      Total      83    874     125    1082     59    111     96     266     90    847     41      978    169     84     118       371    2697

      13:00      16    183      32     231     10     26     24      60     19    199     15      233     37     21      22        80     604
      13:15      13    187      42     242     13     18     19      50     18    182      8      208     36     18      26        80     580
      13:30      15    188      33     236     16     17     22      55     14    181     10      205     36     19      26        81     577
      13:45      19    167      22     208     11     33     21      65     21    197     14      232     28     23      26        77     582
      Total      63    725     129     917     50     94     86     230     72    759     47      878    137     81     100       318    2343

      14:00      17    218      17     252     13     20     18      51     23    160      4      187     28     24      23        75     565
      14:15      11    158      30     199     18     18     23      59     17    144      5      166     26     10      23        59     483
      14:30      15    193      34     242     13     34     17      64     18    160      8      186     34     16      13        63     555
      14:45      15    180      28     223     13     26     11      50     14    153      9      176     27      9      14        50     499
      Total      58    749     109     916     57     98     69     224     72    617     26      715    115     59      73       247    2102

      15:00      15    212      29     256      8     10     12      30     15    173      9      197     18     14      18        50     533
      15:15      16    220      36     272     18     25     28      71     11    172     11      194     26     27      16        69     606
      15:30      21    264      51     336     12     19     24      55     18    186     16      220     24     30      20        74     685
      15:45      23    273      35     331     16     26     20      62     21    167      8      196     25     31      40        96     685
      Total      75    969     151    1195     54     80     84     218     65    698     44      807     93    102      94       289    2509

      16:00      24    277      50     351     18     23     27      68     18    161     12      191     27     34      30        91     701
      16:15      16    271      37     324     16     35     15      66     11    149     12      172     30     36      30        96     658
      16:30      25    272      57     354     29     29     25      83     22    219     13      254     27     27      37        91     782
      16:45      23    338      34     395     28     32     27      87     26    163     14      203     30     45      28       103     788
      Total      88   1158     178    1424     91    119     94     304     77    692     51      820    114    142     125       381    2929

      17:00      31    299      46     376     25     30     23      78     15    210     11      236     28     37      37       102     792
      17:15      25    319      31     375     25     41     15      81     26    170     16      212     23     41      40       104     772
      17:30      20    315      35     370     29     38     16      83     21    180     11      212     28     22      25        75     740
      17:45      28    232      30     290     21     32     14      67     14    154     10      178     22     29      24        75     610
      Total     104   1165     142    1411    100    141     68     309     76    714     48      838    101    129     126       356    2914

 Grand Total    705   8611   1179    10495    625   1080    999    2704    740   8724    403     9867   1244   1011     998      3253   26319
    Apprch %    6.7   82.0   11.2            23.1   39.9   36.9            7.5   88.4    4.1            38.2   31.1    30.7
     Total %    2.7   32.7    4.5     39.9    2.4    4.1    3.8    10.3    2.8   33.1    1.5     37.5    4.7    3.8     3.8      12.4
                                                              City of High Point
                                                         Department of Transportation
Counted By: Aaron Mullins &                                  Summer Count Program                    File Name              :   H62TrinRdMainSt
Steven Madden                                                   High Point, NC                       Site Code              :   00000029
Weather: Clear                                                                                       Start Date             :   6/22/2005
                                                                                                     Page No                :   2

                                                                    MAIN STREET
                                                                Out      In     Total
                                                               10322    9843   20165
                                                                 645      652    1297
                                                               10967   10495   21462


                                                                  1132 8027      684
                                                                    47  584       21
                                                                  1179 8611      705
                                                                 Right Thru     Left
                                     6021
                                      231
                                     6252
                                    Total
                    HWY62/TRINDALE ROAD




                                                                                                     HWY62/TRINDALE ROAD
                                                                                                      2119

                                                                                                      2053
                                                                                                      Out
                                            1244
                                            1196
                                              48




                                                                                        Right Thru
                                            Left




                                                                                                        66
                                                                        North




                                                                                          999 1080

                                                                                          967 1044
                                                                                           32
                             3139

                             3253
                              114




                                                               6/22/2005 6:00:00 AM
                                              998 1011
                                                   982
                                                    29

                                            Right Thru
                              In




                                                                                                             2704

                                                                                                             2621
                                                               6/22/2005 5:45:00 PM




                                                                                                              In
                                                                                                36




                                                                                                                83
                                                               Cars
                                              961
                                               37




                                                                                        Left
                     2882

                     2999
                      117




                                                               Trucks




                                                                                         625

                                                                                         610
                     Out




                                                                                                                    Total
                                                                                          15



                                                                                                                     4823

                                                                                                                     4674
                                                                                                                      149
                                                                 Left Thru Right
                                                                  706 8159   387
                                                                   34  565    16
                                                                  740 8724   403


                                                                9598    9252   18850
                                                                 636      615    1251
                                                               10234    9867   20101
                                                                Out      In     Total
                                                                    MAIN STREET
                                                          City of High Point
                                                     Department of Transportation
Counted By: Aaron Mullins &                              Summer Count Program                                 File Name      :    H62TrinRdMainSt
Steven Madden                                               High Point, NC                                    Site Code      :    00000029
Weather: Clear                                                                                                Start Date     :    6/22/2005
                                                                                                              Page No        :    3


                      MAIN STREET               HWY62/TRINDALE ROAD                 MAIN STREET                HWY62/TRINDALE ROAD
                       Southbound                    Westbound                       Northbound                     Eastbound
                                      App.                          App.                            App.                            App.    Int.
   Start Time   Left   Thru Right            Left   Thru   Right             Left   Thru   Right            Left   Thru   Right
                                     Total                         Total                           Total                           Total   Total
Peak Hour From 06:00 to 09:45 - Peak 1 of 1
 Intersection 07:30
       Volume     41    485     35     561     32     88      97      217      46   1029      25    1100      83     74      41      198    2076
      Percent    7.3   86.5    6.2           14.7   40.6    44.7              4.2   93.5     2.3            41.9   37.4    20.7
 07:45 Volume      6    134     10     150      7     27      28       62      15    291       7     313      33     19      12       64     589
  Peak Factor                                                                                                                              0.881
    High Int. 08:00                         07:45                           07:30                          07:45
       Volume     16    130      6     152      7     27      28      62       14    314       5     333      33     19      12       64
  Peak Factor                        0.923                         0.875                           0.826                           0.773

Peak Hour From 10:00 to 13:45 - Peak 1 of 1
 Intersection 12:00
       Volume     83    874    125    1082     59    111      96      266      90    847      41     978     169     84     118      371    2697
      Percent    7.7   80.8   11.6           22.2   41.7    36.1              9.2   86.6     4.2            45.6   22.6    31.8
 12:15 Volume     26    238     38     302     17     28      22       67      25    215      12     252      48     22      32      102     723
  Peak Factor                                                                                                                              0.933
    High Int. 12:15                         12:30                           12:45                          12:15
       Volume     26    238     38     302     16     28      27      71       23    228       6     257      48     22      32      102
  Peak Factor                        0.896                         0.937                           0.951                           0.909

Peak Hour From 14:00 to 17:45 - Peak 1 of 1
 Intersection 16:30
       Volume    104   1228    168    1500    107    132      90      329      89    762      54     905     108    150     142      400    3134
      Percent    6.9   81.9   11.2           32.5   40.1    27.4              9.8   84.2     6.0            27.0   37.5    35.5
 17:00 Volume     31    299     46     376     25     30      23       78      15    210      11     236      28     37      37      102     792
  Peak Factor                                                                                                                              0.989
    High Int. 16:45                         16:45                           16:30                          17:15
       Volume     23    338     34     395     28     32      27      87       22    219      13     254      23     41      40      104
  Peak Factor                        0.949                         0.945                           0.891                           0.962
