                                                                              Chittenden County MPO
                                                                                 110 West Canal St., Suite 202
                                                                                   Winooski, Vermont 05404
ID : BURL-08                                                                        http://www.ccmpo.org/                                                                 File Name           : burl08
LOC : BATTERY ST. & PEARL ST.                                                                                                                                             Site Code           : BURL-08
TOWN : BURLINGTON                                                                                                                                                         Start Date          : 7/19/2010
COUNTERS : MB, MM                                                                                                                                                         Page No             :1


                                                                                Groups Printed- AUTO - TRUCK - BUS
                         BATTERY ST. (SB)                                  PEARL ST.                            BATTERY ST. (NB)                                      PARK
                             From North                                    From East                                From South                                      From West
Start Time      Right   Thru     Left Bike/Ped   App. Total   Right   Thru    Left Bike/Ped App. Total  Right  Thru     Left Bike/Ped   App. Total   Right   Thru       Left Bike/Ped   App. Total   Int. Total
   07:00 AM         0    142      39         5        186        10      0       8        3        21      14    25       0         2         41         0      0         0         2            2        250
   07:15 AM         0    170      52         4        226         9      0     12         3        24      17    60       0         2         79         0      0         0         1            1        330
   07:30 AM         0    230      79         2        311        22      0     12         0        34      27    45       0         2         74         0      0         0         1            1        420
   07:45 AM         0    277      62         8        347        17      0     27         0        44      15    45       0         2         62         0      0         0         0            0        453
        Total       0    819     232        19       1070        58      0     59         6      123       73   175       0         8        256         0      0         0         4            4       1453

   08:00 AM        0    175       61        0         236       27       0      26       4        57      31      45       0       0          76        0       0         0        1             1        370
   08:15 AM        0    214       59        5         278       12       0      17       5        34      35      53       0       1          89        0       0         0        3             3        404
   08:30 AM        0    207       43        8         258       18       0      26       2        46      35      68       0       0         103        0       0         0        1             1        408
   08:45 AM        0    188       53        7         248       23       0      21       3        47      32      61       0       1          94        0       0         0        1             1        390
        Total      0    784      216       20        1020       80       0      90      14       184     133     227       0       2         362        0       0         0        6             6       1572

   09:00 AM        0    179       40        2         221       25       0      18       6        49      20      69       0       0          89        0       0         0        1             1        360
   09:15 AM        0    130       33        4         167       20       0      13       3        36      35      58       0       1          94        0       0         0        0             0        297
   09:30 AM        0    139       40        3         182       26       0      30       0        56      36      72       0       1         109        0       0         0        0             0        347
   09:45 AM        0    150       33        3         186       25       0      27       3        55      34      64       0       1          99        0       0         0        1             1        341
        Total      0    598      146       12         756       96       0      88      12       196     125     263       0       3         391        0       0         0        2             2       1345

   10:00 AM        0    118       37        1         156       29       0      20       2        51      43      78       0       3         124        0       0         0        0             0        331
   10:15 AM        0    135       34        7         176       17       0      20       3        40      43      68       0       1         112        0       0         0        0             0        328
   10:30 AM        0    121       30        2         153       25       0      17       5        47      52      73       0       0         125        0       0         0        0             0        325
   10:45 AM        0    151       41        1         193       23       0      28       1        52      46      57       0       1         104        0       0         0        4             4        353
        Total      0    525      142       11         678       94       0      85      11       190     184     276       0       5         465        0       0         0        4             4       1337

   11:00 AM        0    117       38        1         156       22       0     24        8        54      57      70       0       0         127        0       0         0        0             0        337
   11:15 AM        0    119       33        2         154       21       0     26       10        57      55      86       0       4         145        0       0         0        3             3        359
   11:30 AM        0    139       32        1         172       18       0     27        6        51      38      84       0       1         123        0       0         0        1             1        347
   11:45 AM        0    138       40        9         187       28       0     24        0        52      52      76       0       1         129        0       0         0        1             1        369
        Total      0    513      143       13         669       89       0    101       24       214     202     316       0       6         524        0       0         0        5             5       1412

   12:00 PM        0    131       27        6         164       23       0     35        6        64      65      84       0       5         154        0       0         0        0            0         382
   12:15 PM        0    142       38        6         186       24       0     29        7        60      45      89       0      14         148        0       0         0        0            0         394
   12:30 PM        0    142       46        4         192       28       0     28        6        62      50      84       0       4         138        0       0         0        4            4         396
   12:45 PM        0    152       45        7         204       22       0     30        4        56      54      82       0      11         147        0       0         0        6            6         413
        Total      0    567      156       23         746       97       0    122       23       242     214     339       0      34         587        0       0         0       10           10        1585

   01:00 PM        0    127       38        3         168       25       0      21       6        52      49     102       0       6         157        0       0         0        2             2        379
   01:15 PM        0    130       39        3         172       36       0      27       2        65      35      78       0       3         116        0       0         0        0             0        353
   01:30 PM        0    134       29        3         166       21       0      23       0        44      38      73       0       1         112        0       0         0        2             2        324
   01:45 PM        0    129       29        0         158       18       0      19       4        41      53      81       0       5         139        0       0         0        0             0        338
        Total      0    520      135        9         664      100       0      90      12       202     175     334       0      15         524        0       0         0        4             4       1394
                                                                               Chittenden County MPO
                                                                                  110 West Canal St., Suite 202
                                                                                    Winooski, Vermont 05404
ID : BURL-08                                                                         http://www.ccmpo.org/                                                                  File Name           : burl08
LOC : BATTERY ST. & PEARL ST.                                                                                                                                               Site Code           : BURL-08
TOWN : BURLINGTON                                                                                                                                                           Start Date          : 7/19/2010
COUNTERS : MB, MM                                                                                                                                                           Page No             :2
                                                                                 Groups Printed- AUTO - TRUCK - BUS
                          BATTERY ST. (SB)                                  PEARL ST.                            BATTERY ST. (NB)                                       PARK
                              From North                                    From East                                From South                                       From West
Start Time       Right   Thru     Left Bike/Ped   App. Total   Right   Thru    Left Bike/Ped App. Total  Right  Thru     Left Bike/Ped    App. Total   Right   Thru       Left Bike/Ped   App. Total   Int. Total
    02:00 PM         0    123      37         2        162        23      0     28         0        51      62   102       0         5         169         0      0         0         1            1        383
    02:15 PM         0    144      26         7        177        27      0     12         2        41      59    87       0         1         147         0      0         0         0            0        365
    02:30 PM         0    124      32         2        158        31      0     16         0        47      48    99       0         1         148         0      0         0         0            0        353
    02:45 PM         0    137      35         2        174        26      0     21         2        49      63    95       0         3         161         0      0         0         0            0        384
         Total       0    528     130        13        671      107       0     77         4      188     232    383       0        10         625         0      0         0         1            1       1485

    03:00 PM        0     101       25       2         128       35       0      23       7        65      69     105       0        2         176        0       0         0        3             3        372
    03:15 PM        0     109       49       5         163       31       0      28       3        62      59     115       0        2         176        0       0         0        0             0        401
    03:30 PM        0     125       41       1         167       46       0      23       6        75      72     116       0        6         194        0       0         0        1             1        437
    03:45 PM        0     144       40       4         188       37       0      19       8        64      69      98       0        8         175        0       0         0        0             0        427
         Total      0     479      155      12         646      149       0      93      24       266     269     434       0       18         721        0       0         0        4             4       1637

    04:00 PM        0     132       29       7         168       42       0     23       14        79      89     104       0       14         207        0       0         0        1             1        455
    04:15 PM        0     123       27       1         151       37       0     23        2        62      70     115       0        8         193        0       0         0        0             0        406
    04:30 PM        0     111       28       1         140       49       0     25        4        78     108     127       0        8         243        0       0         0        0             0        461
    04:45 PM        0     123       33       6         162       37       0     33        4        74      96     121       0        5         222        0       0         0        0             0        458
         Total      0     489      117      15         621      165       0    104       24       293     363     467       0       35         865        0       0         0        1             1       1780

    05:00 PM        0     110       29       2         141       28       0      26       3        57     122     167       0        4         293        0       0         0        0             0        491
    05:15 PM        0     110       25       3         138       37       0      28       4        69      95     163       0        5         263        0       0         0        0             0        470
    05:30 PM        0     110       30       8         148       34       0      10       6        50      87     132       0        3         222        0       0         0        2             2        422
    05:45 PM        0     103       36       6         145       31       0      23      14        68      70     120       0        7         197        0       0         0        4             4        414
         Total      0     433      120      19         572      130       0      87      27       244     374     582       0       19         975        0       0         0        6             6       1797

    06:00 PM        0     103       39       5         147       38       0      28       4        70      74      93       0        5         172        0       0         0        5            5         394
    06:15 PM        0      91       25       9         125       29       0      33       7        69      56      86       0        4         146        0       0         0        1            1         341
    06:30 PM        0     102       34       3         139       28       0      11       6        45      35      86       0        8         129        0       0         0        4            4         317
    06:45 PM        0      95       16       3         114       18       0      15       5        38      36      77       0        6         119        0       0         0        3            3         274
         Total      0     391      114      20         525      113       0      87      22       222     201     342       0       23         566        0       0         0       13           13        1326

  Grand Total       0    6646     1806     186        8638     1278       0   1083      203      2564    2545    4138       0      178        6861        0       0         0        60          60      18123
    Apprch %        0     76.9     20.9     2.2                 49.8      0    42.2      7.9              37.1    60.3      0       2.6                   0       0         0      100
      Total %       0     36.7       10       1        47.7      7.1      0       6      1.1      14.1      14    22.8      0         1        37.9       0       0         0       0.3         0.3
       AUTO         0    6484     1766     142        8392     1216       0   1047      176      2439    2483    3998       0      156        6637        0       0         0        53          53      17521
     % AUTO         0     97.6     97.8   76.3         97.2     95.1      0    96.7    86.7       95.1    97.6    96.6      0     87.6         96.7       0       0         0     88.3         88.3        96.7
      TRUCK         0      135       31      44         210       32      0      28       27        87      52     118      0        22         192       0       0         0         7           7         496
   % TRUCK          0         2     1.7   23.7           2.4     2.5      0     2.6    13.3        3.4       2      2.9     0     12.4           2.8      0       0         0     11.7         11.7          2.7
         BUS        0        27       9       0           36      30      0       8        0        38      10       22     0         0           32      0       0         0         0           0         106
      % BUS         0       0.4     0.5       0          0.4     2.3      0     0.7        0       1.5     0.4      0.5     0         0          0.5      0       0         0         0           0          0.6
                                                                  Chittenden County MPO
                                                                   110 West Canal St., Suite 202
                                                                     Winooski, Vermont 05404
ID : BURL-08                                                          http://www.ccmpo.org/                                            File Name    : burl08
LOC : BATTERY ST. & PEARL ST.                                                                                                          Site Code    : BURL-08
TOWN : BURLINGTON                                                                                                                      Start Date   : 7/19/2010
COUNTERS : MB, MM                                                                                                                      Page No      :3

                                                                            BATTERY ST. (SB)
                                                                          Out     In      Total
                                                                          5214   8392    13606
                                                                           150     210      360
                                                                            52      36       88
                                                                          5416   8638    14054


                                                                            0 6484   1766     142
                                                                            0  135     31      44
                                                                            0   27       9      0
                                                                            0 6646   1806     186
                                                                        Right Thru   Left Bike/Ped
                                     7
                                     0
                                    53


                                    60


                                               0
                                               0
                                               0
                                               0




                                                                                                     Right Thru
                                 Total




                                                                                                     1278


                                                                                                     1216
                                           Left




                                                                                                                     4351


                                                                                                                     4249
                                                                                                                     Out
                                                                                                        30
                                                                                                        32




                                                                                                                       19
                                                                                                                       83
                                                                                  North
                                                              0
                                                              0
                                                              0
                                                              0
                                           Bike/Ped Right Thru




                                                                                                                     PEARL ST.
                                                                           7/19/2010 07:00 AM
                                     7
                                     0
                                    53


                                    60
                                PARK
                                  In




                                                                                                               0
                                                                                                               0
                                                                                                               0
                                                                                                               0
                                                                           7/19/2010 06:45 PM




                                                                                                                        2564


                                                                                                                        2439
                                                                                                                         In
                                                                                                                           38
                                                                                                                           87
                                                        0
                                                        0
                                                        0
                                                        0




                                                                                                     Left Bike/Ped
                                                                                                     1083


                                                                                                     1047
                                                                           AUTO




                                                                                                       28
                                                                                                         8
                                                                           TRUCK
                                       0
                                       0
                                       0
                                       0
                                 Out




                                                                                                                               Total
                                                53


                                                60
                                                 7
                                                 0




                                                                           BUS




                                                                                                                               6915


                                                                                                                               6688
                                                                                                                                170
                                                                                                              203


                                                                                                              176



                                                                                                                                  57
                                                                                                               27
                                                                                                                0
                                                                         Left Thru Right Bike/Ped
                                                                             0 3998 2483     156
                                                                             0  118   52      22
                                                                             0   22   10       0
                                                                             0 4138 2545     178


                                                                          7531   6637    14168
                                                                           163     192      355
                                                                            35      32       67
                                                                          7729   6861    14590
                                                                          Out     In      Total
                                                                            BATTERY ST. (NB)
                                Chittenden County MPO
                                 110 West Canal St., Suite 202
                                   Winooski, Vermont 05404
ID : BURL-08                        http://www.ccmpo.org/        File Name    : burl08
LOC : BATTERY ST. & PEARL ST.                                    Site Code    : BURL-08
TOWN : BURLINGTON                                                Start Date   : 7/19/2010
COUNTERS : MB, MM                                                Page No      :4
