                                                            City of High Point
                                                       Department of Transportation
Counted by: Sarah Peters &                                 Summer Count Program                                     File Name      :   WestcBurt
Jannessa Johnson                                              High Point, NC                                        Site Code      :   00000063
Weather: Sunny                                                                                                      Start Date     :   8/1/2000
                                                                                                                    Page No        :   1
                                                          Groups Printed- Cars - Trucks
                      WESTCHESTER DR                   BURTON AV                  WESTCHESTER DR                   BURTON AV
                        Southbound                     Westbound                    Northbound                     Eastbound
                                        App.                          App.                          App.                          App.     Int.
  Start Time   Left    Thru   Right            Left   Thru Right             Left  Thru Right              Left   Thru   Right
                                       Total                         Total                         Total                         Total    Total
   06:00 AM       1      70       1       72      1      6      0        7      3    57      1        61      4      8      11      23      163
   06:15 AM       1      90       8       99      2      4      0        6      3    94      2        99      6     10       9      25      229
   06:30 AM       4     136       5      145      1     17      1       19      4   119      5       128     13     28      14      55      347
   06:45 AM       7     173       6      186      0      4      0        4      8   128      3       139     13     25      14      52      381
      Total      13     469      20      502      4     31      1       36     18   398     11       427     36     71      48     155     1120

   07:00 AM       4     109     10      123       2      5      4      11      4    149      1       154     22      8      13      43      331
   07:15 AM       3     160      4      167       0      9      4      13     10    187      4       201     21     18      18      57      438
   07:30 AM       3     209     12      224       2      4      3       9     11    238      2       251     27     17      21      65      549
   07:45 AM       1     248     12      261       0      8      2      10      5    224      1       230     22     23      22      67      568
      Total      11     726     38      775       4     26     13      43     30    798      8       836     92     66      74     232     1886

   08:00 AM       4     167     14      185       0      7      2       9      9    205      2       216    27      22      26      75      485
   08:15 AM       7     145      5      157       1      3      3       7      5    182      9       196    26      20      25      71      431
   08:30 AM       2     130     14      146       1      6      3      10     10    152      7       169    30      15      10      55      380
   08:45 AM       1     130     12      143       2      7      4      13     14    160      3       177    18      19      10      47      380
      Total      14     572     45      631       4     23     12      39     38    699     21       758   101      76      71     248     1676

   09:00 AM       2     143     10      155       3      8      3      14      6    150      2       158     19     13      12      44      371
   09:15 AM       4     114     16      134       2      5      1       8      6    165      2       173     27      9       9      45      360
   09:30 AM       4     127      8      139       3      9      1      13      8    174      0       182     18     11       8      37      371
   09:45 AM       4     132     15      151       4     10      3      17      5    160      5       170     23     11       7      41      379
      Total      14     516     49      579      12     32      8      52     25    649      9       683     87     44      36     167     1481

   10:00 AM       6     129     10      145       4      5      3      12      5    142      1       148     22     10      12      44      349
   10:15 AM       0     135     18      153       3     19      3      25      6    164      6       176     18      9      11      38      392
   10:30 AM       3     140     17      160       6      4      2      12      7    134      2       143     33      9      15      57      372
   10:45 AM       5     148     11      164       4     12      2      18     11    177      4       192     22     11      17      50      424
      Total      14     552     56      622      17     40     10      67     29    617     13       659     95     39      55     189     1537

   11:00 AM       1     130       8     139       5     13      3      21      8    159      2       169     14     17       6      37      366
   11:15 AM       2     162      19     183       1      9      4      14      8    162      3       173     13     12       8      33      403
   11:30 AM       6     159      15     180       2     14      4      20     17    201      2       220     28     10      12      50      470
   11:45 AM       8     165      10     183       8     14      4      26      9    197      5       211     27     11      12      50      470
      Total      17     616      52     685      16     50     15      81     42    719     12       773     82     50      38     170     1709

   12:00 PM       6     205     22      233       6     13     12      31     11    269      1       281    31       7      21      59      604
   12:15 PM       6     195     24      225       2     15     13      30      9    203     13       225    28       7      21      56      536
   12:30 PM       8     195     17      220       4     14      9      27      9    207      5       221    33       8      18      59      527
   12:45 PM       5     219     21      245       6      9      7      22      7    202      3       212    26      10      14      50      529
      Total      25     814     84      923      18     51     41     110     36    881     22       939   118      32      74     224     2196

   01:00 PM      10     228     12      250       5     17      6      28      8    207      5       220     21     17      15      53      551
   01:15 PM      10     205     18      233       2     11      9      22     10    192      3       205     18     17      16      51      511
   01:30 PM       4     215     16      235       1      5      8      14     10    185      5       200     17      6      25      48      497
   01:45 PM       3     204     14      221       3      9      5      17      9    174      4       187     28     14      14      56      481
      Total      27     852     60      939      11     42     28      81     37    758     17       812     84     54      70     208     2040

   02:00 PM       2     212     16      230       6     11      3      20     11    182      2       195     12     12      14      38      483
   02:15 PM       7     207     22      236       4     15      2      21     12    173      3       188     21     12       6      39      484
   02:30 PM       4     183     22      209       2     11      5      18      5    161      3       169     22      5      21      48      444
   02:45 PM       3     195     23      221       1     18      2      21     11    176      4       191     19      3      13      35      468
      Total      16     797     83      896      13     55     12      80     39    692     12       743     74     32      54     160     1879

   03:00 PM       3     183     19      205       2      9      4      15      8    171      4       183     25     10      15      50      453
   03:15 PM       4     212     15      231       5     16      9      30     17    177      3       197     21     15      11      47      505
   03:30 PM       4     208     25      237       3     25      9      37      9    211      4       224     24      8      18      50      548
   03:45 PM       5     211     16      232       5     20      4      29     28    183      2       213     25     15      11      51      525
      Total      16     814     75      905      15     70     26     111     62    742     13       817     95     48      55     198     2031

   04:00 PM       9     213     21      243       1     16      1      18     15    207      4       226    27      14      13      54      541
   04:15 PM       2     193     21      216       1     24      8      33     18    238      1       257    29      13      17      59      565
   04:30 PM       5     281     29      315       2     27      8      37     23    209      3       235    35      14      11      60      647
   04:45 PM       2     200     27      229       4     24      5      33     21    214      2       237    33      20      25      78      577
      Total      18     887     98     1003       8     91     22     121     77    868     10       955   124      61      66     251     2330

   05:00 PM       0     301     31      332       6     35      5      46     25    305      3       333    33      12      12      57      768
   05:15 PM       0     268     24      292       3     36      7      46     25    278      5       308    29      12      17      58      704
   05:30 PM       1     271     17      289      10     23      4      37     26    267      2       295    43      18      15      76      697
   05:45 PM      10     216     23      249      14     27     12      53     17    137      6       160    35      39      19      93      555
      Total      11    1056     95     1162      33    121     28     182     93    987     16      1096   140      81      63     284     2724

 Grand Total   196     8671    755     9622     155    632    216    1003    526   8808    164     9498    1128    654    704    2486     22609
    Apprch %   2.0     90.1    7.8             15.5   63.0   21.5            5.5   92.7    1.7             45.4   26.3   28.3
     Total %   0.9     38.4    3.3     42.6     0.7    2.8    1.0     4.4    2.3   39.0    0.7     42.0     5.0    2.9    3.1    11.0
                                                     City of High Point
                                                Department of Transportation
Counted by: Sarah Peters &                          Summer Count Program                              File Name    :   WestcBurt
Jannessa Johnson                                       High Point, NC                                 Site Code    :   00000063
Weather: Sunny                                                                                        Start Date   :   8/1/2000
                                                                                                      Page No      :   2

                                                        WESTCHESTER DR
                                                       Out    In    Total
                                                       9656  9139  18795
                                                        496    483   979
                                                      10152  9622  19774


                                                          742 8210       187
                                                           13  461          9
                                                          755 8671       196
                                                        Right Thru      Left
                     4245

                     4399
                      154
                     Total




                                                                                             1014


                                                                                             Out
                                   1128
                                   1090
                                     38




                                                                                              958
                                                                                Right Thru
                                   Left




                                                                                               56
                                                                North




                                                                                  216

                                                                                  205
                                                                                   11




                                                                                             BURTON AV
                       BURTON AV

                           2388

                           2486
                              98




                                                      8/1/2000 6:00:00 AM
                                          654
                                          627
                                           27

                                   Right Thru
                            In




                                                                                                1003
                                                      8/1/2000 5:45:00 PM




                                                                                                 In
                                                                                       632

                                                                                       614




                                                                                                  954
                                                                                        18




                                                                                                   49
                                                       Cars
                                     704
                                     671
                                      33
                   1857

                   1913




                                                                                Left
                     56




                                                       Trucks




                                                                                 155

                                                                                 135
                   Out




                                                                                                       Total
                                                                                  20



                                                                                                       2017

                                                                                                       1912
                                                                                                        105
                                                        Left Thru Right
                                                         501 8361   144
                                                          25  447    20
                                                         526 8808   164


                                                      9016  9006  18022
                                                       514    492   1006
                                                      9530  9498  19028
                                                      Out    In    Total
                                                       WESTCHESTER DR
                                                                 City of High Point
                                                            Department of Transportation
Counted by: Sarah Peters &                                      Summer Count Program                                            File Name      :   WestcBurt
Jannessa Johnson                                                   High Point, NC                                               Site Code      :   00000063
Weather: Sunny                                                                                                                  Start Date     :   8/1/2000
                                                                                                                                Page No        :   3


                       WESTCHESTER DR                       BURTON AV                     WESTCHESTER DR                       BURTON AV
                         Southbound                         Westbound                       Northbound                         Eastbound
                                        App.                               App.                             App.                              App.     Int.
  Start Time    Left     Thru   Right          Left        Thru   Right            Left    Thru   Right             Left      Thru   Right
                                       Total                              Total                            Total                             Total    Total
Peak Hour From 06:00   AM to 09:45 AM - Peak 1 of 1
 Intersection 07:15    AM
       Volume     11       784    42     837      2          28     11       41      35     854       9      898      97        80     87      264     2040
      Percent    1.3      93.7   5.0            4.9        68.3   26.8              3.9    95.1     1.0             36.7      30.3   33.0
 07:45 Volume      1       248    12     261      0           8      2       10       5     224       1      230      22        23     22       67      568
  Peak Factor                                                                                                                                         0.898
    High Int. 07:45 AM                          07:15 AM                          07:30 AM                         08:00 AM
       Volume      1   248         12     261       0         9       4      13      11    238        2      251      27        22      26      75
  Peak Factor                           0.802                             0.788                            0.894                             0.880

Peak Hour From 10:00 AM to 01:45 PM - Peak 1 of 1
 Intersection 12:00 PM
       Volume     25    814     84     923     18      51           41      110      36     881      22      939     118        32     74      224     2196
      Percent    2.7   88.2    9.1           16.4    46.4         37.3              3.8    93.8     2.3             52.7      14.3   33.0
 12:00 Volume      6    205     22     233      6      13           12       31      11     269       1      281      31         7     21       59      604
  Peak Factor                                                                                                                                         0.909
    High Int. 12:45 PM                      12:00 PM                              12:00 PM                         12:00 PM
       Volume      5    219     21     245      6      13            12      31      11    269        1      281      31         7      21      59
  Peak Factor                        0.942                                0.887                            0.835                             0.949

Peak Hour From 02:00 PM to 05:45 PM - Peak 1 of 1
 Intersection 04:45 PM
       Volume      3   1040     99    1142     23     118           21      162      97    1064      12    1173      138        62     69      269     2746
      Percent    0.3   91.1    8.7           14.2    72.8         13.0              8.3    90.7     1.0             51.3      23.0   25.7
 05:00 Volume      0    301     31     332      6      35            5       46      25     305       3      333      33        12     12       57      768
  Peak Factor                                                                                                                                         0.894
    High Int. 05:00 PM                      05:00 PM                              05:00 PM                         04:45 PM
       Volume      0    301     31     332      6      35             5      46      25    305        3      333      33        20      25      78
  Peak Factor                        0.860                                0.880                            0.881                             0.862
