                                                          City of High Point
                                                     Department of Transportation
Counted by: Claire Dennis &                              Summer Count Program                                      File Name         :   EastJohn
Shelley Owen                                                High Point, NC                                         Site Code         :   00000000
Weather: Sunny                                                                                                     Start Date        :   6/21/2000
                                                                                                                   Page No           :   1
                                                         Groups Printed- Cars - Trucks
                      JOHNSON ST                  EASTCHESTER DRIVE                JOHNSON ST                  EASTCHESTER DRIVE
                      Southbound                      Westbound                    Northbound                      Eastbound
                                      App.                           App.                        App.                               App.     Int.
  Start Time   Left   Thru   Right           Left    Thru Right             Left  Thru Right            Left     Thru   Right
                                     Total                          Total                       Total                              Total    Total
   06:00 AM       1     11       5      17      5      38      9       52      1     9      4      14      3       58       1         62      145
   06:15 AM      11     22      12      45      5      59      6       70      6    10      5      21      2       83       2         87      223
   06:30 AM      13     40      12      65     12      92      8      112      4    17     10      31      9      118       7        134      342
   06:45 AM       3     39      13      55     17      79      7      103      5    16     11      32     15      141       1        157      347
      Total      28    112      42     182     39     268     30      337     16    52     30      98     29      400      11        440     1057

   07:00 AM      15     52     20      87      20     90     10     120      8     15     14       37      6      129       5        140      384
   07:15 AM      24     62     16     102      14     86     14     114      4     33     17       54     12      173      10        195      465
   07:30 AM      28    127     17     172      23    171      9     203      8     46     23       77     11      218       7        236      688
   07:45 AM      25    155     25     205      41    153     17     211      8     48     24       80     12      200      14        226      722
      Total      92    396     78     566      98    500     50     648     28    142     78      248     41      720      36        797     2259

   08:00 AM      31    117       8    156      16    124     18     158     16     43     17       76      8      163      11        182      572
   08:15 AM      24     92      18    134      51    149     12     212     12     38     20       70     17      174      11        202      618
   08:30 AM      25     78      22    125      27    156     15     198      7     42     32       81     16      158      14        188      592
   08:45 AM      18     75      24    117      32    153     20     205     13     36     15       64     16      129      14        159      545
      Total      98    362      72    532     126    582     65     773     48    159     84      291     57      624      50        731     2327

   09:00 AM      26     66     14     106      23    109     16     148     20     41     28       89      9      133       6        148      491
   09:15 AM      25     65     20     110      24    150     13     187     14     36     24       74     22      148      10        180      551
   09:30 AM      17     50      8      75      23    132     17     172     18     32     21       71     12      143      15        170      488
   09:45 AM      23     63     13      99      33    145     15     193     21     51     31      103     20      151      11        182      577
      Total      91    244     55     390     103    536     61     700     73    160    104      337     63      575      42        680     2107

   10:00 AM      21     53     12      86      23    148     17     188     14     52     31       97     14      143      17        174      545
   10:15 AM      26     44     15      85      29    148     18     195     22     44     23       89     12      154      11        177      546
   10:30 AM      23     54     12      89      23    153     17     193     13     54     21       88     17      179      12        208      578
   10:45 AM      36     45      7      88      25    188     16     229     12     54     33       99      9      191      16        216      632
      Total     106    196     46     348     100    637     68     805     61    204    108      373     52      667      56        775     2301

   11:00 AM      22     44     16      82      32    161     22     215     21     71     20      112     16      148      20        184      593
   11:15 AM      28     45     19      92      34    166     21     221     19     50     33      102     13      165      16        194      609
   11:30 AM      24     75     17     116      22    205     29     256     14     61     31      106     21      150      14        185      663
   11:45 AM      34     62     20     116      44    208     30     282     28     77     37      142     19      159      18        196      736
      Total     108    226     72     406     132    740    102     974     82    259    121      462     69      622      68        759     2601

   12:00 PM      34     67     20     121      35    196     28     259     42     98     35      175    22       185      32        239      794
   12:15 PM      38     92     13     143      40    209     24     273     29     87     25      141    22       209      30        261      818
   12:30 PM      45     94     15     154      22    209     17     248     23     79     34      136    25       171      31        227      765
   12:45 PM      48     84     18     150      41    185     13     239     16     58     28      102    42       209      48        299      790
      Total     165    337     66     568     138    799     82    1019    110    322    122      554   111       774     141       1026     3167

   01:00 PM      40     81     21     142      45    226     17     288     23     65     25      113     32      219      31        282      825
   01:15 PM      47     77     19     143      30    164     18     212     29     71     28      128     22      198      25        245      728
   01:30 PM      39     89     19     147      38    182     27     247     20     73     19      112     25      196      29        250      756
   01:45 PM      37     99     14     150      43    173     21     237     19     59     25      103     19      152      32        203      693
      Total     163    346     73     582     156    745     83     984     91    268     97      456     98      765     117        980     3002

   02:00 PM      25     89     12     126      51    192     20     263     14     50     26       90    26       190      31        247      726
   02:15 PM      49     89     11     149      41    182     27     250     17     65     34      116    29       158      28        215      730
   02:30 PM      38     74     11     123      46    197     19     262     19     73     28      120    27       155      32        214      719
   02:45 PM      30     82     21     133      28    202     26     256     27     69     34      130    20       161      16        197      716
      Total     142    334     55     531     166    773     92    1031     77    257    122      456   102       664     107        873     2891

   03:00 PM      39     73     16     128      36    215     13     264     16     60     21       97     27      201      22        250      739
   03:15 PM      30     70     11     111      25    206     32     263     23     74     33      130     17      177      25        219      723
   03:30 PM      35     72     14     121      34    218     20     272     24     73     29      126     30      192      21        243      762
   03:45 PM      37     72     23     132      29    212     23     264     24     71     36      131     21      197      23        241      768
      Total     141    287     64     492     124    851     88    1063     87    278    119      484     95      767      91        953     2992

   04:00 PM      42     71     19     132      31    213     28     272     28     95     28      151    25       146      32        203      758
   04:15 PM      43     65     13     121      46    235     25     306     25     84     26      135    25       161      37        223      785
   04:30 PM      37     71     17     125      28    236     18     282     28     86     39      153    35       183      21        239      799
   04:45 PM      38     59     24     121      42    246     37     325     31     99     32      162    29       180      29        238      846
      Total     160    266     73     499     147    930    108    1185    112    364    125      601   114       670     119        903     3188

   05:00 PM      48     83     11     142      37    209     36     282     39    187     48      274    27       214      19        260      958
   05:15 PM      42     95     32     169      48    214     35     297     34    161     49      244    42       213      25        280      990
   05:30 PM      29     79     16     124      41    237     30     308     34    118     40      192    44       197      24        265      889
   05:45 PM      34     93     27     154      36    183     25     244     27    125     20      172    40       171      21        232      802
      Total     153    350     86     589     162    843    126    1131    134    591    157      882   153       795      89       1037     3639

 Grand Total   1447   3456    782    5685    1491   8204    955   10650    919   3056   1267    5242    984      8043     927      9954     31531
    Apprch %   25.5   60.8   13.8            14.0   77.0    9.0           17.5   58.3   24.2            9.9      80.8     9.3
     Total %    4.6   11.0    2.5    18.0     4.7   26.0    3.0    33.8    2.9    9.7    4.0    16.6    3.1      25.5     2.9      31.6
                                                            City of High Point
                                                       Department of Transportation
Counted by: Claire Dennis &                                Summer Count Program                               File Name    :   EastJohn
Shelley Owen                                                  High Point, NC                                  Site Code    :   00000000
Weather: Sunny                                                                                                Start Date   :   6/21/2000
                                                                                                              Page No      :   2

                                                                 JOHNSON ST
                                                             Out      In    Total
                                                             4923    5601  10524
                                                               72       84   156
                                                             4995    5685  10680


                                                                 751 3420     1430
                                                                  31   36       17
                                                                 782 3456     1447
                                                               Right Thru     Left
                                 19107
                                   752
                                 19859
                                  Total




                                                                                                   10757

                                                                                                   10401
                   EASTCHESTER DRIVE




                                                                                                    EASTCHESTER DRIVE
                                                                                                    Out
                                           984
                                           951
                                            33




                                                                                                     356
                                                                                      Right Thru
                                          Left




                                                                      North




                                                                                        955 8204

                                                                                        945 7863
                                                                                         10
                           9585

                           9954
                             369




                                                             6/21/2000 6:00:00 AM
                                            927 8043
                                            915 7719
                                                 324




                                                                                                          10650

                                                                                                          10274
                                          Right Thru
                            In




                                                             6/21/2000 5:45:00 PM




                                                                                                            In
                                                                                             341




                                                                                                             376
                                                             Cars
                                             12




                                                                                      1491

                                                                                      1466
                    9522

                    9905




                                                                                      Left
                     383




                                                             Trucks
                    Out




                                                                                                                 21407

                                                                                                                 20675
                                                                                                                 Total
                                                                                        25




                                                                                                                   732
                                                               Left Thru Right
                                                                908 3027 1252
                                                                 11   29    15
                                                                919 3056 1267


                                                             5801    5187  10988
                                                               73       55   128
                                                             5874    5242  11116
                                                             Out      In    Total
                                                                 JOHNSON ST
                                                               City of High Point
                                                          Department of Transportation
Counted by: Claire Dennis &                                   Summer Count Program                                              File Name         :   EastJohn
Shelley Owen                                                     High Point, NC                                                 Site Code         :   00000000
Weather: Sunny                                                                                                                  Start Date        :   6/21/2000
                                                                                                                                Page No           :   3


                         JOHNSON ST                   EASTCHESTER DRIVE                      JOHNSON ST                     EASTCHESTER DRIVE
                         Southbound                       Westbound                          Northbound                         Eastbound
                                        App.                               App.                              App.                                App.     Int.
  Start Time    Left     Thru   Right          Left     Thru   Right               Left      Thru   Right            Left     Thru   Right
                                       Total                              Total                             Total                               Total    Total
Peak Hour From 06:00   AM to 09:45 AM - Peak 1 of 1
 Intersection 07:30    AM
       Volume    108       491    68     667    131      597      56        784      44       175     84      303      48      755      43        846     2600
      Percent   16.2      73.6  10.2           16.7     76.1     7.1               14.5      57.8   27.7              5.7     89.2     5.1
 07:45 Volume     25       155    25     205     41      153      17        211       8        48     24       80      12      200      14        226      722
  Peak Factor                                                                                                                                            0.900
    High Int. 07:45 AM                          08:15 AM                          07:45 AM                          07:30 AM
       Volume     25   155         25     205      51    149      12        212       8        48      24      80      11    218         7        236
  Peak Factor                           0.813                             0.925                             0.947                               0.896

Peak Hour From 10:00 AM to 01:45 PM - Peak 1 of 1
 Intersection 12:15 PM
       Volume    171    351     67     589    148     829         71      1048       91       289    112      492     121      808    140       1069      3198
      Percent   29.0   59.6   11.4           14.1    79.1        6.8               18.5      58.7   22.8             11.3     75.6   13.1
 01:00 Volume     40     81     21     142     45     226         17        288      23        65     25      113      32      219     31         282      825
  Peak Factor                                                                                                                                            0.969
    High Int. 12:30 PM                      01:00 PM                              12:15 PM                          12:45 PM
       Volume     45     94     15     154     45     226         17        288      29        87      25     141      42    209        48        299
  Peak Factor                        0.956                                0.910                             0.872                               0.894

Peak Hour From 02:00 PM to 05:45 PM - Peak 1 of 1
 Intersection 04:45 PM
       Volume    157    316     83     556    168     906       138       1212      138       565    169      872     142      804      97      1043      3683
      Percent   28.2   56.8   14.9           13.9    74.8      11.4                15.8      64.8   19.4             13.6     77.1     9.3
 05:15 Volume     42     95     32     169     48     214        35         297      34       161     49      244      42      213      25        280      990
  Peak Factor                                                                                                                                            0.930
    High Int. 05:15 PM                      04:45 PM                              05:00 PM                          05:15 PM
       Volume     42     95     32     169     42     246         37        325      39    187         48     274      42    213        25        280
  Peak Factor                        0.822                                0.932                             0.796                               0.931
