                                                           City of High Point
                                                      Department of Transportation
Counted by: Jennifer Hill &                               Summer Count Program                                     File Name      :   NC62Finch
Jenny Kennedy                                                High Point, NC                                        Site Code      :   00000041
Weather: Cloudy                                                                                                    Start Date     :   7/12/2000
                                                                                                                   Page No        :   1
                                                         Groups Printed- Cars - Trucks
                      FINCH FARM RD                     NC 62                     FINCH FARM RD                     NC 62
                        Southbound                    Westbound                     Northbound                    Eastbound
                                       App.                          App.                          App.                          App.     Int.
  Start Time   Left   Thru   Right            Left   Thru Right             Left   Thru Right             Left   Thru   Right
                                      Total                         Total                         Total                         Total    Total
   06:00 AM       1      7       0        8      0      3      3        6     11     60     14       85      1     46      10      57      156
   06:15 AM       0     14       1       15      3     22      0       25     21     80     28      129      3     55       8      66      235
   06:30 AM       1     21       2       24      2     24      5       31     30    108     40      178      2     62      14      78      311
   06:45 AM       1     18       3       22      2     12      6       20     42     90     24      156     10     37      13      60      258
      Total       3     60       6       69      7     61     14       82    104    338    106      548     16    200      45     261      960

   07:00 AM       1     20       2      23       2     20      3      25     14     72     15       101      1     31      13      45     194
   07:15 AM       2     23       0      25       0     17      5      22     13     84     17       114      7     28      19      54     215
   07:30 AM       2     26       1      29       3     18      6      27     26    110     32       168      4     55      20      79     303
   07:45 AM       2     20       1      23       3     17      7      27     26    102     20       148      4     35      13      52     250
      Total       7     89       4     100       8     72     21     101     79    368     84       531     16    149      65     230     962

   08:00 AM       4     19       3      26       7     18      7      32     16     59     15        90      3     36      18      57     205
   08:15 AM       3     16       6      25       4      5      1      10     14     61     11        86      1     23       6      30     151
   08:30 AM       3     20       4      27       6     12      7      25     11     37     16        64      4     19      14      37     153
   08:45 AM       2     28       4      34       4     14      2      20     16     38     13        67      2     14      10      26     147
      Total      12     83      17     112      21     49     17      87     57    195     55       307     10     92      48     150     656

   09:00 AM       5     13       3      21       3     19      6      28     15     33     16        64      1     24      10      35     148
   09:15 AM       2     27       0      29       3     14      5      22     11     24      8        43      4     18      12      34     128
   09:30 AM       1     20       2      23       9     18      4      31     10     27      9        46      3     22      12      37     137
   09:45 AM       1     22       4      27       1     14      2      17     14     41      8        63      2     11      13      26     133
      Total       9     82       9     100      16     65     17      98     50    125     41       216     10     75      47     132     546

   10:00 AM       3     22       1      26      10      9      1      20     19     22      6        47      6     25      10      41     134
   10:15 AM       2     22       2      26       4     21      6      31      5     28     11        44      2     20      18      40     141
   10:30 AM       3     17       0      20       6     11      4      21     12     31      7        50      2     20      14      36     127
   10:45 AM       6     20       2      28       4     19      4      27     12     23      5        40      1     23      13      37     132
      Total      14     81       5     100      24     60     15      99     48    104     29       181     11     88      55     154     534

   11:00 AM       3     25       4      32      13     30      4      47     12     27      9        48      4     18      14      36     163
   11:15 AM       3     23       2      28      13     22      3      38     10     25      3        38      5     16       5      26     130
   11:30 AM       3     28       4      35       8     27      6      41     14     29      7        50      4     27      16      47     173
   11:45 AM       6     25      10      41       7     33      4      44     17     30     15        62      7     21       8      36     183
      Total      15    101      20     136      41    112     17     170     53    111     34       198     20     82      43     145     649

   12:00 PM       4     39       7      50       8     29      7      44     20     21      9        50      1     23      21      45     189
   12:15 PM       5     34       2      41      15     33      4      52     14     29     13        56      5     33      17      55     204
   12:30 PM       5     23       3      31       9     22      6      37     15     29     10        54      9     30      16      55     177
   12:45 PM       4     23       5      32       7     32      8      47     13     34     11        58      6     30      25      61     198
      Total      18    119      17     154      39    116     25     180     62    113     43       218     21    116      79     216     768

   01:00 PM       6     28       2      36      15     16      3      34     17     25     11        53      2     23      12      37     160
   01:15 PM       7     26       2      35      11     39      7      57     21     19     12        52      3     19      14      36     180
   01:30 PM       3     33       3      39       9     22      3      34     15     27      7        49      5     23      23      51     173
   01:45 PM       4     22       3      29       9     19      3      31     13     30      9        52      3     19      13      35     147
      Total      20    109      10     139      44     96     16     156     66    101     39       206     13     84      62     159     660

   02:00 PM       2     34       7      43      15     29      3      47     20     22      9        51      3     32      13      48     189
   02:15 PM       2     35       3      40       7     30      3      40     10     22     15        47      6     21      29      56     183
   02:30 PM       5     30       3      38       7     33      3      43     18     24      5        47      5     24      23      52     180
   02:45 PM       5     27       3      35      17     28      6      51     15     26     13        54      5     19      14      38     178
      Total      14    126      16     156      46    120     15     181     63     94     42       199     19     96      79     194     730

   03:00 PM      11     32       2      45      14     31      5      50     19     27      9        55      2     14      16      32     182
   03:15 PM       5     32       7      44      12     25      4      41     17     27      9        53      5     23      21      49     187
   03:30 PM       3     69       4      76      25     48      1      74     12     18      5        35      1     39      40      80     265
   03:45 PM       5     69       4      78      24     83      3     110     25     30     11        66      2     32      20      54     308
      Total      24    202      17     243      75    187     13     275     73    102     34       209     10    108      97     215     942

   04:00 PM       8     73       5      86      25     63      7      95     26     36      6        68      3     29      23      55      304
   04:15 PM       3     70       3      76      19     58      9      86     26     29     10        65      2     23      32      57      284
   04:30 PM       5     88       5      98      28     80      8     116     27     22     11        60      2     30      25      57      331
   04:45 PM       4     89       7     100      26     57      8      91     29     33     11        73      2     27      43      72      336
      Total      20    320      20     360      98    258     32     388    108    120     38       266      9    109     123     241     1255

   05:00 PM       7    105       5     117      32     60     13     105     25     37     10        72      4     26      47      77      371
   05:15 PM       4    111      10     125      26     59      6      91     46     46     14       106      3     21      33      57      379
   05:30 PM       6     90       1      97      35     47      4      86     26     51     11        88      3     30      34      67      338
   05:45 PM       6     62       3      71      37     60      7     104     36     34      9        79      3     25      29      57      311
      Total      23    368      19     410     130    226     30     386    133    168     44       345     13    102     143     258     1399

 Grand Total   179    1740    160     2079     549   1422    232    2203    896   1939    589     3424    168    1301    886    2355     10061
    Apprch %   8.6    83.7    7.7             24.9   64.5   10.5           26.2   56.6   17.2             7.1    55.2   37.6
     Total %   1.8    17.3    1.6     20.7     5.5   14.1    2.3    21.9    8.9   19.3    5.9     34.0    1.7    12.9    8.8    23.4
                                                City of High Point
                                           Department of Transportation
Counted by: Jennifer Hill &                    Summer Count Program                       File Name    :   NC62Finch
Jenny Kennedy                                     High Point, NC                          Site Code    :   00000041
Weather: Cloudy                                                                           Start Date   :   7/12/2000
                                                                                          Page No      :   2

                                                   FINCH FARM RD
                                                 Out     In    Total
                                                 2228   1959    4187
                                                  111     120    231
                                                 2339   2079    4418


                                                     151 1639      169
                                                       9  101       10
                                                     160 1740      179
                                                   Right Thru     Left
                    4700

                    4833
                     133
                    Total




                                                                                       2069

                                                                                       2023
                                                                                       Out
                               168
                               159
                                  9




                                                                          Right Thru
                              Left




                                                                                         46
                                                          North




                                                                            232 1422

                                                                            224 1386
                                                                              8
                     2294

                     2355
                        61




                                                 7/12/2000 6:00:00 AM
                   NC 62




                                886 1301




                                                                                       NC 62
                                857 1278
                                      23

                              Right Thru
                      In




                                                                                        2203

                                                                                        2150
                                                 7/12/2000 5:45:00 PM




                                                                                         In
                                                                                  36




                                                                                           53
                                                 Cars
                                 29
                    2406

                    2478




                                                                          Left
                      72




                                                 Trucks




                                                                           549

                                                                           540
                    Out




                                                                                       Total
                                                                                       4272

                                                                                       4173
                                                                              9




                                                                                          99
                                                   Left Thru Right
                                                    869 1845   576
                                                     27   94    13
                                                    896 1939   589


                                                 3036   3290    6326
                                                  139     134    273
                                                 3175   3424    6599
                                                 Out     In    Total
                                                   FINCH FARM RD
                                                                 City of High Point
                                                            Department of Transportation
Counted by: Jennifer Hill &                                     Summer Count Program                                             File Name      :   NC62Finch
Jenny Kennedy                                                      High Point, NC                                                Site Code      :   00000041
Weather: Cloudy                                                                                                                  Start Date     :   7/12/2000
                                                                                                                                 Page No        :   3


                        FINCH FARM RD                         NC 62                       FINCH FARM RD                           NC 62
                          Southbound                        Westbound                       Northbound                          Eastbound
                                        App.                               App.                              App.                              App.     Int.
  Start Time    Left     Thru   Right          Left        Thru   Right            Left      Thru   Right            Left      Thru   Right
                                       Total                              Total                             Total                             Total    Total
Peak Hour From 06:00   AM to 09:45 AM - Peak 1 of 1
 Intersection 06:15    AM
       Volume      3        73     8      84      9          78     14      101     107       350    107      564      16       185     48      249     998
      Percent    3.6      86.9   9.5            8.9        77.2   13.9             19.0      62.1   19.0              6.4      74.3   19.3
 06:30 Volume      1        21     2      24      2          24      5       31      30       108     40      178       2        62     14       78      311
  Peak Factor                                                                                                                                          0.802
    High Int. 06:30 AM                          06:30 AM                          06:30 AM                          06:30 AM
       Volume      1       21       2      24       2        24       5      31      30    108         40     178       2        62      14      78
  Peak Factor                           0.875                             0.815                             0.792                             0.798

Peak Hour From 10:00 AM to 01:45 PM - Peak 1 of 1
 Intersection 12:00 PM
       Volume     18    119     17     154     39     116           25      180      62       113     43      218      21       116     79      216     768
      Percent   11.7   77.3   11.0           21.7    64.4         13.9             28.4      51.8   19.7              9.7      53.7   36.6
 12:15 Volume      5     34      2      41     15      33            4       52      14        29     13       56       5        33     17       55      204
  Peak Factor                                                                                                                                          0.941
    High Int. 12:00 PM                      12:15 PM                              12:45 PM                          12:45 PM
       Volume      4     39      7      50     15      33             4      52      13        34      11      58       6        30      25      61
  Peak Factor                        0.770                                0.865                             0.940                             0.885

Peak Hour From 02:00 PM to 05:45 PM - Peak 1 of 1
 Intersection 04:45 PM
       Volume     21    395     23     439    119     223            31     373     126       167     46      339      12       104    157      273     1424
      Percent    4.8   90.0    5.2           31.9    59.8           8.3            37.2      49.3   13.6              4.4      38.1   57.5
 05:15 Volume      4    111     10     125     26      59             6      91      46        46     14      106       3        21     33       57      379
  Peak Factor                                                                                                                                          0.939
    High Int. 05:15 PM                      05:00 PM                              05:15 PM                          05:00 PM
       Volume      4    111     10     125     32      60            13     105      46        46      14     106       4        26      47      77
  Peak Factor                        0.878                                0.888                             0.800                             0.886
