                                                          City of High Point
                                                     Department of Transportation
Counted by: Ashley Shaver &                              Summer Count Program                                     File Name      :   RndLbty
Shelley Owen                                                High Point, NC                                        Site Code      :   00000040
Weather: Cloudy                                                                                                   Start Date     :   7/12/2000
                                                                                                                  Page No        :   1
                                                         Groups Printed- Cars - Trucks
                      RANDOLPH ST                    LIBERTY DR                      NC 109                     LIBERTY DR
                       Southbound                     Westbound                    Northbound                    Eastbound
                                      App.                           App.                         App.                          App.     Int.
  Start Time   Left   Thru   Right           Left   Thru Right              Left  Thru Right             Left   Thru   Right
                                     Total                          Total                        Total                         Total    Total
   06:00 AM       7     17       0      24      5       1     15       21      0   111      63     174      0     19       0      19      238
   06:15 AM       5     15       1      21      4       2     15       21      0   157      71     228      1     34       1      36      306
   06:30 AM       7     25       1      33      6       4     24       34      0   200      96     296      2     48       1      51      414
   06:45 AM      17     42       0      59      8       8     21       37      0   174      80     254      2     63       1      66      416
      Total      36     99       2     137     23      15     75      113      0   642    310      952      5    164       3     172     1374

   07:00 AM      10     40       3     53       8      9     19       36      0    122     57      179      0     24       2      26      294
   07:15 AM      15     40       2     57      15     11     24       50      2    165     44      211      2     38       0      40      358
   07:30 AM      14     36       0     50       3      9     25       37      0    163     77      240      4     38       1      43      370
   07:45 AM      18     39       1     58      14      5     24       43      0    166     76      242      2     44       2      48      391
      Total      57    155       6    218      40     34     92      166      2    616    254      872      8    144       5     157     1413

   08:00 AM      10     36       3     49      12     11     22       45      1    123     37      161      3     30       3      36      291
   08:15 AM      16     44       0     60      11      9     11       31      0     95     24      119      4     24       4      32      242
   08:30 AM      15     47       0     62      11     10     18       39      3    104     16      123      2     20       1      23      247
   08:45 AM      19     38       3     60       5      5     27       37      1     87     18      106      1     20       1      22      225
      Total      60    165       6    231      39     35     78      152      5    409     95      509     10     94       9     113     1005

   09:00 AM      20     27       0     47      13     11     22       46      0     82     17       99      5     15       0      20     212
   09:15 AM      15     39       0     54       7      6     18       31      0     85     11       96      0      9       0       9     190
   09:30 AM      11     43       1     55       5      5     13       23      0     70     16       86      1     15       3      19     183
   09:45 AM      15     44       1     60      15      8     20       43      1     81      7       89      2      9       0      11     203
      Total      61    153       2    216      40     30     73      143      1    318     51      370      8     48       3      59     788

   10:00 AM      15     57       2     74      11     10     17       38      2     65     12       79      2     15       0      17     208
   10:15 AM      18     49       6     73       6      6     13       25      1     71     11       83      4      8       1      13     194
   10:30 AM      11     52       2     65       8      7     17       32      2     57     16       75      2     19       0      21     193
   10:45 AM      19     49       3     71       7      6     16       29      0     50      8       58      2     15       3      20     178
      Total      63    207      13    283      32     29     63      124      5    243     47      295     10     57       4      71     773

   11:00 AM      12     48       3     63      12      7     13       32      0     69      7       76      3     14       0      17     188
   11:15 AM      23     52       3     78       7      9     12       28      0     74     14       88      1      9       0      10     204
   11:30 AM      27     48       2     77      13     12     25       50      1     80     10       91      1      9       0      10     228
   11:45 AM      20     47       3     70       9     10     18       37      3     73     14       90      2     17       1      20     217
      Total      82    195      11    288      41     38     68      147      4    296     45      345      7     49       1      57     837

   12:00 PM      23     49       4     76      10     18     28       56      1     64      7       72      2     16       0      18     222
   12:15 PM      25     74       2    101      11     18     23       52      2     45      9       56      6     16       3      25     234
   12:30 PM      32     62       1     95      13      8     17       38      0     65     12       77      3     10       0      13     223
   12:45 PM      17     47       3     67      11      8      9       28      0     38     11       49      4     15       0      19     163
      Total      97    232      10    339      45     52     77      174      3    212     39      254     15     57       3      75     842

   01:00 PM      31     48       2     81      14      8     20       42      0     82     12       94      3     17       1      21     238
   01:15 PM      19     75       4     98      17     11     11       39      1     76      7       84      5     14       3      22     243
   01:30 PM      27     67       7    101      16      9     18       43      0     58      9       67      5     14       0      19     230
   01:45 PM      29     82       4    115      18      7     24       49      1     70     21       92      4     12       1      17     273
      Total     106    272      17    395      65     35     73      173      2    286     49      337     17     57       5      79     984

   02:00 PM      25     65       3     93      13      7     19       39      0     69     11       80      4     14       1      19     231
   02:15 PM      21     66       2     89      23     15     22       60      0     73     12       85      2     11       1      14     248
   02:30 PM      25     75       4    104      15     14     17       46      0     77     13       90      1     13       2      16     256
   02:45 PM      24     76       3    103      20     12     16       48      2     69     15       86      2      9       0      11     248
      Total      95    282      12    389      71     48     74      193      2    288     51      341      9     47       4      60     983

   03:00 PM      24     62       1     87      26     21     16       63      0     57     15       72      0      8       1       9      231
   03:15 PM      18     63       2     83      22     13     20       55      0     37     17       54      4     17       0      21      213
   03:30 PM      24    107       5    136      47     31     31      109      0     67     14       81      2     22       1      25      351
   03:45 PM      48    140       3    191      70     35     27      132      0     77     21       98      1     17       1      19      440
      Total     114    372      11    497     165    100     94      359      0    238     67      305      7     64       3      74     1235

   04:00 PM      38    128       5    171      62     27     19      108      2     69     15       86      3     14       2      19      384
   04:15 PM      38    110       7    155      54     23     16       93      1     62     12       75      7     10       3      20      343
   04:30 PM      27    134       1    162      51     34     22      107      1     78     22      101      5     15       0      20      390
   04:45 PM      46    141       4    191      78     32     23      133      3     50      9       62      3     18       2      23      409
      Total     149    513      17    679     245    116     80      441      7    259     58      324     18     57       7      82     1526

   05:00 PM      48    133       4    185      62     25     20      107      3     69     14       86      3     22       3      28      406
   05:15 PM      57    155       9    221      87     49     38      174      3     64     11       78      3     21       0      24      497
   05:30 PM      51    178       3    232      77     29     24      130      1     66     10       77      3     17       1      21      460
   05:45 PM      38    138       2    178      54     26     29      109      1     67     11       79      1     21       0      22      388
      Total     194    604      18    816     280    129    111      520      8    266     46      320     10     81       4      95     1751

 Grand Total   1114   3249    125    4488    1086    661    958     2705     39   4073   1112    5224     124    919      51   1094     13511
    Apprch %   24.8   72.4    2.8            40.1   24.4   35.4             0.7   78.0   21.3            11.3   84.0     4.7
     Total %    8.2   24.0    0.9    33.2     8.0    4.9    7.1     20.0    0.3   30.1    8.2    38.7     0.9    6.8     0.4    8.1
                                                            City of High Point
                                                       Department of Transportation
Counted by: Ashley Shaver &                                Summer Count Program                                File Name    :   RndLbty
Shelley Owen                                                  High Point, NC                                   Site Code    :   00000040
Weather: Cloudy                                                                                                Start Date   :   7/12/2000
                                                                                                               Page No      :   2

                                                                 RANDOLPH ST
                                                             Out      In    Total
                                                             4947    4278    9225
                                                              208      210    418
                                                             5155    4488    9643


                                                                 121 3060      1097
                                                                   4  189        17
                                                                 125 3249      1114
                                                               Right Thru      Left
                                  1888

                                  1919
                                     31
                                  Total




                                                                                                     3145

                                                                                                     3094
                                                                                                     Out
                                           124
                                           121
                                              3




                                                                                        Right Thru
                                          Left




                                                                                                       51
                                                                      North




                                                                                          958

                                                                                          936
                                                                                           22
                       LIBERTY DR




                                                                                                     LIBERTY DR
                            1080

                            1094
                               14




                                                             7/12/2000 6:00:00 AM
                                                 919
                                                 909
                                                  10

                                          Right Thru
                             In




                                                                                                         2705

                                                                                                         2631
                                                             7/12/2000 5:45:00 PM




                                                                                                          In
                                                                                               661

                                                                                               649
                                                                                                12




                                                                                                            74
                                                             Cars
                                             51
                                             50
                                              1




                                                                                        1086

                                                                                        1046
                                                                                        Left
                    808
                     17
                    825




                                                             Trucks
                   Out




                                                                                                                Total
                                                                                          40



                                                                                                                5850

                                                                                                                5725
                                                                                                                 125
                                                               Left Thru Right
                                                                 38 3890 1088
                                                                   1 183    24
                                                                 39 4073 1112


                                                             4156      5016     9172
                                                              230        208     438
                                                             4386      5224     9610
                                                             Out        In      Total
                                                                      NC 109
                                                                 City of High Point
                                                            Department of Transportation
Counted by: Ashley Shaver &                                     Summer Count Program                                             File Name      :   RndLbty
Shelley Owen                                                       High Point, NC                                                Site Code      :   00000040
Weather: Cloudy                                                                                                                  Start Date     :   7/12/2000
                                                                                                                                 Page No        :   3


                         RANDOLPH ST                       LIBERTY DR                          NC 109                          LIBERTY DR
                          Southbound                        Westbound                        Northbound                         Eastbound
                                        App.                               App.                              App.                              App.     Int.
  Start Time    Left     Thru   Right          Left        Thru   Right            Left      Thru   Right            Left      Thru   Right
                                       Total                              Total                             Total                             Total    Total
Peak Hour From 06:00   AM to 09:45 AM - Peak 1 of 1
 Intersection 06:30    AM
       Volume     49       147     6     202     37          32     88      157       2       661    277      940       6       173       4     183     1482
      Percent   24.3      72.8   3.0           23.6        20.4   56.1              0.2      70.3   29.5              3.3      94.5     2.2
 06:45 Volume     17        42     0      59      8           8     21       37       0       174     80      254       2        63       1      66      416
  Peak Factor                                                                                                                                          0.891
    High Int. 06:45 AM                          07:15 AM                          06:30 AM                          06:45 AM
       Volume     17       42       0      59      15        11      24      50       0    200         96     296       2        63       1      66
  Peak Factor                           0.856                             0.785                             0.794                             0.693

Peak Hour From 10:00 AM to 01:45 PM - Peak 1 of 1
 Intersection 01:00 PM
       Volume    106    272     17     395     65      35           73      173       2       286     49      337      17        57       5      79     984
      Percent   26.8   68.9    4.3           37.6    20.2         42.2              0.6      84.9   14.5             21.5      72.2     6.3
 01:45 Volume     29     82      4     115     18       7           24       49       1        70     21       92       4        12       1      17      273
  Peak Factor                                                                                                                                          0.901
    High Int. 01:45 PM                      01:45 PM                              01:00 PM                          01:15 PM
       Volume     29     82      4     115     18       7            24      49       0        82      12      94       5        14       3      22
  Peak Factor                        0.859                                0.883                             0.896                             0.898

Peak Hour From 02:00 PM to 05:45 PM - Peak 1 of 1
 Intersection 04:45 PM
       Volume    202    607     20     829    304     135          105      544      10       249     44      303      12        78       6      96     1772
      Percent   24.4   73.2    2.4           55.9    24.8         19.3              3.3      82.2   14.5             12.5      81.3     6.3
 05:15 Volume     57    155      9     221     87      49           38      174       3        64     11       78       3        21       0      24      497
  Peak Factor                                                                                                                                          0.891
    High Int. 05:30 PM                      05:15 PM                              05:00 PM                          05:00 PM
       Volume     51    178      3     232     87      49            38     174       3        69      14      86       3        22       3      28
  Peak Factor                        0.893                                0.782                             0.881                             0.857
