                                                                                 Chittenden County MPO
                                                                                          30 Kimball Ave.
                                                                                 South Burlington, Vermont 05403
ID : BURL-23 ~AUTO/PED COUNT                                                          http://www.ccmpo.org                                                                       File Name       : burl23
LOC : PINE ST & HOME AVE                                                                                                                                                         Site Code       : BURL-23
CITY : Burlington, VT / Sunny                                                                                                                                                    Start Date      : 6/2/2009
COUNTERS : TN, EP, KP                                                                                                                                                            Page No         :1


                                                                                           Groups Printed- Autos
                                 Pine St                                      Home Ave                                     Pine St.                                     Home Ave.
                               From North                                     From East                                  From South                                     From West
Start Time      Right   Thru       Left   Peds    App. Total   Right   Thru      Left   Peds   App. Total   Right   Thru      Left  Peds    App. Total   Right   Thru       Left  Peds    App. Total   Int. Total
   07:00 AM         1     18        14        0         33        39     11         2       0         52        3     19        0       4         26         0     23         8       0         31          142
   07:15 AM         2     26        27        0         55        50      6         3       2         61        1     21        2       0         24         0     21         8       1         30          170
   07:30 AM         2     20        33        2         57        48     14         3       1         66        8     16        2       0         26         1     34        11       0         46          195
   07:45 AM         9     37        42        0         88        38     19         8       2         67        4     46        2       0         52         2     32        12       0         46          253
        Total      14    101       116        2        233      175      50       16        5        246       16    102        6       4        128         3    110        39       1        153          760

   08:00 AM        9     42         31       0          82       56     22          3       0         81       6     46        1       4          57        3     29        17       0          49          269
   08:15 AM       12     31         30       1          74       37     30          5       0         72       4     34        1       1          40        1     32        16       0          49          235
   08:30 AM        5     40         27       0          72       45     32          4       0         81       3     21        1       1          26        1     27         9       1          38          217
   08:45 AM       12     41         31       0          84       42     21          4       1         68       6     29        2       0          37        2     24         9       0          35          224
        Total     38    154        119       1         312      180    105         16       1        302      19    130        5       6         160        7    112        51       1         171          945

   09:00 AM       11     31         15       0          57       26     15          3       0         44       5      23       3       0          31        1     21         4       0           26         158
   09:15 AM        4     23         14       1          42       23     22          1       2         48       0      25       0       2          27        2     20        11       1           34         151
   09:30 AM        6     32         24       0          62       26     17          4       1         48       6      16       0       1          23        2      5         1       0            8         141
   09:45 AM        6     30         20       1          57       31     15          1       0         47       1      19       1       0          21        4     14         5       0           23         148
        Total     27    116         73       2         218      106     69          9       3        187      12      83       4       3         102        9     60        21       1           91         598

   10:00 AM        9     38         26       0          73       35     17          2       0         54       2      19       3       0          24        2     23        10       0          35          186
   10:15 AM        8     32         31       2          73       18     15          2       0         35       4      19       0       4          27        3     22         3       1          29          164
   10:30 AM        5     37         17       4          63       15     20          1       2         38       2      20       1       1          24        0     24         2       0          26          151
   10:45 AM        8     33         28       2          71       20     12          1       3         36       2      30       1       0          33        1     29         7       0          37          177
        Total     30    140        102       8         280       88     64          6       5        163      10      88       5       5         108        6     98        22       1         127          678

   11:00 AM        9     37         30       0          76       23     22          3       0         48       2      29       0       1          32        2     27         5       0          34          190
   11:15 AM        6     33         40       1          80       23     20          5       0         48       3      13       0       3          19        1     18        10       0          29          176
   11:30 AM        5     49         32       0          86       21     28          3       1         53       3      20       0       0          23        5     19        13       0          37          199
   11:45 AM       10     58         27       3          98       32     32          4       0         68       2      26       1       3          32        2     28        15       0          45          243
        Total     30    177        129       4         340       99    102         15       1        217      10      88       1       7         106       10     92        43       0         145          808

   12:00 PM       12     55         51       3         121       28     24          6       4         62       4     23        4       4          35        1     25        16       0          42          260
   12:15 PM        7     50         31       1          89       30     21          1       0         52       6     30        0       5          41        3     31         9       0          43          225
   12:30 PM        7     44         41       0          92       25     29          5       1         60       0     30        2       2          34        3     31        11       0          45          231
   12:45 PM       12     39         32       0          83       43     23          0       8         74       7     39        1       0          47        1     21        11       0          33          237
        Total     38    188        155       4         385      126     97         12      13        248      17    122        7      11         157        8    108        47       0         163          953

   01:00 PM        9     53         37       0          99       32     25          4       1         62       1     29        0       1          31        2     24        10       2          38          230
   01:15 PM        8     50         36       2          96       21     28          4       1         54       4     32        3       0          39        3     17        11       0          31          220
   01:30 PM       10     47         22       0          79       29     19          4       2         54       4     29        1       0          34        4     17         7       0          28          195
   01:45 PM        9     50         30       1          90       28     28          5       1         62       4     26        3       2          35        1     22        11       3          37          224
        Total     36    200        125       3         364      110    100         17       5        232      13    116        7       3         139       10     80        39       5         134          869
                                                                                    Chittenden County MPO
                                                                                             30 Kimball Ave.
                                                                                    South Burlington, Vermont 05403
ID : BURL-23 ~AUTO/PED COUNT                                                             http://www.ccmpo.org                                                                          File Name       : burl23
LOC : PINE ST & HOME AVE                                                                                                                                                               Site Code       : BURL-23
CITY : Burlington, VT / Sunny                                                                                                                                                          Start Date      : 6/2/2009
COUNTERS : TN, EP, KP                                                                                                                                                                  Page No         :2
                                                                                              Groups Printed- Autos
                                   Pine St                                       Home Ave                                     Pine St.                                      Home Ave.
                                 From North                                      From East                                  From South                                      From West
Start Time       Right   Thru        Left   Peds    App. Total   Right   Thru       Left   Peds   App. Total   Right   Thru      Left  Peds    App. Total   Right   Thru        Left  Peds      App. Total   Int. Total
    02:00 PM         6     52         36        0         94        26     24          0       1         51        2     25        0       2         29         2     14         12       1           29          203
    02:15 PM        11     45         20        0         76        28     20          8       0         56        5     18        0       0         23         2     14         10     11            37          192
    02:30 PM         8     41         38        0         87        19     20        11        1         51        5     20        1       0         26         1     24          8       0           33          197
    02:45 PM         9     38         29        1         77        25     21          2       2         50        3     23        4       0         30         1     17         10       1           29          186
         Total      34    176        123        1        334        98     85        21        4        208       15     86        5       2        108         6     69         40     13           128          778

    03:00 PM       15      43         52       4         114       16      24          7       1         48       9      19       2       1          31        2      16         10        2          30          223
    03:15 PM        5      58         36       2         101       25      28          4       2         59       0      16       2       1          19        3      18          9        0          30          209
    03:30 PM        8      48         42       0          98       18      25          1       1         45       4      25       2       3          34        0      22          3        4          29          206
    03:45 PM        9      46         37       1          93       28      28          3       0         59       1      22       0       0          23        1      23          7        0          31          206
         Total     37     195        167       7         406       87     105         15       4        211      14      82       6       5         107        6      79         29        6         120          844

    04:00 PM        5      57         41      12         115       31      23          5       0         59       3      24       1       1          29        1      27          6        0          34          237
    04:15 PM        7      70         42       3         122       19      32          5       5         61       3      27       3       2          35        2      25          8        4          39          257
    04:30 PM        6      49         43       5         103       23      31          2       1         57       4      30       2       0          36        3      28          8        0          39          235
    04:45 PM        6      51         59       4         120       31      27          7       3         68       6      38       2       4          50        2      26          7        0          35          273
         Total     24     227        185      24         460      104     113         19       9        245      16     119       8       7         150        8     106         29        4         147         1002

    05:00 PM        2      68         46       0         116       23      33          4       0         60       4      40       1       6          51        2      46         11        1          60          287
    05:15 PM        8      52         61       1         122       26      23         11       0         60       6      47       5       2          60        4      30         13        0          47          289
    05:30 PM        9      59         65       3         136       29      42          4       2         77      14      48       2       0          64        5      31         12        0          48          325
    05:45 PM       12      57         58       1         128       35      35          3       0         73       4      29       3       2          38        7      40         15        1          63          302
         Total     31     236        230       5         502      113     133         22       2        270      28     164      11      10         213       18     147         51        2         218         1203

    06:00 PM        9      54         46       1         110       24      32          3       2         61       3      23       3       0          29        1      33         13        0          47          247
    06:15 PM       10      31         45       0          86       16      26          1       3         46       1      21       2       2          26        1      22         18        0          41          199
    06:30 PM        9      44         37       0          90       16      26          1       1         44       2      17       0       3          22        3      25         11        0          39          195
    06:45 PM        7      39         24       0          70       18      38          0       1         57       1      19       2       1          23        1      18         13        1          33          183
         Total     35     168        152       1         356       74     122          5       7        208       7      80       7       6         100        6      98         55        1         160          824

  Grand Total     374    2078       1676       62       4190     1360    1145       173       59      2737      177    1260      72       69       1578        97   1159        466        35       1757       10262
    Apprch %       8.9    49.6         40     1.5                 49.7    41.8       6.3     2.2               11.2     79.8    4.6      4.4                  5.5      66      26.5         2
      Total %      3.6    20.2       16.3     0.6        40.8     13.3    11.2       1.7     0.6       26.7      1.7    12.3    0.7      0.7        15.4      0.9    11.3        4.5      0.3        17.1
                                                          Chittenden County MPO
                                                                   30 Kimball Ave.
                                                          South Burlington, Vermont 05403
ID : BURL-23 ~AUTO/PED COUNT                                   http://www.ccmpo.org                                   File Name    : burl23
LOC : PINE ST & HOME AVE                                                                                              Site Code    : BURL-23
CITY : Burlington, VT / Sunny                                                                                         Start Date   : 6/2/2009
COUNTERS : TN, EP, KP                                                                                                 Page No      :3

                                                                          Pine St
                                                                  Out        In       Total
                                                                  3086      4190       7276


                                                                   374 2078    1676   62
                                                                 Right Thru    Left Peds




                                3348


                                         466




                                                                                              Right Thru
                                Total




                                                                                              1360 1145
                                        Left




                                                                                                           3012
                                                                                                           Out
                                                                           North
                                                97 1159
                                        Peds Right Thru
                            Home Ave.




                                                                                                           Home Ave
                               1757
                                In




                                                                                                             2737
                                                                                                              In
                                                                  6/2/2009 07:00 AM




                                                                                              Left Peds
                                                                  6/2/2009 06:45 PM




                                                                                               173
                                1591




                                                                  Autos
                                Out




                                                                                                           Total
                                          35




                                                                                                           5749
                                                                                                     59
                                                                 Left Thru Right Peds
                                                                   72 1260   177   69


                                                                  2348      1578       3926
                                                                  Out        In       Total
                                                                          Pine St.
