                                                                                 Chittenden County MPO
                                                                                          30 Kimball Ave.
                                                                                  South Burlington, Vermont 05403
BURL22 - Aggregate                                                                    http://www.ccmpo.org/                                                                       File Name          : BURL22
Intersection of Pine St. and Flynn Ave.                                                                                                                                           Site Code          : 22
Burlington, VT / Cloudy                                                                                                                                                           Start Date         : 7/22/2008
EP JW JS CB CD                                                                                                                                                                    Page No            :1


                                                                                    Groups Printed- Cars - Trucks - Buses
                                Pine St SB                                  Flynn Ave WB                                     Pine St NB                                   Flynn Ave EB
                                From North                                    From East                                      From South                                    From West
Start Time       Right   Thru       Left Bike/Ped   App. Total   Right   Thru     Left Bike/Ped App. Total    Right    Thru      Left Bike/Ped   App. Total   Right   Thru     Left Bike/Ped   App. Total   Int. Total
    07:00 AM         6     43        13         2         64        33      9       0         2        44         1       42        4        2         49         0      3       5         3          11         168
    07:15 AM        10     58        23         2         93        39     14       1         3        57         4       70        1        3         78         0      7       6         1          14         242
    07:30 AM        10     77        19         3        109        47     19       2         4        72         3       93        2        3        101         1     12       4         2          19         301
    07:45 AM        20     80        27         3        130        49     35       3         1        88         3       82        2        2         89         2      9      12         3          26         333
         Total      46    258        82        10        396      168      77       6        10      261         11     287         9       10        317         3     31      27         9          70        1044

    08:00 AM        7     93         28        4         132       40      23        2       4         69         2      73        4        4          83        3      11       8        3          25          309
    08:15 AM       16     91         23        3         133       36      19        3       8         66         1      77        3        1          82        3      16      12        3          34          315
    08:30 AM        8     73         25        1         107       40      32        2       2         76         5      73        1        0          79        4      15       8        2          29          291
    08:45 AM       17     86         21        4         128       47      24        0       1         72         1      93        2        8         104        2      11      11        5          29          333
         Total     48    343         97       12         500      163      98        7      15        283         9     316       10       13         348       12      53      39       13         117         1248

    09:00 AM        2     15          3        2          22       37      24        3        0        64        8       57        3        1          69        2       8       2        1           13         168
    09:15 AM       11     78         27        4         120       30      23        2        0        55        4       42        0        4          50        7      10      12        2           31         256
    09:30 AM       14     72         20        2         108       45      14        1        2        62        6       59        4        2          71        5      15      13        1           34         275
    09:45 AM       16     74         27        3         120       33       8        3        2        46        0       54        2        3          59        2      13       5        1           21         246
         Total     43    239         77       11         370      145      69        9        4       227       18      212        9       10         249       16      46      32        5           99         945

    10:00 AM       17     62         29        1         109       32      14        3        3        52        4       50        7        1          62        1      17      10        1           29         252
    10:15 AM       13     75         28        0         116       30      16        0        3        49        5       56        2        1          64        3       7       1        0           11         240
    10:30 AM       10     88         26        0         124       26      14        2        2        44        3       52        3        5          63        1      16      11        2           30         261
    10:45 AM        9     76         36        1         122       25      14        6        0        45        1       55        2        1          59        3       8      14        4           29         255
         Total     49    301        119        2         471      113      58       11        8       190       13      213       14        8         248        8      48      36        7           99        1008

    11:00 AM       14     86         21        0         121       28      12        5        0        45        5       52        2        1          60        2      17      14        5          38          264
    11:15 AM       13     92         26        0         131       22       9        4        2        37        1       50        3        1          55        4      17      17        5          43          266
    11:30 AM       16    104         34        1         155       34      14        5        1        54        2       58        3        4          67        6      11       9        0          26          302
    11:45 AM       27     98         39        3         167       39      23        1        1        64        4       79        1        1          85        6      18      15        0          39          355
         Total     70    380        120        4         574      123      58       15        4       200       12      239        9        7         267       18      63      55       10         146         1187

    12:00 PM       23    112         46        1         182       38      12        9        0        59        4       79        4        5          92        7      19      11        4          41          374
    12:15 PM       22    111         36        1         170       35      18        4        2        59        4       71        2        0          77        5      19      19        3          46          352
    12:30 PM       27     80         33        4         144       25      15        1        2        43        3       82       10        1          96        4      15      12        1          32          315
    12:45 PM       14    105         37        0         156       43      14        6        1        64        1       89        3        0          93        4      12      16        3          35          348
         Total     86    408        152        6         652      141      59       20        5       225       12      321       19        6         358       20      65      58       11         154         1389

    01:00 PM       15     97         46        2         160       36      29        4       6         75        6       69        0        2          77        5       7      10        1          23          335
    01:15 PM       10     87         30        0         127       29      24        6       4         63        3       60        3        2          68        3      14       7        2          26          284
    01:30 PM       18    106         31        4         159       19      11        5       3         38        3       78        3        1          85        7      10      13        5          35          317
    01:45 PM       13     86         31        0         130       22      17        5       3         47        3       71        6        2          82        2       9       6        0          17          276
         Total     56    376        138        6         576      106      81       20      16        223       15      278       12        7         312       17      40      36        8         101         1212
                                                                                   Chittenden County MPO
                                                                                            30 Kimball Ave.
                                                                                    South Burlington, Vermont 05403
BURL22 - Aggregate                                                                      http://www.ccmpo.org/                                                                       File Name          : BURL22
Intersection of Pine St. and Flynn Ave.                                                                                                                                             Site Code          : 22
Burlington, VT / Cloudy                                                                                                                                                             Start Date         : 7/22/2008
EP JW JS CB CD                                                                                                                                                                      Page No            :2

                                                                                      Groups Printed- Cars - Trucks - Buses
                                  Pine St SB                                  Flynn Ave WB                                     Pine St NB                                   Flynn Ave EB
                                  From North                                    From East                                      From South                                    From West
Start Time        Right   Thru        Left Bike/Ped   App. Total   Right   Thru     Left Bike/Ped App. Total    Right    Thru      Left Bike/Ped   App. Total   Right   Thru     Left Bike/Ped   App. Total   Int. Total
     02:00 PM        16    107         26         1        150        37     16       4         1        58         1       69        3        0         73         2     22       6         5         35          316
     02:15 PM        16     93         31         1        141        38     18       3         7        66         4       58        3        3         68         5     18      19         4         46          321
     02:30 PM        12    108         48         6        174        25     16       3         2        46         2       60        2        4         68         8     10      14         2         34          322
     02:45 PM        12     85         29         0        126        38     10       2         2        52         1       62        3        2         68         7     30      14         1         52          298
          Total      56    393        134         8        591      138      60      12        12      222          8     249        11        9        277        22     80      53        12        167         1257

     03:00 PM       12     125         49        4         190       34       8        2        5        49        3       77        2        2          84        3      23      12        7          45          368
     03:15 PM       15      88         43        3         149       28      17        1        1        47        2       68        7        2          79        5      21      14        1          41          316
     03:30 PM       15     123         52        6         196       26      14        5        0        45        3       72        4        3          82        5      16      14        3          38          361
     03:45 PM       21      90         49        3         163       27      17        3        2        49        4       53        1        2          60        1      13      14        3          31          303
          Total     63     426        193       16         698      115      56       11        8       190       12      270       14        9         305       14      73      54       14         155         1348

     04:00 PM        6      94         39        5         144       27      13        2        0        42        1       53        3        5          62        2      10      14        5          31          279
     04:15 PM       18     127         49        6         200       33      16        2        2        53        5       60        1        2          68        5      23      14        3          45          366
     04:30 PM       15     161         66        5         247       19      14        3        1        37        6       78        3        1          88        5      25      18        1          49          421
     04:45 PM       22     164         65        4         255       30      11        3        1        45        6       63        5        3          77        5      15      14        8          42          419
          Total     61     546        219       20         846      109      54       10        4       177       18      254       12       11         295       17      73      60       17         167         1485

     05:00 PM       20     167         71        4         262       33      20        7        2        62        4       82        6        1          93        3      16      18        5          42          459
     05:15 PM       20     148         51        2         221       31      14        3        1        49        5       58        0        3          66        3      18      19        3          43          379
     05:30 PM       14     156         54        3         227       33      14        2        0        49        2       68        2        2          74        7      34      11        1          53          403
     05:45 PM        9     107         41        5         162       22      13        4        0        39        1       65        1        0          67        5       9      16        1          31          299
          Total     63     578        217       14         872      119      61       16        3       199       12      273        9        6         300       18      77      64       10         169         1540

     06:00 PM       12     106         43        2         163       23      18        2        5        48        4       65        0        0          69        3      11      13        4          31          311
     06:15 PM       10      83         35        5         133       17       4        2        3        26        2       49        0        2          53        5       6      11        0          22          234
     06:30 PM       12      72         19        3         106       21      10        2        1        34        3       53        2        0          58        4      17      18        1          40          238
     06:45 PM        7      76         15        1          99        8       6        0        4        18        1       25        0        1          27        2       9       8        0          19          163
          Total     41     337        112       11         501       69      38        6       13       126       10      192        2        3         207       14      43      50        5         112          946

   Grand Total     682    4585       1660      120        7047     1509     769      143      102      2523      150     3104      130       99        3483      179     692     564      121        1556       14609
     Apprch %       9.7    65.1       23.6      1.7                 59.8   30.5       5.7        4                4.3     89.1      3.7     2.8                 11.5    44.5    36.2       7.8
       Total %      4.7    31.4       11.4      0.8        48.2     10.3     5.3        1      0.7      17.3        1     21.2      0.9     0.7         23.8      1.2     4.7     3.9      0.8        10.7
          Cars     653    4433       1548        53       6687     1397     720      135        58     2310      145     2999      129       44        3317      175     652     553        81       1461       13775
       % Cars     95.7     96.7       93.3    44.2         94.9     92.6   93.6     94.4     56.9       91.6    96.7      96.6    99.2     44.4         95.2    97.8    94.2       98    66.9         93.9        94.3
        Trucks       29      85        102       67         283       99      49        8       43       199        5       57        1      55          118        4      40      11       40          95         695
     % Trucks       4.3     1.9         6.1   55.8             4     6.6     6.4      5.6    42.2         7.9     3.3      1.8      0.8    55.6           3.4     2.2     5.8       2    33.1          6.1          4.8
        Buses         0      67          10       0           77      13       0        0        1         14       0       48        0       0            48       0       0       0        0           0         139
      % Buses         0     1.5         0.6       0          1.1     0.9       0        0        1        0.6       0      1.5        0       0           1.4       0       0       0        0           0            1
