                                                                          All Traffic Data Services, Inc.
                                                                    15105 SE 17th St. Vancouver, WA. 98683
                                                                                  503-833-2740

                                                                                                                                         File Name         : 35th&Hwy34
                                                                                                                                         Site Code         : 00000000
                                                                                                                                         Start Date        : 5/16/2012
                                                                                                                                         Page No           :1
       Groups Printed- Class 1 - Class 2 - Class 3 - Class 4 - Class 5 - Class 6 - Class 7 - Class 8 - Class 9 - Class 10 - Class 11 - Class 12 - Class 13 - Bicycle
                       35TH ST                           HWY 34                            35TH ST                           HWY 34
                     Southbound                        Westbound                         Northbound                         Eastbound
Start Time Left Thru Right Peds App. Total Left Thru Right Peds App. Total Left Thru Right Peds App. Total Left Thru Right Peds App. Total Exclu. Total Inclu. Total Int. Total
     06:00     4     1     0      0       5     5     46      4    0       55      0     4      4    1        8     0    56      0     0      56       1     124         125
     06:15     2     4     1      0       7     7     60      4    2       71      0     6      7    1       13     1    76      1     2      78       5     169         174
     06:30     3     3     0      0       6     5     92    11     1      108      0     8      9    1       17     0    99      0     0      99       2     230         232
     06:45     7     6     0      0      13    13     82      5    0      100      0   16     12     3       28     1    97      4     2     102       5     243         248
      Total   16    14     1      0      31    30 280       24     3      334      0   34     32     6       66     2 328        5     4     335      13     766         779

     07:00     5      7      0     0      12     11     79     13      1    103      0    10     11     4       21      2   108      2     2      112       7     248     255
     07:15    10     17      4     0      31     25    101     10      2    136      1    17     14     5       32      2   136      2     0      140       7     339     346
     07:30     9     38      3     0      50     28    106     15      2    149      1    34     37    12       72      5   161      6     1      172      15     443     458
     07:45     9     46      5     0      60     46    136     26      4    208      2    83     46    14      131     17   155      0     3      172      21     571     592
     Total    33    108     12     0     153    110    422     64      9    596      4   144    108    35      256     26   560     10     6      596      50    1601    1651

     08:00     5     46      6     0      57     24    119     26      0    169     10    84     56     5      150      6   141      9     0      156       5     532     537
     08:15     6     16      6     0      28     15    128     18      1    161      4    35     24     7       63      2   142      0     0      144       8     396     404
     08:30    11     15      2     0      28     13    126     26      1    165      2    52     20     8       74      2   122      2     2      126      11     393     404
     08:45     9     14      2     1      25     19    103     17      0    139      1    29     20    10       50      6   129      2     2      137      13     351     364
     Total    31     91     16     1     138     71    476     87      2    634     17   200    120    30      337     16   534     13     4      563      37    1672    1709

     09:00     3      9      5     0      17     10     94     10      1    114      2     18    17     2       37      3   122      2     1      127       4     295     299
     09:15    10     15      5     0      30     15     77      8      0    100      0     22    19     6       41      2   137      0     3      139       9     310     319
     09:30    12     13      3     0      28     11    104     13      1    128      2     22    17     6       41      4   129      1     2      134       9     331     340
     09:45     4     25      3     0      32     15     91      9      0    115      1     20    19     9       40      5   120      4     2      129      11     316     327
     Total    29     62     16     0     107     51    366     40      2    457      5     82    72    23      159     14   508      7     8      529      33    1252    1285

     10:00     2     20      1     0      23     13     83      8      1    104      3     22    20     4       45      2   122      1     0      125       5     297     302
     10:15     5     17      5     0      27     14     76      5      1     95      0     26    13    10       39      3   115      2     0      120      11     281     292
     10:30     1     20      5     1      26     19     91     10      1    120      1      8    18     2       27      4   112      3     1      119       5     292     297
     10:45     9     18      3     0      30     11    108      5      3    124      1     14    20     3       35      2   121      2     2      125       8     314     322
     Total    17     75     14     1     106     57    358     28      6    443      5     70    71    19      146     11   470      8     3      489      29    1184    1213

     11:00     5     22      5     1      32     15    101      5      2    121      1    24     22    12       47      6   127      1     1      134      16     334     350
     11:15     6     18     11     0      35     21     98      2      0    121      5    25     24    24       54      1   122      0     1      123      25     333     358
     11:30    16     23      9     0      48     15    106     10      0    131      2    29     27    23       58      7   109      0     3      116      26     353     379
     11:45     9     35     10     0      54     17    116      4      1    137      3    28     24     4       55      3   117      2     2      122       7     368     375
     Total    36     98     35     1     169     68    421     21      3    510     11   106     97    63      214     17   475      3     7      495      74    1388    1462

     12:00     9     40      9     0      58     17     96      6      0    119      4     24    20     0       48      2   126      1     3      129       3     354     357
     12:15     4     18      3     0      25     12     95      8      2    115      3     24    25     5       52      4   134      4     3      142      10     334     344
     12:30     5     19      5     0      29     11     88      5      1    104      1     14    11     4       26      3   107      2     2      112       7     271     278
     12:45    10     16      2     0      28     20    110      8      2    138      2     21    22     6       45      3   118      3     5      124      13     335     348
     Total    28     93     19     0     140     60    389     27      5    476     10     83    78    15      171     12   485     10    13      507      33    1294    1327

     13:00    10     28      7     0      45     16    108      8      2    132      2     20    18     5       40      1   109      2     2      112       9     329     338
     13:15    13     24      4     0      41     14    100     11      0    125      1     24    14     8       39      4   121      1     0      126       8     331     339
     13:30     7     27      5     0      39     22    111      7      3    140      1     30    19     4       50     12   106      0     1      118       8     347     355
     13:45    13     21      8     0      42     28    118      9      0    155      2     14    19     4       35      2   128      0     0      130       4     362     366
     Total    43    100     24     0     167     80    437     35      5    552      6     88    70    21      164     19   464      3     3      486      29    1369    1398

     14:00     7     30      4     0      41     13    118      4      1    135      0    21     28     1       49      4   115      3     1      122       3     347     350
     14:15     6     27      4     0      37     14    133      7      2    154      1    20     21     1       42      5   115      2     4      122       7     355     362
     14:30    14     51      5     0      70     47    103      5      0    155      2    22     17     5       41      6   122      4     4      132       9     398     407
     14:45     9     41      6     0      56     24    124      7      1    155     15    59     38     6      112      6   132      2     5      140      12     463     475
     Total    36    149     19     0     204     98    478     23      4    599     18   122    104    13      244     21   484     11    14      516      31    1563    1594

     15:00    15     20      3     0      38     15    113      9      2    137      4    21     21    10       46      2   113      0     3      115      15     336     351
     15:15    11     30      6     0      47     18    123      3      2    144      3    28     13     4       44      4   130      4     3      138       9     373     382
     15:30    20     29     11     0      60     19    137      9      0    165      5    42     23     9       70      6   195      3     1      204      10     499     509
     15:45    16     43      7     0      66     33    124      9      1    166      2    31     33     3       66      7   158      2     2      167       6     465     471
     Total    62    122     27     0     211     85    497     30      5    612     14   122     90    26      226     19   596      9     9      624      40    1673    1713

     16:00    22     66     11     0      99     21    144      2      1    167      7    20     29     9       56      7   180      6     6      193      16     515     531
     16:15    16     44      4     0      64     38    161     13      1    212      6    29     28     4       63      7   167      3     2      177       7     516     523
     16:30    24     39      8     0      71     32    152      7      1    191      4    28     34    10       66      3   157      1    10      161      21     489     510
     16:45    19     40      6     0      65     27    147      8      1    182      6    27     26    10       59     12   191      3     4      206      15     512     527
     Total    81    189     29     0     299    118    604     30      4    752     23   104    117    33      244     29   695     13    22      737      59    2032    2091

     17:00    30     67     20     0     117     28    160      5      1    193     10     31    27      8      68      7   192      3     4      202      13     580      593
                                                                          All Traffic Data Services, Inc.
                                                                    15105 SE 17th St. Vancouver, WA. 98683
                                                                                  503-833-2740

                                                                                                                                         File Name         : 35th&Hwy34
                                                                                                                                         Site Code         : 00000000
                                                                                                                                         Start Date        : 5/16/2012
                                                                                                                                         Page No           :2
       Groups Printed- Class 1 - Class 2 - Class 3 - Class 4 - Class 5 - Class 6 - Class 7 - Class 8 - Class 9 - Class 10 - Class 11 - Class 12 - Class 13 - Bicycle
                       35TH ST                           HWY 34                           35TH ST                            HWY 34
                     Southbound                        Westbound                         Northbound                         Eastbound
Start Time Left Thru Right Peds App. Total Left Thru Right Peds App. Total Left Thru Right Peds App. Total Left Thru Right Peds App. Total Exclu. Total Inclu. Total Int. Total
     17:15    17    55    16      0      88    39 180         6    1      225      5   38     31 22          74     6 182        2     9     190      32     577         609
     17:30    13    55    12      0      80    25 157         4    2      186      8   37     40     8       85    10 180        2     5     192      15     543         558
     17:45    15    44     5      0      64    27 130         9    1      166      4   21     21     9       46     1 143        1     5     145      15     421         436
      Total   75 221      53      0    349 119 627          24     5      770    27 127 119 47             273     24 697        8 23        729      75 2121 2196

     18:00     13     32     10     0     55     23    150      7      3    180      1     18    11     8       30      2   105      1     4      108      15     373     388
     18:15      7     38      5     0     50     16    124      3      1    143      9     27    22     3       58      2    94      3     2       99       6     350     356
     18:30      3     17      7     0     27     24     95      4      1    123      8     26    12     5       46      3    95      0    68       98      74     294     368
     18:45      7     30      5     0     42     18     75      8      0    101      0     19    12     5       31      6    72      2     0       80       5     254     259
     Total     30    117     27     0    174     81    444     22      5    547     18     90    57    21      165     13   366      6    74      385     100    1271    1371

     19:00      8     20      3     0     31     21     98      9      0    128      0     17    20     8       37      2    88      0     0       90       8     286      294
     19:15      5     15      2     0     22     17     68      8      1     93      1     25    24     5       50      1    60      1     4       62      10     227      237
     19:30      1     25      3     1     29     18     91     10      1    119      0      9     7     4       16      1    54      1     3       56       9     220      229
     19:45      2     14      4     0     20     23     73      5      2    101      0      8     7     5       15      4    53      1     2       58       9     194      203
     Total     16     74     12     1    102     79    330     32      4    441      1     59    58    22      118      8   255      3     9      266      36     927      963

     20:00      6     13      4     0      23    20     58      4      1     82      0      4     6     7       10      0    66      1     1       67       9     182      191
     20:15      5     14      4     0      23    17     66      2      0     85      0     18    11     4       29      3    59      0     1       62       5     199      204
     20:30      4     14      2     0      20     8     58      9      0     75      8     32    22     3       62      1    36      2     0       39       3     196      199
     20:45      5      8      2     0      15    11     56      4      0     71      3     10    15     2       28      3    44      1     1       48       3     162      165
     Total     20     49     12     0      81    56    238     19      1    313     11     64    54    16      129      7   205      4     3      216      20     739      759

     21:00      6     10      2     0      18     6     54      1      0     61      0      6    10      0      16      2    47      1     2       50        2    145      147
     21:15      5     19      3     0      27     9     46      2      0     57      0     10     4      0      14      3    38      0     0       41        0    139      139
     21:30      2      2      1     0       5     2     35      1      0     38      0      1     5      0       6      0    94      1     2       95        2    144      146
     21:45      2      6      0     0       8     7     37      0      0     44      0      9    10      0      19      2    28      0     1       30        1    101      102
     Total     15     37      6     0      58    24    172      4      0    200      0     26    29      0      55      7   207      2     5      216        5    529      534


Grand Total   568 1599      322     4    2489 1187 6539      510      63    8236   170 1521 1276       390    2967    245 7329     115   207    7689      664 21381 22045

Apprch %      22.8   64.2   12.9              14.4 79.4  6.2                      5.7 51.3  43                      3.2 95.3 1.5
  Total %     2.7 7.5       1.5          11.6 5.6 30.6 2.4                  38.5 0.8 7.1     6                13.9 1.1 34.3 0.5                   36         3      97
  Class 1       7   19        3            33  12   72     4                 151    3  13    7                 409    4   79    0                290         0       0   883
% Class 1     1.2 1.2       0.9    100    1.3    1 1.1 0.8           100     1.8 1.8 0.9 0.5            99    12.2 1.6 1.1      0        100     3.7         0       0     4
  Class 2     486 1226      292          2004 948 4661 450                  6059 152 1127 1021                2304 221 5244 111                 5576         0       0 15943
% Class 2     85.6   76.7   90.7     0   80.4 79.9 71.3 88.2            0     73 89.4 74.1  80           1    68.6 90.2 71.6 96.5           0   70.6         0       0  72.3
  Class 3      62    285      15          362 189 1413    39                1641    7 242 214                  463    9 1620    0               1629         0       0 4095
% Class 3     10.9   17.8    4.7     0   14.5 15.9 21.6 7.6             0   19.8 4.1 15.9 16.8           0    13.8 3.7 22.1     0           0   20.6         0       0  18.6
  Class 4        2      6      1            9    6  17     4                  27    4  15    7                   26   0   15    1                 16         0       0    78
% Class 4      0.4    0.4    0.3     0    0.4 0.5 0.3 0.8               0    0.3 2.4     1 0.5           0      0.8   0 0.2 0.9             0    0.2         0       0   0.4
  Class 5       10     14      7           31  19 215     10                 244    4  12   22                   38   3 199     2                204         0       0   517
% Class 5      1.8    0.9    2.2     0    1.2 1.6 3.3      2            0    2.9 2.4 0.8 1.7             0      1.1 1.2 2.7 1.7             0    2.6         0       0   2.3
  Class 6        0      0      0            0    0  33     0                  33    0    0   0                    0   0   33    0                 33         0       0    66
% Class 6        0      0      0     0      0    0 0.5     0            0    0.4    0    0   0           0        0   0 0.5     0           0    0.4         0       0   0.3
  Class 7        0      0      1            1    0    5    0                   5    0    0   0                    0   0    5    0                  5         0       0    11
% Class 7        0      0    0.3     0      0    0 0.1     0            0    0.1    0    0   0           0        0   0 0.1     0           0    0.1         0       0     0
  Class 8        1      0      3            4    8  51     1                  60    0    1   0                    1   2   55    0                 57         0       0   122
% Class 8      0.2      0    0.9     0    0.2 0.7 0.8 0.2               0    0.7    0 0.1    0           0        0 0.8 0.8     0           0    0.7         0       0   0.6
  Class 9        0      0      0            0    3  23     1                  27    0    0   0                    0   3   23    0                 26         0       0    53
% Class 9        0      0      0     0      0 0.3 0.4 0.2               0    0.3    0    0   0           0        0 1.2 0.3     0           0    0.3         0       0   0.2
 Class 10        0      0      0            0    0  21     0                  21    0    0   0                    0   1   20    0                 21         0       0    42
% Class 10       0      0      0     0      0    0 0.3     0            0    0.3    0    0   0           0        0 0.4 0.3     0           0    0.3         0       0   0.2
 Class 11        0      0      0            0    0    1    0                   1    0    0   0                    0   0    2    0                  2         0       0     3
% Class 11       0      0      0     0      0    0    0    0            0      0    0    0   0           0        0   0    0    0           0      0         0       0     0
 Class 12        0      0      0            0    0    2    0                   2    0    0   0                    0   0    1    0                  1         0       0     3
% Class 12       0      0      0     0      0    0    0    0            0      0    0    0   0           0        0   0    0    0           0      0         0       0     0
 Class 13        0      0      0            0    2  18     0                  20    0    0   0                    0   1   18    0                 19         0       0    39
% Class 13       0      0      0     0      0 0.2 0.3      0            0    0.2    0    0   0           0        0 0.4 0.2     0           0    0.2         0       0   0.2
  Bicycle        0     49      0           49    0    7    1                   8    0 111    5                 116    1   15    1                 17         0       0   190
% Bicycle        0    3.1      0     0      2    0 0.1 0.2              0    0.1    0 7.3 0.4            0      3.5 0.4 0.2 0.9             0    0.2         0       0   0.9
                    All Traffic Data Services, Inc.
              15105 SE 17th St. Vancouver, WA. 98683
                            503-833-2740

                                                                                        File Name    : 35th&Hwy34
                                                                                        Site Code    : 00000000
                                                                                        Start Date   : 5/16/2012
                                                                                        Page No      :3
                                   35TH ST
                           Out        In       Total
                             21         29        50
                           1798      2004      3802
                            290       362       652
                             19          9        28
                             25         31        56
                               0         0         0
                               0         1         1
                               4         4         8
                               4         0         4
                               1         0         1
                               0         0         0
                               0         0         0
                               1         0         1
                            113         49      162
                           2276      2489      4765


                                3   19           7
                             292 1226         486
                               15  285         62
                                1     6          2
                                7   14         10
                                0     0          0
                                1     0          0
                                3     0          1
                                0     0          0
                                0     0          0
                                0     0          0
                                0     0          0
                                0     0          0
                                0   49           0
                             322 1599         568
                            Right Thru       Left
     3
     3
    38

    66
    11

    49
    42


    37
    24
  161



  430


  111
 3064
10681




14720
 Total




                                   North




                                                                     9173




                                                                     1896
                                                                     6751

                                                                     Out
                                                                      231
              4

              9
              0
              3
              0
              0
              2
              3
              1
              0
              0
              1
              1
           221




           245




                                                       Right Thru




                                                                       20
                                                                       18


                                                                       20
                                                                       23
                                                                       56

                                                                       33

                                                                       24


                                                                       93
          Left




                                                        510 6539




                                                        450 4661




                                                                         1
                                                                         2



                                                                         5
                                                          10

                                                          39 1413
                                                           1
                                                           0
                                                           0
                                                           0
                                                           0
                                                           1
                                                           1
                                                           0
                                                           0

                                                           4


                                                           4
      5



      2
      1
     83


     16

     33

     57
     26
     21


     19
     17
    204
  5576
  1629




  7689
HWY 34




                                                                     HWY 34
                    5



                    2
                    1
                 199
                  79
           111 5244
              0 1620
                  15

                  33

                  55
                  23
                  20


                  18
                  15
           115 7329
          Right Thru
   In




                                                                      8236




                                                                      1641
                                                                      6059

                                                                       In
                                                              215




                                                                        244
                                                               18


                                                               21
                                                               23
                                                               51

                                                               33

                                                               17


                                                               72




                                                                         20


                                                                         21
                                                                         27
                                                                         60

                                                                         33

                                                                         27


                                                                         88
                                                                 7

                                                                 2
                                                                 1



                                                                 5




                                                                          8

                                                                          2
                                                                          1



                                                                          5
              0


              1
              2
              0
              0
              0
              0
              0
              0
              0
              0
              1




                                                       1187
                                                       Left
    6



    1
    2

    7
  78


  22
 226
  33

  54
  23
  21


  18
5105
1435




7031




                                                        189
                                                        948



                                                                     17409




                                                                     12810
Out




                                                                      Total
                                                         19



                                                         12




                                                                      3537
                                                           0
                                                           2
                                                           0
                                                           0
                                                           0
                                                           3
                                                           8
                                                           0
                                                           0

                                                           6




                                                                       116


                                                                       475



                                                                       181
                                                                         28
                                                                         38


                                                                         41
                                                                         50

                                                                         10
                                                                         66

                                                                         51
                                                                          3
                                                                          3
                             Left Thru Right
                                 3  13     7
                              152 1127 1021
                                 7 242  214
                                 4  15     7
                                 4  12    22
                                 0    0    0
                                 0    0    0
                                 0    1    0
                                 0    0    0
                                 0    0    0
                                 0    0    0
                                 0    0    0
                                 0    0    0
                                 0 111     5
                              170 1521 1276
                                                                      5/16/2012 06:00
                                                                      5/16/2012 21:45
                             31         23        54
                           2285      2300      4585                   Class 1
                            474       463       937                   Class 2
                             13         26        39                  Class 3
                             35         38        73                  Class 4
                               0         0         0                  Class 5
                               0         0         0                  Class 6
                               8         1         9                  Class 7
                               3         0         3                  Class 8
                               0         0         0                  Class 9
                               0         0         0                  Class 10
                               0         0         0                  Class 11
                               2         0         2                  Class 12
                             50       116       166                   Class 13
                           2901      2967      5868                   Bicycle
                           Out        In       Total
                                   35TH ST
                                                                    All Traffic Data Services, Inc.
                                                              15105 SE 17th St. Vancouver, WA. 98683
                                                                            503-833-2740

                                                                                                                                  File Name      : 35th&Hwy34
                                                                                                                                  Site Code      : 00000000
                                                                                                                                  Start Date     : 5/16/2012
                                                                                                                                  Page No        :4

                               35TH ST                          HWY 34                            35TH ST                            HWY 34
                             Southbound                        Westbound                        Northbound                          Eastbound
 Start Time          Left   Thru Right App. Total      Left   Thru Right    App. Total   Left   Thru Right    App. Total   Left    Thru Right    App. Total   Int. Total
Peak Hour Analysis From 06:00 to 09:45 - Peak 1 of 1
Peak Hour for Entire Intersection Begins at 07:30
          07:30         9      38       3         50    28    106     15         149       1     34     37          72       5     161      6         172          443
          07:45         9      46       5         60    46    136     26         208       2     83     46         131      17      155     0         172          571
          08:00         5      46       6         57     24    119     26        169      10     84     56         150        6     141     9         156          532
          08:15         6      16       6         28     15    128     18        161        4     35     24         63        2     142      0        144          396
  Total Volume         29    146       20        195    113    489     85        687       17    236    163        416       30     599     15        644         1942
  % App. Total      14.9    74.9     10.3              16.4   71.2   12.4                 4.1   56.7   39.2                 4.7      93    2.3
           PHF      .806    .793     .833       .813   .614   .899   .817       .826     .425   .702   .728       .693     .441    .930   .417       .936         .850
        Class 1         1       2       0          3      2      5      3         10        0      1      1          2        0       8      0          8           23
     % Class 1        3.4     1.4       0        1.5    1.8    1.0    3.5        1.5        0    0.4    0.6        0.5        0     1.3      0        1.2          1.2
        Class 2        26    109       19        154     86    343     68        497       15    160    127        302       25     434     14        473         1426
     % Class 2      89.7    74.7     95.0       79.0   76.1   70.1   80.0       72.3     88.2   67.8   77.9       72.6     83.3    72.5   93.3       73.4         73.4
        Class 3         2      32       0         34     20     99     12        131        0     44     32         76        3     129      0        132          373
     % Class 3        6.9   21.9        0       17.4   17.7   20.2   14.1       19.1        0   18.6   19.6       18.3     10.0    21.5      0       20.5         19.2
        Class 4         0       1       0          1      1      0      0          1        2      1      2          5        0       0      1          1            8
     % Class 4          0     0.7       0        0.5    0.9      0      0        0.1     11.8    0.4    1.2        1.2        0       0    6.7        0.2          0.4
        Class 5         0       1       1          2      3     26      2         31        0      2      0          2        2      18      0         20           55
     % Class 5          0     0.7     5.0        1.0    2.7    5.3    2.4        4.5        0    0.8      0        0.5      6.7     3.0      0        3.1          2.8
        Class 6         0       0       0          0      0      7      0          7        0      0      0          0        0       0      0          0            7
     % Class 6          0       0       0          0      0    1.4      0        1.0        0      0      0          0        0       0      0          0          0.4
        Class 7         0       0       0          0      0      2      0          2        0      0      0          0        0       0      0          0            2
     % Class 7          0       0       0          0      0    0.4      0        0.3        0      0      0          0        0       0      0          0          0.1
        Class 8         0       0       0          0      1      3      0          4        0      0      0          0        0       3      0          3            7
     % Class 8          0       0       0          0    0.9    0.6      0        0.6        0      0      0          0        0     0.5      0        0.5          0.4
        Class 9         0       0       0          0      0      3      0          3        0      0      0          0        0       1      0          1            4
     % Class 9          0       0       0          0      0    0.6      0        0.4        0      0      0          0        0     0.2      0        0.2          0.2
      Class 10          0       0       0          0      0      1      0          1        0      0      0          0        0       0      0          0            1
   % Class 10           0       0       0          0      0    0.2      0        0.1        0      0      0          0        0       0      0          0          0.1
      Class 11          0       0       0          0      0      0      0          0        0      0      0          0        0       0      0          0            0
   % Class 11           0       0       0          0      0      0      0          0        0      0      0          0        0       0      0          0            0
      Class 12          0       0       0          0      0      0      0          0        0      0      0          0        0       0      0          0            0
   % Class 12           0       0       0          0      0      0      0          0        0      0      0          0        0       0      0          0            0
      Class 13          0       0       0          0      0      0      0          0        0      0      0          0        0       2      0          2            2
   % Class 13           0       0       0          0      0      0      0          0        0      0      0          0        0     0.3      0        0.3          0.1
        Bicycle         0       1       0          1      0      0      0          0        0     28      1         29        0       4      0          4           34
     % Bicycle          0     0.7       0        0.5      0      0      0          0        0   11.9    0.6        7.0        0     0.7      0        0.6          1.8
                      All Traffic Data Services, Inc.
                15105 SE 17th St. Vancouver, WA. 98683
                              503-833-2740

                                                                                                   File Name    : 35th&Hwy34
                                                                                                   Site Code    : 00000000
                                                                                                   Start Date   : 5/16/2012
                                                                                                   Page No      :5
                                     35TH ST
                             Out        In       Total
                                4          3         7
                              253       154       407
                               59         34        93
                                1          1         2
                                6          2         8
                                0          0         0
                                0          0         0
                                0          0         0
                                0          0         0
                                0          0         0
                                0          0         0
                                0          0         0
                                0          0         0
                               28          1        29
                              351       195       546


                                  0     2          1
                                 19  109         26
                                  0   32           2
                                  0     1          0
                                  1     1          0
                                  0     0          0
                                  0     0          0
                                  0     0          0
                                  0     0          0
                                  0     0          0
                                  0     0          0
                                  0     0          0
                                  0     0          0
                                  0     1          0
                                 20  146         29
                              Right Thru       Left
    3

    7
    2
    6
    4
    1
    0
    0
    2
    4
   13



   47
 850
 231




1170
Total




                                     North




                                                                       Out
                                                                        791




                                                                        163
                                                                        587
                0

                3
                0
                2
                0
                0
                0
                0
                0
                0
                0
                0
                0
              25




              30




                                                         Right Thru




                                                                         18



                                                                         10
            Left




                                                                           5
                                                                           2
                                                                           0
                                                                           0
                                                                           0
                                                                           1
                                                                           3
                                                                           0
                                                                           0

                                                                           2
                                                            85




                                                            12
                                                            68
                                                             0
                                                             0
                                                             0
                                                             0
                                                             0
                                                             0
                                                             0
                                                             0
                                                             0
                                                             2
                                                             0


                                                             3
                                     Peak
      8


      1

      0
      0
      3
      1
      0
      0
      0
      2
      4
     20
    473
    132




    644
HWY 34




                                                                       HWY 34
                      8


                      0

                      0
                      0
                      3
                      1
                      0
                      0
                      0
                      2
                      4
                   434
                   129




                   599
                    18




            Right Thru
   In




                                                                         In
                                                                489




                                                                343



                                                                          687




                                                                          131
                                                                          497
                                                                 26

                                                                 99




                                                                           31



                                                                           10
                                     Hour




                                                                   0
                                                                   0
                                                                   0
                                                                   0
                                                                   1
                                                                   3
                                                                   3
                                                                   2
                                                                   7

                                                                   0


                                                                   5



                                                                            0
                                                                            0
                                                                            0
                                                                            0
                                                                            1
                                                                            3
                                                                            4
                                                                            2
                                                                            7

                                                                            1
                0

                0
                1
                0
                0
                0
                0
                0
                0
                0
                0
                0
                0
               14




               15




                                                         Left
        5


        2

        7
        2
        3
        3
        1
        0
        0
        0
        0
      377
       99

       27




      526




                                                          113
Out




                                                                       Total
                                                           20
                                                           86



                                                                       1478




                                                                       1084
                                     Data



                                                             0
                                                             0
                                                             0
                                                             0
                                                             0
                                                             0
                                                             1
                                                             0
                                                             0
                                                             3
                                                             1


                                                             2




                                                                        294
                                                                          49



                                                                          20
                                                                           5
                                                                           2
                                                                           0
                                                                           0
                                                                           1
                                                                           4
                                                                           7
                                                                           2
                                                                           7

                                                                           3
                               Left Thru Right
                                   0    1    1
                                 15  160  127
                                   0  44    32
                                   2    1    2
                                   0    2    0
                                   0    0    0
                                   0    0    0
                                   0    0    0
                                   0    0    0
                                   0    0    0
                                   0    0    0
                                   0    0    0
                                   0    0    0
                                   0  28     1
                                 17  236  163
                                                                       Peak Hour Begins at 07:30

                                 4         2         6                 Class 1
                              209       302       511                  Class 2
                               52         76      128                  Class 3
                                 3         5         8                 Class 4
                                 4         2         6                 Class 5
                                 0         0         0                 Class 6
                                 0         0         0                 Class 7
                                 1         0         1                 Class 8
                                 0         0         0                 Class 9
                                 0         0         0                 Class 10
                                 0         0         0                 Class 11
                                 0         0         0                 Class 12
                                 0         0         0                 Class 13
                                 1        29        30                 Bicycle
                              274       416       690
                             Out        In       Total
                                     35TH ST
                                                                    All Traffic Data Services, Inc.
                                                              15105 SE 17th St. Vancouver, WA. 98683
                                                                            503-833-2740

                                                                                                                                  File Name      : 35th&Hwy34
                                                                                                                                  Site Code      : 00000000
                                                                                                                                  Start Date     : 5/16/2012
                                                                                                                                  Page No        :6
                               35TH ST                          HWY 34                            35TH ST                            HWY 34
                             Southbound                        Westbound                        Northbound                          Eastbound
 Start Time          Left   Thru Right App. Total      Left   Thru Right    App. Total   Left   Thru Right    App. Total   Left    Thru Right    App. Total   Int. Total
Peak Hour Analysis From 10:00 to 13:45 - Peak 1 of 1
Peak Hour for Entire Intersection Begins at 11:30
          11:30        16      23       9         48    15    106     10         131       2     29     27           58      7     109      0         116          353
          11:45         9      35      10         54    17    116       4        137       3      28     24         55        3    117      2         122          368
          12:00         9      40       9         58     17     96      6        119       4      24     20         48        2    126      1         129          354
          12:15         4      18       3         25     12     95      8        115        3     24     25         52        4    134      4         142          334
  Total Volume         38    116       31        185     61    413     28        502       12    105     96        213       16     486      7        509         1409
  % App. Total      20.5    62.7     16.8              12.2   82.3    5.6                 5.6   49.3   45.1                 3.1    95.5    1.4
           PHF      .594    .725     .775       .797   .897   .890   .700       .916     .750   .905   .889       .918     .571    .907   .438       .896         .957
        Class 1         0       2       1          3      0      0      0          0        0      1      0          1        1       5      0          6           10
     % Class 1          0     1.7     3.2        1.6      0      0      0          0        0    1.0      0        0.5      6.3     1.0      0        1.2          0.7
        Class 2        33      93      30        156     51    292     26        369        9     82     78        169       13     348      7        368         1062
     % Class 2      86.8    80.2     96.8       84.3   83.6   70.7   92.9       73.5     75.0   78.1   81.3       79.3     81.3    71.6    100       72.3         75.4
        Class 3         4      19       0         23      7     84      1         92        0     18     15         33        0     101      0        101          249
     % Class 3      10.5    16.4        0       12.4   11.5   20.3    3.6       18.3        0   17.1   15.6       15.5        0    20.8      0       19.8         17.7
        Class 4         1       0       0          1      0      0      1          1        0      1      0          1        0       1      0          1            4
     % Class 4        2.6       0       0        0.5      0      0    3.6        0.2        0    1.0      0        0.5        0     0.2      0        0.2          0.3
        Class 5         0       1       0          1      2     22      0         24        3      0      3          6        0      17      0         17           48
     % Class 5          0     0.9       0        0.5    3.3    5.3      0        4.8     25.0      0    3.1        2.8        0     3.5      0        3.3          3.4
        Class 6         0       0       0          0      0      4      0          4        0      0      0          0        0       3      0          3            7
     % Class 6          0       0       0          0      0    1.0      0        0.8        0      0      0          0        0     0.6      0        0.6          0.5
        Class 7         0       0       0          0      0      0      0          0        0      0      0          0        0       0      0          0            0
     % Class 7          0       0       0          0      0      0      0          0        0      0      0          0        0       0      0          0            0
        Class 8         0       0       0          0      0      5      0          5        0      1      0          1        1       5      0          6           12
     % Class 8          0       0       0          0      0    1.2      0        1.0        0    1.0      0        0.5      6.3     1.0      0        1.2          0.9
        Class 9         0       0       0          0      1      3      0          4        0      0      0          0        1       3      0          4            8
     % Class 9          0       0       0          0    1.6    0.7      0        0.8        0      0      0          0      6.3     0.6      0        0.8          0.6
      Class 10          0       0       0          0      0      1      0          1        0      0      0          0        0       1      0          1            2
   % Class 10           0       0       0          0      0    0.2      0        0.2        0      0      0          0        0     0.2      0        0.2          0.1
      Class 11          0       0       0          0      0      0      0          0        0      0      0          0        0       0      0          0            0
   % Class 11           0       0       0          0      0      0      0          0        0      0      0          0        0       0      0          0            0
      Class 12          0       0       0          0      0      0      0          0        0      0      0          0        0       0      0          0            0
   % Class 12           0       0       0          0      0      0      0          0        0      0      0          0        0       0      0          0            0
      Class 13          0       0       0          0      0      2      0          2        0      0      0          0        0       1      0          1            3
   % Class 13           0       0       0          0      0    0.5      0        0.4        0      0      0          0        0     0.2      0        0.2          0.2
        Bicycle         0       1       0          1      0      0      0          0        0      2      0          2        0       1      0          1            4
     % Bicycle          0     0.9       0        0.5      0      0      0          0        0    1.9      0        0.9        0     0.2      0        0.2          0.3
                      All Traffic Data Services, Inc.
                15105 SE 17th St. Vancouver, WA. 98683
                              503-833-2740

                                                                                                   File Name    : 35th&Hwy34
                                                                                                   Site Code    : 00000000
                                                                                                   Start Date   : 5/16/2012
                                                                                                   Page No      :7
                                     35TH ST
                             Out        In       Total
                                2          3         5
                              121       156       277
                               19         23        42
                                2          1         3
                                0          1         1
                                0          0         0
                                0          0         0
                                2          0         2
                                1          0         1
                                0          0         0
                                0          0         0
                                0          0         0
                                0          0         0
                                2          1         3
                              149       185       334


                                  1     2          0
                                 30   93         33
                                  0   19           4
                                  0     0          1
                                  0     1          0
                                  0     0          0
                                  0     0          0
                                  0     0          0
                                  0     0          0
                                  0     0          0
                                  0     0          0
                                  0     0          0
                                  0     0          0
                                  0     1          0
                                 31  116         38
                              Right Thru       Left
    7


    1

    7
    0

    7
    2
    0
    0
    3
    1
   42


   11
 699
 185




 965
Total




                                     North




                                                                       Out
                                                                        620




                                                                        120
                                                                        459
                1

                0
                0
                0
                0
                0
                1
                1
                0
                0
                0
                0
                0
              13




              16




                                                         Right Thru




                                                                         20
            Left




                                                                           1
                                                                           1
                                                                           0
                                                                           0
                                                                           1
                                                                           3
                                                                           5
                                                                           0
                                                                           3

                                                                           2


                                                                           5
                                                            28




                                                            26
                                                             0
                                                             0
                                                             0
                                                             0
                                                             0
                                                             0
                                                             0
                                                             0
                                                             0
                                                             0
                                                             1
                                                             1

                                                             0
                                     Peak
      6


      1

      3
      0
      6
      4
      1
      0
      0
      1
      1
     17
    368
    101




    509
HWY 34




                                                                       HWY 34
                      5


                      1

                      3
                      0
                      5
                      3
                      1
                      0
                      0
                      1
                      1
                   348
                   101




                   486
                    17




            Right Thru
   In




                                                                         In
                                                                413




                                                                292



                                                                          502




                                                                          369
                                                                 22

                                                                 84




                                                                           24

                                                                           92
                                     Hour




                                                                   0
                                                                   2
                                                                   0
                                                                   0
                                                                   1
                                                                   3
                                                                   5
                                                                   0
                                                                   4

                                                                   0


                                                                   0



                                                                            0
                                                                            2
                                                                            0
                                                                            0
                                                                            1
                                                                            4
                                                                            5
                                                                            0
                                                                            4

                                                                            1


                                                                            0
                0
                7
                0
                0
                0
                0
                0
                0
                0
                0
                0
                0
                0
                0
                7




                                                         Left
        1


        0

        4
        0
        5
        3
        1
        0
        0
        2
        0
      331
       84

       25




      456
Out




                                                                       Total
                                                           61




                                                           51



                                                                       1122
                                     Data



                                                             0
                                                             0
                                                             0
                                                             0
                                                             0
                                                             1
                                                             0
                                                             0
                                                             0
                                                             2
                                                             0
                                                             7

                                                             0




                                                                        212
                                                                        828
                                                                          10


                                                                          44
                                                                           1
                                                                           3
                                                                           0
                                                                           0
                                                                           2
                                                                           7

                                                                           0
                                                                           7

                                                                           3


                                                                           5
                               Left Thru Right
                                   0    1    0
                                   9  82    78
                                   0  18    15
                                   0    1    0
                                   3    0    3
                                   0    0    0
                                   0    0    0
                                   0    1    0
                                   0    0    0
                                   0    0    0
                                   0    0    0
                                   0    0    0
                                   0    0    0
                                   0    2    0
                                 12  105    96
                                                                       Peak Hour Begins at 11:30

                                 2         1         3                 Class 1
                              151       169       320                  Class 2
                               26         33        59                 Class 3
                                 0         1         1                 Class 4
                                 3         6         9                 Class 5
                                 0         0         0                 Class 6
                                 0         0         0                 Class 7
                                 0         1         1                 Class 8
                                 1         0         1                 Class 9
                                 0         0         0                 Class 10
                                 0         0         0                 Class 11
                                 0         0         0                 Class 12
                                 0         0         0                 Class 13
                                 1         2         3                 Bicycle
                              184       213       397
                             Out        In       Total
                                     35TH ST
                                                                    All Traffic Data Services, Inc.
                                                              15105 SE 17th St. Vancouver, WA. 98683
                                                                            503-833-2740

                                                                                                                                  File Name      : 35th&Hwy34
                                                                                                                                  Site Code      : 00000000
                                                                                                                                  Start Date     : 5/16/2012
                                                                                                                                  Page No        :8
                               35TH ST                          HWY 34                            35TH ST                            HWY 34
                             Southbound                        Westbound                        Northbound                          Eastbound
 Start Time          Left   Thru Right App. Total      Left   Thru Right    App. Total   Left   Thru Right    App. Total   Left    Thru Right    App. Total   Int. Total
Peak Hour Analysis From 14:00 to 21:45 - Peak 1 of 1
Peak Hour for Entire Intersection Begins at 16:45
          16:45        19      40       6         65    27    147      8         182       6     27     26           59     12     191      3         206          512
          17:00        30      67      20        117    28    160       5        193      10     31     27           68       7    192       3        202          580
          17:15        17      55      16         88    39    180       6        225        5    38     31           74       6     182      2        190          577
          17:30        13      55      12         80     25    157      4        186        8     37    40           85      10     180      2        192          543
  Total Volume         79    217       54        350    119    644     23        786       29    133    124        286       35     745     10        790         2212
  % App. Total      22.6       62    15.4              15.1   81.9    2.9                10.1   46.5   43.4                 4.4    94.3    1.3
           PHF      .658    .810     .675       .748   .763   .894   .719       .873     .725   .875   .775       .841     .729    .970   .833       .959         .953
        Class 1         2       4       1          7      3      7      0         10        1      1      1          3        0      14      0         14           34
     % Class 1        2.5     1.8     1.9        2.0    2.5    1.1      0        1.3      3.4    0.8    0.8        1.0        0     1.9      0        1.8          1.5
        Class 2        65    157       46        268     94    482     22        598       26    101     96        223       34     535     10        579         1668
     % Class 2      82.3    72.4     85.2       76.6   79.0   74.8   95.7       76.1     89.7   75.9   77.4       78.0     97.1    71.8    100       73.3         75.4
        Class 3        12      41       7         60     22    134      1        157        2     24     26         52        1     176      0        177          446
     % Class 3      15.2    18.9     13.0       17.1   18.5   20.8    4.3       20.0      6.9   18.0   21.0       18.2      2.9    23.6      0       22.4         20.2
        Class 4         0       0       0          0      0      1      0          1        0      1      0          1        0       0      0          0            2
     % Class 4          0       0       0          0      0    0.2      0        0.1        0    0.8      0        0.3        0       0      0          0          0.1
        Class 5         0       1       0          1      0     11      0         11        0      0      0          0        0      10      0         10           22
     % Class 5          0     0.5       0        0.3      0    1.7      0        1.4        0      0      0          0        0     1.3      0        1.3          1.0
        Class 6         0       0       0          0      0      0      0          0        0      0      0          0        0       3      0          3            3
     % Class 6          0       0       0          0      0      0      0          0        0      0      0          0        0     0.4      0        0.4          0.1
        Class 7         0       0       0          0      0      0      0          0        0      0      0          0        0       0      0          0            0
     % Class 7          0       0       0          0      0      0      0          0        0      0      0          0        0       0      0          0            0
        Class 8         0       0       0          0      0      2      0          2        0      0      0          0        0       2      0          2            4
     % Class 8          0       0       0          0      0    0.3      0        0.3        0      0      0          0        0     0.3      0        0.3          0.2
        Class 9         0       0       0          0      0      3      0          3        0      0      0          0        0       0      0          0            3
     % Class 9          0       0       0          0      0    0.5      0        0.4        0      0      0          0        0       0      0          0          0.1
      Class 10          0       0       0          0      0      2      0          2        0      0      0          0        0       2      0          2            4
   % Class 10           0       0       0          0      0    0.3      0        0.3        0      0      0          0        0     0.3      0        0.3          0.2
      Class 11          0       0       0          0      0      1      0          1        0      0      0          0        0       1      0          1            2
   % Class 11           0       0       0          0      0    0.2      0        0.1        0      0      0          0        0     0.1      0        0.1          0.1
      Class 12          0       0       0          0      0      0      0          0        0      0      0          0        0       0      0          0            0
   % Class 12           0       0       0          0      0      0      0          0        0      0      0          0        0       0      0          0            0
      Class 13          0       0       0          0      0      1      0          1        0      0      0          0        0       2      0          2            3
   % Class 13           0       0       0          0      0    0.2      0        0.1        0      0      0          0        0     0.3      0        0.3          0.1
        Bicycle         0      14       0         14      0      0      0          0        0      6      1          7        0       0      0          0           21
     % Bicycle          0     6.5       0        4.0      0      0      0          0        0    4.5    0.8        2.4        0       0      0          0          0.9
                      All Traffic Data Services, Inc.
                15105 SE 17th St. Vancouver, WA. 98683
                              503-833-2740

                                                                                                   File Name    : 35th&Hwy34
                                                                                                   Site Code    : 00000000
                                                                                                   Start Date   : 5/16/2012
                                                                                                   Page No      :9
                                     35TH ST
                             Out        In       Total
                                1          7         8
                              157       268       425
                               26         60        86
                                1          0         1
                                0          1         1
                                0          0         0
                                0          0         0
                                0          0         0
                                0          0         0
                                0          0         0
                                0          0         0
                                0          0         0
                                0          0         0
                                6         14        20
                              191       350       541


                                  1     4          2
                                 46  157         65
                                  7   41         12
                                  0     0          0
                                  0     1          0
                                  0     0          0
                                  0     0          0
                                  0     0          0
                                  0     0          0
                                  0     0          0
                                  0     0          0
                                  0     0          0
                                  0     0          0
                                  0   14           0
                                 54  217         79
                              Right Thru       Left
    1

    3
    0
    4
    3
    4
    2
    0
    3
    0
   23



   21
 320
1133




1517
Total




                                     North




                                                                       Out
                                                                        948




                                                                        214
                                                                        696
                0

                1
                0
                0
                0
                0
                0
                0
                0
                0
                0
                0
                0
              34




              35




                                                         Right Thru




                                                                         10



                                                                         17
            Left




                                                                           1
                                                                           2
                                                                           0
                                                                           1
                                                                           2
                                                                           0
                                                                           2
                                                                           0
                                                                           3

                                                                           0
                                                            23




                                                            22
                                                             0
                                                             0
                                                             0
                                                             0
                                                             0
                                                             0
                                                             0
                                                             0
                                                             0
                                                             0
                                                             0
                                                             1

                                                             0
                                     Peak
      0

      3
      0
      2
      0
      2
      1
      0
      2
      0
     14



     10
    579
    177




    790
HWY 34




                                                                       HWY 34
                      0

                      3
                      0
                      2
                      0
                      2
                      1
                      0
                      2
                      0
                   535
                   176




                   745
                    14



                    10




            Right Thru
   In




                                                                         In
                                                                644




                                                                134
                                                                482



                                                                          786




                                                                          157
                                                                          598
                                                                 11




                                                                           11



                                                                           10
                                     Hour




                                                                   0
                                                                   1
                                                                   0
                                                                   1
                                                                   2
                                                                   3
                                                                   2
                                                                   0
                                                                   0

                                                                   1


                                                                   7



                                                                            0
                                                                            1
                                                                            0
                                                                            1
                                                                            2
                                                                            3
                                                                            2
                                                                            0
                                                                            0

                                                                            1
                0

                0
                0
                0
                0
                0
                0
                0
                0
                0
                0
                0
                0
               10




               10




                                                         Left
        9


        1

        0
        0
        2
        3
        2
        1
        0
        1
        0
      554
      143

       11




      727




                                                          119
Out




                                                                       Total
                                                           22
                                                           94



                                                                       1734




                                                                       1294
                                     Data



                                                             0
                                                             0
                                                             0
                                                             0
                                                             0
                                                             0
                                                             0
                                                             0
                                                             0
                                                             0
                                                             0


                                                             3




                                                                        371
                                                                          21



                                                                          27
                                                                           1
                                                                           3
                                                                           0
                                                                           2
                                                                           4
                                                                           3
                                                                           4
                                                                           0
                                                                           3

                                                                           1
                               Left Thru Right
                                   1    1    1
                                 26  101    96
                                   2  24    26
                                   0    1    0
                                   0    0    0
                                   0    0    0
                                   0    0    0
                                   0    0    0
                                   0    0    0
                                   0    0    0
                                   0    0    0
                                   0    0    0
                                   0    0    0
                                   0    6    1
                                 29  133  124
                                                                       Peak Hour Begins at 16:45

                                 7         3        10                 Class 1
                              261       223       484                  Class 2
                               63         52      115                  Class 3
                                 0         1         1                 Class 4
                                 1         0         1                 Class 5
                                 0         0         0                 Class 6
                                 0         0         0                 Class 7
                                 0         0         0                 Class 8
                                 0         0         0                 Class 9
                                 0         0         0                 Class 10
                                 0         0         0                 Class 11
                                 0         0         0                 Class 12
                                 0         0         0                 Class 13
                               14          7        21                 Bicycle
                              346       286       632
                             Out        In       Total
                                     35TH ST
