                                                                 Chittenden County MPO
                                                                  110 West Canal St., Suite 202
                                                                    Winooski, Vermont 05404
STATION ID : BURL-87                                                 http://www.ccmpo.org/                                                  File Name       : burl87
LOCATION : US 7 & I-189 WB Ramp                                                                                                             Site Code       : BURL-87
TOWN : Burlington / Weather: Sunny & Hot                                                                                                    Start Date      : 8/1/2005
COUNTERS : Anna, Marcy, & Brian                                                                                                             Page No         :1


                                                                          Groups Printed- AUTO
                                     US 7                                        I-189 WB Ramp                                      US 7
                                  From North                                        From East                                    From South
     Start Time    Right   Thru       Left   Peds   App. Total    Right     Thru        Left  Peds   App. Total   Right   Thru       Left   Peds   App. Total   Int. Total
         Factor      1.0    1.0        1.0    1.0                   1.0       1.0        1.0   1.0                  1.0    1.0        1.0    1.0
      07:00 AM         0    175          0      0         175      176        20        169      0         365        0     71          0      0          71         611
      07:15 AM         0    103          0      0         103      247        12        203      6         468        0    102          0      0         102         673
      07:30 AM         0    157          0      0         157      227        10        245      0         482        1    122          0      0         123         762
      07:45 AM         0    190          0      0         190      265          9       209      0         483        0    137          0      0         137         810
           Total       0    625          0      0         625      915        51        826      6        1798        1    432          0      0         433        2856

      08:00 AM        0    228         0       0          228      172        15      225       0          412       0    137         0       0          137         777
      08:15 AM       13    137         0       0          150      174        18      203       0          395       0    110         0       0          110         655
      08:30 AM        0    214         0       0          214      183        21      193       0          397       0    151         0       0          151         762
      08:45 AM        0    243         0       0          243      281         7      237       0          525       0    137         0       0          137         905
          Total      13    822         0       0          835      810        61      858       0         1729       0    535         0       0          535        3099

      09:00 AM        0    221         0       0          221      213        11      166       0          390       0    115         0       0          115         726
      09:15 AM        1    250         0       0          251      162         7      136       0          305       0     75         0       0           75         631
      09:30 AM        0    231         0       0          231      160        17      159       0          336       0    120         0       0          120         687
      09:45 AM        0    162         0       0          162       94         8      135       0          237       0    136         0       0          136         535
          Total       1    864         0       0          865      629        43      596       0         1268       0    446         0       0          446        2579

      10:00 AM        0     36         0       0           36       11        11      108       0          130       0     92         0       1           93         259
      10:15 AM        0    184         0       0          184       84        13      139       0          236       0    108         0       1          109         529
      10:30 AM        0    139         0       0          139      109        15      134       0          258       0    117         0       0          117         514
      10:45 AM        0    153         1       0          154      108        13      139       1          261       0    120         0       0          120         535
          Total       0    512         1       0          513      312        52      520       1          885       0    437         0       2          439        1837

      11:00 AM        0    193         0       0          193      128         8      119       1          256       0    108         0       0          108         557
      11:15 AM        0    213         0       0          213      146        24      133       0          303       0    147         0       0          147         663
      11:30 AM        0    129         0       0          129      124        18      130       0          272       0    142         0       0          142         543
      11:45 AM        0    181         0       0          181      116        15      153       0          284       0    168         0       0          168         633
          Total       0    716         0       0          716      514        65      535       1         1115       0    565         0       0          565        2396

      12:00 PM        0     179        0       0          179      112        16      159       0          287       1    177         0       0          178         644
      12:15 PM        0     283        0       1          284      154        12      176       0          342       0    158         0       0          158         784
      12:30 PM        0     271        0       1          272      137        14      157       0          308       0    154         0       0          154         734
      12:45 PM        0     331        0       0          331      160        23      168       0          351       0    131         0       0          131         813
          Total       0    1064        0       2         1066      563        65      660       0         1288       1    620         0       0          621        2975
                                                                  Chittenden County MPO
                                                                   110 West Canal St., Suite 202
                                                                     Winooski, Vermont 05404
STATION ID : BURL-87                                                  http://www.ccmpo.org/                                                   File Name       : burl87
LOCATION : US 7 & I-189 WB Ramp                                                                                                               Site Code       : BURL-87
TOWN : Burlington / Weather: Sunny & Hot                                                                                                      Start Date      : 8/1/2005
COUNTERS : Anna, Marcy, & Brian                                                                                                               Page No         :2
                                                                           Groups Printed- AUTO
                                      US 7                                       I-189 WB Ramp                                        US 7
                                   From North                                       From East                                      From South
     Start Time    Right   Thru        Left   Peds   App. Total    Right     Thru       Left   Peds   App. Total   Right   Thru        Left   Peds   App. Total   Int. Total
         Factor      1.0    1.0         1.0    1.0                   1.0       1.0       1.0    1.0                  1.0    1.0         1.0    1.0
      01:00 PM         0    271           0      1         272      140        20       176       0         336        0    139           0      0         139         747
      01:15 PM         0    272           0      2         274      143        22       168       0         333        0    137           0      2         139         746
      01:30 PM         0    242           0      3         245      133        16       136       0         285        0    140           0      0         140         670
      01:45 PM         0    253           0      0         253      130        19       129       0         278        0    145           0      0         145         676
           Total       0   1038           0      6        1044      546        77       609       0        1232        0    561           0      2         563        2839

      02:00 PM        0     234         2       0          236      123        21      126       0          270       0     137         0       0          137         643
      02:15 PM        0     172         0       3          175      149         5      161       0          315       0     147         0       0          147         637
      02:30 PM        0     272         0       0          272      120        21      146       0          287       0     144         1       0          145         704
      02:45 PM        2     285         0       0          287      147        20      150       0          317       0     182         0       1          183         787
          Total       2     963         2       3          970      539        67      583       0         1189       0     610         1       1          612        2771

      03:00 PM        0     216         1       0          217      136        15      138       0          289       0     147         0       0          147         653
      03:15 PM        0     228         0       0          228      118        21      147       8          294       0     159         1       0          160         682
      03:30 PM        0     289         0       3          292      127        14      158       0          299       0     154         0       0          154         745
      03:45 PM        0     351         0       0          351      127        17      190       0          334       0     141         0       0          141         826
          Total       0    1084         1       3         1088      508        67      633       8         1216       0     601         1       0          602        2906

      04:00 PM        1     486         0       0          487      179        18      154       0          351       0     179         0       0          179        1017
      04:15 PM        2     435         0       0          437      132        21      120       1          274       0     178         0       0          178         889
      04:30 PM        0     451         0       0          451      130        17      123       0          270       0     172         0       0          172         893
      04:45 PM        0     466         0       0          466      164        17      160       0          341       0     156         0       0          156         963
          Total       3    1838         0       0         1841      605        73      557       1         1236       0     685         0       0          685        3762

      05:00 PM        0     454         0       0          454      152        16      125       0          293       0     186         0       2          188         935
      05:15 PM        0     454         0       0          454      143        19      142       0          304       0     171         0       1          172         930
      05:30 PM        0     416         0       0          416      184        16      145       0          345       0     160         0       0          160         921
      05:45 PM        0     401         0       1          402      177        20      153       0          350       0     159         0       0          159         911
          Total       0    1725         0       1         1726      656        71      565       0         1292       0     676         0       3          679        3697

      06:00 PM        2     286         0       0          288       98        24       95       0          217       0     136         0       0          136         641
      06:15 PM        1     368         0       0          369      112        15       99       3          229       0     148         0       1          149         747
      06:30 PM        1     278         0       0          279       81        16      126       0          223       0     134         0       0          134         636
      06:45 PM        1     225         0       0          226       65        18       89       1          173       0     146         2       0          148         547
          Total       5    1157         0       0         1162      356        73      409       4          842       0     564         2       1          567        2571

    Grand Total       24   12408        4      15       12451      6953       765    7351       21       15090        2    6732          4       9        6747      34288
     Apprch %        0.2    99.7        0      0.1                 46.1       5.1     48.7      0.1                   0     99.8       0.1     0.1
       Total %       0.1    36.2        0        0        36.3     20.3       2.2     21.4      0.1          44       0     19.6         0       0        19.7
                  US 7
          Out       In        Total
         13685    12451       26136


            24 12408       4  15
         Right Thru    Left Peds




 793




                                      Right Thru
Total




                                      6953



                                                         Out
                                                   6

                                                   I-189 WB Ramp
                  North




                                             765
     0




                                                        15090
In




                                                          In
          8/1/2005 07:00 AM




                                      7351
                                      Left Peds
          8/1/2005 06:45 PM
 793



          1 - AUTO




                                                               15096
Out




                                                                Total
                                             21
         Left Thru Right Peds
             4 6732    2    9


         19759       6747     26506
          Out         In      Total
                     US 7
