                                                                            Chittenden County MPO
                                                                           30 Kimball Ave., Suite 206
Station ID: SHEL-07                                                        South Burlington, VT 05403                                                     File Name       :   shel07
Location: Spear St. & Barstow Rd.                                            http://www.ccmpo.org/                                                        Site Code       :   00000007
Town: Shelburne                                                                                                                                           Start Date      :   06/11/2003
AUTO Count                                                                                                                                                Page No         :   1
                                                                                  Groups Printed- Unshifted
                                SPEAR ST.                            BARSTOW RD.                                SPEAR ST.                                  N/A
                                From North                              From East                               From South                              From West
                                                   App.                                   App.                                   App.                                     App.        Int.
    Start Time   Right   Thru      Left   Peds             Right   Thru    Left Peds              Right    Thru    Left Peds             Right   Thru     Left   Peds
                                                   Total                                  Total                                  Total                                    Total     Total
        Factor     1.0   1.0        1.0      1.0            1.0     1.0    1.0     1.0              1.0     1.0     1.0    1.0             1.0    1.0      1.0      1.0
        07:00        0    19          4        0     23      17       0      5       0       22     14       59       0      0     73        0      0        0        0        0     118
        07:15        0    38          7        0     45      29       0     12       0       41     13       96       0      0    109        0      0        0        0        0     195
        07:30        0    40        12         0     52      51       0     14       0       65     23      150       0      0    173        0      0        0        0        0     290
        07:45        0    37        10         0     47      50       0     23       0       73     48      139       0      0    187        0      0        0        0        0     307
         Total       0   134        33         0    167     147       0     54       0     201      98      444       0      0    542        0      0        0        0        0     910

        08:00       0     41        15        0      56      48       0     21       0       69     20     118       0      1     139       0      0        0        0         0     264
        08:15       0     38        17        0      55      43       0     25       0       68     28     119       0      0     147       0      0        0        0         0     270
        08:30       1     37         5        1      44      26       0     18       0       44     19      95       0      1     115       0      0        0        0         0     203
        08:45       0     44         5        0      49      25       0     21       0       46     22      89       0      0     111       0      0        0        0         0     206
        Total       1    160        42        1     204     142       0     85       0      227     89     421       0      2     512       0      0        0        0         0     943

*** BREAK ***

        16:00       0     79        16        0      95      15       0     21       0       36     20      59       0      0      79       0      0        0        0         0     210
        16:15       0     92        19        0     111      20       0     22       0       42     13      58       0      0      71       0      0        0        0         0     224
        16:30       0    100        27        0     127      11       0     35       0       46     17      63       0      0      80       0      0        0        0         0     253
        16:45       0    102        38        0     140      18       0     25       0       43     16      55       0      0      71       0      0        0        0         0     254
        Total       0    373       100        0     473      64       0    103       0      167     66     235       0      0     301       0      0        0        0         0     941

        17:00       0    143        40        0     183      22       0     35       0       57     31      74       0      0     105       0      0        0        0         0     345
        17:15       0    117        67        0     184      30       0     34       0       64     27      64       0      0      91       0      0        0        0         0     339
        17:30       0    138        38        0     176      16       0     46       0       62     14      56       0      0      70       0      0        0        0         0     308
        17:45       0    112        24        0     136      22       0     28       0       50     18      50       0      0      68       0      0        0        0         0     254
        Total       0    510       169        0     679      90       0    143       0      233     90     244       0      0     334       0      0        0        0         0    1246

   Grand Total       1   1177      344         1   1523    443        0   385        0      828    343    1344       0       2   1689        0      0        0        0        0    4040
    Apprch %       0.1   77.3      22.6      0.1           53.5     0.0   46.5     0.0             20.3   79.6     0.0     0.1             0.0    0.0      0.0      0.0
      Total %      0.0   29.1       8.5      0.0   37.7    11.0     0.0    9.5     0.0     20.5     8.5   33.3     0.0     0.0   41.8      0.0    0.0      0.0      0.0       0.0
