                                                                  City of High Point
                                                             Department of Transportation
                                                                 Summer Count Program
                                                                    High Point, NC
Counted By: Paul Ambroso &                                                                                                    File Name          :   CllgeKvtt
Ryan MacKenzie                                                                                                                Site Code          :   00013
Weather: Clear                                                                                                                Start Date         :   6/12/2007
                                                                                                                              Page No            :   1


                                                          Groups Printed- Cars - Trucks - Freight
                      COLLEGE DRIVE                        KIVETT DRIVE                 COLLEGE DRIVE                       KIVETT DRIVE
                        Southbound                           Westbound                    Northbound                          Eastbound
  Start Time   Left    Thru Right     App. Total   Left     Thru Right App. Total Left   Thru Right     App. Total   Left    Thru Right    App. Total   Int. Total
       06:00      9      26      1          36        7       20      4       31     1     18      6          25        4      15      0         19          111
       06:15      7      45      1          53        8       22      9       39     0     17      5          22        0      24      1         25          139
       06:30     16      61      9          86       14       38     13       65     1     33     12          46        1      32      0         33          230
       06:45     10      68      9          87       17       47      8       72     2     43     13          58        0      48      0         48          265
       Total     42     200     20         262       46      127     34      207     4    111     36         151        5     119      1        125          745

       07:00     11     29      3           43       11      35     17      63      0     41      4           45        0     33      2          35          186
       07:15     21     28      3           52        8      57     17      82      2     57      7           66        1     36      4          41          241
       07:30     25     50      8           83       18      69     14     101      2     61     12           75        3     52      1          56          315
       07:45     17     62     16           95       30     122     22     174      1     50     11           62        3     64      1          68          399
       Total     74    169     30          273       67     283     70     420      5    209     34          248        7    185      8         200         1141

       08:00     16     63      6           85       20      81     14     115      2     62     16           80        2     51      3          56          336
       08:15     18     51      9           78       27      75     28     130      2     66     15           83        5     51      2          58          349
       08:30     13     36      4           53       16      74     19     109      2     55     15           72        4     35      0          39          273
       08:45     20     39      7           66       19      98     19     136      4     43     13           60        2     35      0          37          299
       Total     67    189     26          282       82     328     80     490     10    226     59          295       13    172      5         190         1257

       09:00     17     45      7           69       23      61     13      97      2     31      6           39        5     44      5          54          259
       09:15     13     49      6           68       12      45     19      76      3     43     18           64        7     44      5          56          264
       09:30     13     47     10           70       11      55     16      82      4     45     13           62        3     47      1          51          265
       09:45     18     39      2           59       13      59     19      91      3     48     14           65        6     47      4          57          272
       Total     61    180     25          266       59     220     67     346     12    167     51          230       21    182     15         218         1060

       10:00     13     47      9           69       18      44     16      78      2     48     14           64        4     56      3          63          274
       10:15     19     40      8           67       26      40     20      86      1     47      9           57        4     43      1          48          258
       10:30     22     40      1           63       10      40     18      68      5     51     13           69        5     44      3          52          252
       10:45     27     47      5           79       19      55     20      94      5     58     14           77        2     44      1          47          297
       Total     81    174     23          278       73     179     74     326     13    204     50          267       15    187      8         210         1081

       11:00     18     43      6           67       11      56     18      85      2     46     16           64        4     47      4          55          271
       11:15     20     65      8           93       11      47     22      80      3     57      9           69        6     52      4          62          304
       11:30     21     45      8           74       11      57     23      91      2     58      9           69        6     49      0          55          289
       11:45     18     55      8           81        8      60     19      87      1     51     16           68        5     68      3          76          312
       Total     77    208     30          315       41     220     82     343      8    212     50          270       21    216     11         248         1176

       12:00     15     59      8           82       20      56     28     104      4     56     23           83        7     65      7          79          348
       12:15     18     64      8           90       18      46     12      76      3     70     11           84        5     61      1          67          317
       12:30     23     68      5           96       19      45     24      88      3     65     17           85        6     52      3          61          330
       12:45     24     80      4          108       29      50     16      95      3     56     13           72        6     48      2          56          331
       Total     80    271     25          376       86     197     80     363     13    247     64          324       24    226     13         263         1326

       13:00     23     66      9           98       13      60     18      91      3     54     19           76        2     63      0          65          330
       13:15     20     61      7           88       17      59     20      96      4     51     14           69        7     64      3          74          327
       13:30     23     63     11           97       15      71     21     107      1     53     21           75        3     56      5          64          343
       13:45     23     56      7           86       19      63     20     102      4     77      7           88        1     53      7          61          337
       Total     89    246     34          369       64     253     79     396     12    235     61          308       13    236     15         264         1337

       14:00     23     77      1          101       16      66     21     103      6     55      6           67        5     81      5          91          362
       14:15     27     67     10          104       19      56     11      86      2     63     11           76        5     70      8          83          349
       14:30     39     60      7          106       20      60     15      95      3     67     14           84        4     71     11          86          371
       14:45     27     60      6           93        9      58     15      82      6     67     19           92        5     65     12          82          349
       Total    116    264     24          404       64     240     62     366     17    252     50          319       19    287     36         342         1431

       15:00     33     73      6          112       16      50     19      85      2     53      9           64        3     79      1          83          344
       15:15     26     63      2           91       18      48     18      84      2     69     14           85        9     69      5          83          343
       15:30     24     61     13           98       20      63     15      98      4     77     27          108        3     71      5          79          383
       15:45     23     69     11          103       21      59     22     102      1     81     25          107        8     79      2          89          401
       Total    106    266     32          404       75     220     74     369      9    280     75          364       23    298     13         334         1471

       16:00     37     70      4          111       25      65     29     119      3     80     13           96        6     96      6         108          434
       16:15     26     74     11          111       12      62     26     100      4     80     19          103       12     84      3          99          413
       16:30     35     75      8          118        9      53     27      89      4     87     25          116        8    103      3         114          437
       16:45     22     77     14          113       12      64     23      99      4    103     29          136        8     80      1          89          437
       Total    120    296     37          453       58     244    105     407     15    350     86          451       34    363     13         410         1721

       17:00     32     78      4          114       24      55     55     134      4    106      8          118        9    139      6         154          520
       17:15     37     96      4          137       13      67     45     125      8     95     21          124       11     96      4         111          497
       17:30     29     94      6          129       12      81     45     138      3    106     13          122        7    100      3         110          499
       17:45     34     69      6          109       17      64     27     108      5     99     17          121        8     89      6         103          441
       Total    132    337     20          489       66     267    172     505     20    406     59          485       35    424     19         478         1957

 Grand Total   1045   2800    326         4171      781    2778    979    4538    138   2899    675         3712      230   2895    157        3282       15703
    Apprch %   25.1   67.1    7.8                  17.2    61.2   21.6            3.7   78.1   18.2                     7   88.2    4.8
     Total %    6.7   17.8    2.1         26.6        5    17.7    6.2    28.9    0.9   18.5    4.3         23.6      1.5   18.4      1        20.9
        Cars    980   2713    318         4011      741    2636    916    4293    136   2813    624         3573      225   2757    147        3129       15006
      % Cars   93.8   96.9   97.5         96.2     94.9    94.9   93.6    94.6   98.6     97   92.4         96.3     97.8   95.2   93.6        95.3        95.6
      Trucks     60     76      7          143       29     121     56     206      1     78     37          116        4    126     10         140         605
    % Trucks    5.7    2.7    2.1          3.4      3.7     4.4    5.7     4.5    0.7    2.7    5.5          3.1      1.7    4.4    6.4         4.3         3.9
     Freight      5     11      1           17       11      21      7      39      1      8     14           23        1     12      0          13          92
   % Freight    0.5    0.4    0.3          0.4      1.4     0.8    0.7     0.9    0.7    0.3    2.1          0.6      0.4    0.4      0         0.4         0.6
                                                             City of High Point
                                                        Department of Transportation
                                                            Summer Count Program
                                                               High Point, NC
Counted By: Paul Ambroso &                                                                                            File Name    :   CllgeKvtt
Ryan MacKenzie                                                                                                        Site Code    :   00013
Weather: Clear                                                                                                        Start Date   :   6/12/2007
                                                                                                                      Page No      :   2

                                                                COLLEGE DRIVE
                                                              Out     In    Total
                                                              3954   4011    7965
                                                               138     143    281
                                                                16      17     33
                                                              4108   4171    8279


                                                                 318 2713       980
                                                                   7    76       60
                                                                   1    11          5
                                                                 326 2800      1045
                                                               Right Thru      Left
                                      36
                                    269
                                   6219


                                   6524
                                   Total




                                                                                                     4615


                                                                                                     4361
                                                                                                     Out
                                                                                                      223
                                            230
                                                4
                                                1
                                            225




                                                                                        Right Thru




                                                                                                       31
                                           Left




                                                                                          979 2778


                                                                                          916 2636




                                                                                                         KIVETT DRIVE
                                                                      North
                      KIVETT DRIVE




                                                                                           56
                                                                                            7
                                                             6/12/2007 06:00
                             140
                               13
                            3129


                            3282




                                             157 2895
                                                   12
                                                  126
                                             147 2757



                                           Right Thru
                             In




                                                             6/12/2007 17:45




                                                                                                              4538


                                                                                                              4293
                                                                                                               In
                                                                                               121




                                                                                                               206
                                                                                                21




                                                                                                                 39
                                                             Cars
                                               0
                                              10




                                                                                        Left
                                                             Trucks
                      23
                     129
                    3090


                    3242




                                                                                         781


                                                                                         741
                    Out




                                                                                                                      Total
                                                                                          11
                                                                                          29
                                                             Freight




                                                                                                                      9153


                                                                                                                      8654
                                                                                                                       429
                                                                                                                         70
                                                                Left   Thru Right
                                                                 136 2813     624
                                                                     1   78    37
                                                                     1     8   14
                                                                 138 2899     675


                                                              3601   3573    7174
                                                               115     116    231
                                                                22      23     45
                                                              3738   3712    7450
                                                              Out     In    Total
                                                                COLLEGE DRIVE
                                                              City of High Point
                                                         Department of Transportation
                                                             Summer Count Program
                                                                High Point, NC
Counted By: Paul Ambroso &                                                                                                      File Name          :   CllgeKvtt
Ryan MacKenzie                                                                                                                  Site Code          :   00013
Weather: Clear                                                                                                                  Start Date         :   6/12/2007
                                                                                                                                Page No            :   3


                       COLLEGE DRIVE                   KIVETT DRIVE                       COLLEGE DRIVE                       KIVETT DRIVE
                         Southbound                      Westbound                          Northbound                          Eastbound
   Start Time    Left   Thru Right App. Total   Left    Thru Right    App. Total   Left    Thru Right     App. Total   Left    Thru Right    App. Total   Int. Total
Peak Hour Analysis From 06:00 to 09:45 - Peak 1 of 1
Peak Hour for Entire Intersection Begins at 07:30
        07:30      25     50      8       83      18     69     14         101        2     61     12           75        3     52      1          56          315
        07:45      17     62     16       95      30    122     22         174        1     50     11           62        3     64      1          68          399
        08:00      16     63      6       85      20     81     14         115        2     62     16           80        2     51      3          56          336
        08:15      18     51      9       78      27     75     28         130        2     66     15           83        5     51      2          58          349
 Total Volume      76    226     39      341      95    347     78         520        7    239     54          300       13    218      7         238         1399
 % App. Total    22.3   66.3   11.4            18.3    66.7     15                  2.3   79.7     18                   5.5   91.6    2.9
          PHF    .760   .897   .609     .897   .792    .711   .696        .747     .875   .905   .844         .904     .650   .852   .583        .875         .877

Peak Hour Analysis From 10:00 to 13:45 - Peak 1 of 1
Peak Hour for Entire Intersection Begins at 13:00
        13:00     23     66      9       98     13     60       18          91        3     54     19           76        2     63      0          65          330
        13:15     20     61      7       88     17     59       20          96        4     51     14           69        7     64      3          74          327
        13:30     23     63     11       97     15     71       21         107        1     53     21           75        3     56      5          64          343
        13:45     23     56      7       86     19     63       20         102        4     77      7           88        1     53      7          61          337
 Total Volume     89    246     34      369     64    253       79         396       12    235     61          308       13    236     15         264         1337
 % App. Total   24.1   66.7    9.2            16.2   63.9     19.9                  3.9   76.3   19.8                   4.9   89.4    5.7
          PHF   .967   .932   .773     .941   .842   .891     .940        .925     .750   .763   .726         .875     .464   .922   .536        .892         .974

Peak Hour Analysis From 14:00 to 17:45 - Peak 1 of 1
Peak Hour for Entire Intersection Begins at 17:00
        17:00     32     78      4      114     24     55       55         134        4    106      8          118        9    139      6         154          520
        17:15     37     96      4      137     13     67       45         125        8     95     21          124       11     96      4         111          497
        17:30     29     94      6      129     12     81       45         138        3    106     13          122        7    100      3         110          499
        17:45     34     69      6      109     17     64       27         108        5     99     17          121        8     89      6         103          441
 Total Volume    132    337     20      489     66    267      172         505       20    406     59          485       35    424     19         478         1957
 % App. Total     27   68.9    4.1            13.1   52.9     34.1                  4.1   83.7   12.2                   7.3   88.7      4
          PHF   .892   .878   .833     .892   .688   .824     .782        .915     .625   .958   .702         .978     .795   .763   .792        .776         .941
