                                                                City of High Point
                                                           Department of Transportation
                                                               Summer Count Program
                                                                  High Point, NC
Counted By: Stephen Huntley &                                                                                      File Name       :   DillRgsdlGrnsbrMain
Paul Ambroso                                                                                                       Site Code       :   0007
Weather: Clear                                                                                                     Start Date      :   6/6/2007
**SCHOOL IN SESSION**                                                                                              Page No         :   1


                                                              Groups Printed- Cars - Trucks
                      RAGSDALE ROAD                       MAIN STREET                   DILLON ROAD                         MAIN STREET
                        Southbound                         Westbound                     Northbound                          Eastbound
  Start Time   Left    Thru Right     App. Total   Left   Thru Right App. Total  Left   Thru Right    App. Total     Left   Thru Right        App. Total   Int. Total
       06:00      0       0      1            1       4     28      0       32      9      2     27         38          2     19      4             25           96
       06:15      0       3      2            5       5     23      0       28      6      3     15         24          2     35      4             41           98
       06:30      0       1      3            4       8     49      0       57     11      3     49         63          1     45      2             48          172
       06:45      0       5      4            9      23     66      2       91     13      2     37         52          5     70      5             80          232
       Total      0       9     10           19      40    166      2      208     39     10    128        177         10    169     15            194          598

       07:00      2      1      5             8      11     74      5      90     11      6     32          49          3     56          8         67          214
       07:15      1      3      7            11      26     85      9     120     18      5     45          68          4     83         10         97          296
       07:30      7     18      7            32      21     96     12     129     42      8     53         103          5    121          9        135          399
       07:45      3     23     12            38      27    126      0     153     36      7     42          85          6    133          9        148          424
       Total     13     45     31            89      85    381     26     492    107     26    172         305         18    393         36        447         1333

       08:00      1     12      5            18      16     89      4     109     20     10     49          79         10    111         15        136          342
       08:15      4      2     13            19      18     95      1     114     16     11     52          79          3    121          6        130          342
       08:30      2      8      5            15      13     93      0     106     11      5     32          48          2     94          8        104          273
       08:45      0     10     12            22       9     88      1      98     11      7     33          51          5     99         17        121          292
       Total      7     32     35            74      56    365      6     427     58     33    166         257         20    425         46        491         1249

       09:00      7      7     12           26       11     92      0     103     11      5     27          43          4     69          6         79          251
       09:15      4      5     14           23       21     77      2     100      7      4     34          45          7     81         12        100          268
       09:30      4     11     16           31       29     89      1     119     11      6     30          47         11     88         12        111          308
       09:45      1     12     12           25       25     64      1      90     10      4     32          46          7    104          6        117          278
       Total     16     35     54          105       86    322      4     412     39     19    123         181         29    342         36        407         1105

       10:00      1      7     17           25       21     78      3     102     18      9     21          48          4     60         10         74          249
       10:15      3     10     22           35       17     89      3     109     15      5     19          39          7     81          8         96          279
       10:30      4      9     12           25       26     89      4     119      8      7     21          36          4     90         10        104          284
       10:45      2      9     11           22       10     87      3     100      8      9     25          42          8     84         12        104          268
       Total     10     35     62          107       74    343     13     430     49     30     86         165         23    315         40        378         1080

       11:00      7      7      7            21      20     89      0     109     15      2     31          48          8     83          8         99          277
       11:15      3      7      8            18      18     98      4     120      9      5     30          44          6     90          8        104          286
       11:30      7      7     10            24      21    117      1     139      8      4     18          30          5     87          5         97          290
       11:45      1     10     20            31      27     96      9     132     12      4     36          52         12     97         12        121          336
       Total     18     31     45            94      86    400     14     500     44     15    115         174         31    357         33        421         1189

       12:00      4      6     21           31       29    122      2     153     15     13     30          58         10     87         10        107          349
       12:15      5      9     16           30       29    114      3     146     17      7     30          54          5    100         10        115          345
       12:30      4     10     12           26       28    102      3     133     10      8     34          52         11    108         11        130          341
       12:45      5     10     21           36       27    114      1     142     22      3     22          47         11    105         16        132          357
       Total     18     35     70          123      113    452      9     574     64     31    116         211         37    400         47        484         1392

       13:00      3      6     13            22      30    105      3     138     19      6     16          41         11    123         19        153          354
       13:15      2      7     10            19      26     89      2     117      6      1     21          28         11     83         10        104          268
       13:30      4      5     13            22      21     95      1     117     13      5     26          44          7     95         17        119          302
       13:45      5      7     16            28      33    115      2     150     10      5     34          49         10     92         13        115          342
       Total     14     25     52            91     110    404      8     522     48     17     97         162         39    393         59        491         1266

       14:00      5     12     16           33       36    124      2     162     18     11     34          63          5    101          6        112          370
       14:15      9     14      5           28       31    112      3     146     17     10     31          58          9    103         12        124          356
       14:30      4     24     15           43       30     94      0     124     22     10     29          61          8    135          6        149          377
       14:45      6     12     25           43       28    107      1     136     15      8     31          54          9     88         11        108          341
       Total     24     62     61          147      125    437      6     568     72     39    125         236         31    427         35        493         1444

       15:00      4      9     12           25       28    122      4     154     12      6     20          38          5    123         28        156          373
       15:15      3     18     11           32       33    128      3     164     13      3     29          45         18    117         11        146          387
       15:30      3     17     13           33       36    107      1     144     15      7     30          52          9    105         18        132          361
       15:45      4      9     13           26       47    120      8     175     15      8     34          57         10    114         13        137          395
       Total     14     53     49          116      144    477     16     637     55     24    113         192         42    459         70        571         1516

       16:00      4     13     15           32       42    116      6     164     13      9     31          53         11    118         14        143          392
       16:15      3     17     12           32       35    108      2     145     13     12     26          51          6    122         12        140          368
       16:30      8     15     17           40       42    128      1     171     11     14     33          58         15    116         20        151          420
       16:45      4     27     15           46       38    124      2     164     15     10     36          61         19    128          9        156          427
       Total     19     72     59          150      157    476     11     644     52     45    126         223         51    484         55        590         1607

       17:00      4     23     14           41       40    140      2     182     18     14     39          71         26    129         20        175          469
       17:15      4     30     24           58       45    127      1     173     15     14     32          61         15    127         25        167          459
       17:30      6     29     15           50       53    107      4     164     28     19     33          80         10    133         26        169          463
       17:45      2     22     22           46       46    104      3     153     20     15     39          74         11    139         24        174          447
       Total     16    104     75          195      184    478     10     672     81     62    143         286         62    528         95        685         1838

 Grand Total    169    538    603         1310     1260   4701    125    6086    708    351   1510        2569        393   4692        567       5652       15617
    Apprch %   12.9   41.1     46                  20.7   77.2    2.1           27.6   13.7   58.8                      7     83         10
     Total %    1.1    3.4    3.9          8.4      8.1   30.1    0.8      39    4.5    2.2    9.7        16.5        2.5     30        3.6       36.2
        Cars    161    524    590         1275     1193   4534    123    5850    690    347   1444        2481        384   4548        540       5472       15078
      % Cars   95.3   97.4   97.8         97.3     94.7   96.4   98.4    96.1   97.5   98.9   95.6        96.6       97.7   96.9       95.2       96.8        96.5
      Trucks      8     14     13           35       67    167      2     236     18      4     66          88          9    144         27        180         539
    % Trucks    4.7    2.6    2.2          2.7      5.3    3.6    1.6     3.9    2.5    1.1    4.4         3.4        2.3    3.1        4.8        3.2         3.5
                                                              City of High Point
                                                         Department of Transportation
                                                             Summer Count Program
                                                                High Point, NC
Counted By: Stephen Huntley &                                                                    File Name                    :   DillRgsdlGrnsbrMain
Paul Ambroso                                                                                     Site Code                    :   0007
Weather: Clear                                                                                   Start Date                   :   6/6/2007
**SCHOOL IN SESSION**                                                                            Page No                      :   2

                                                                 RAGSDALE ROAD
                                                               Out     In    Total
                                                                854   1275    2129
                                                                 15      35     50
                                                                869   1310    2179


                                                                  590  524       161
                                                                   13    14          8
                                                                  603  538       169
                                                                Right Thru      Left
                                     378
                                   11286

                                   11664
                                    Total




                                                                                                      6371

                                                                                                      6153
                                                                                                      Out
                                                                                                       218
                                             393
                                                 9
                                             384




                                                                                         Right Thru
                                            Left




                                                                                           125 4701

                                                                                           123 4534
                                                                        North




                                                                                                          MAIN STREET
                       MAIN STREET




                                                                                             2
                              180
                             5472

                             5652




                                                               6/6/2007 06:00
                                              567 4692
                                                   144
                                              540 4548


                                            Right Thru
                              In




                                                                                                              6086

                                                                                                              5850
                                                                                                               In
                                                                                                167




                                                                                                                236
                                                               6/6/2007 17:45

                                                               Cars
                                               27




                                                                                         Left
                                                                                         1260

                                                                                         1193
                     198
                    5814

                    6012




                                                               Trucks




                                                                                                                     12457

                                                                                                                     12003
                    Out




                                                                                                                      Total
                                                                                           67




                                                                                                                       454
                                                                 Left Thru Right
                                                                  690  347 1444
                                                                   18     4   66
                                                                  708  351 1510


                                                               2257     2481   4738
                                                                108        88   196
                                                               2365     2569   4934
                                                               Out       In   Total
                                                                   DILLON ROAD
                                                             City of High Point
                                                        Department of Transportation
                                                            Summer Count Program
                                                               High Point, NC
Counted By: Stephen Huntley &                                                                                       File Name       :   DillRgsdlGrnsbrMain
Paul Ambroso                                                                                                        Site Code       :   0007
Weather: Clear                                                                                                      Start Date      :   6/6/2007
**SCHOOL IN SESSION**                                                                                               Page No         :   3


                       RAGSDALE ROAD                   MAIN STREET                       DILLON ROAD                         MAIN STREET
                         Southbound                     Westbound                         Northbound                          Eastbound
   Start Time    Left   Thru Right App. Total   Left   Thru Right    App. Total   Left   Thru Right    App. Total     Left   Thru Right        App. Total   Int. Total
Peak Hour Analysis From 06:00 to 09:45 - Peak 1 of 1
Peak Hour for Entire Intersection Begins at 07:30
        07:30       7     18      7       32      21     96     12        129       42      8     53        103          5    121          9        135          399
        07:45       3     23     12       38      27    126      0        153       36      7     42         85          6    133          9        148          424
        08:00       1     12      5       18      16     89      4        109       20     10     49         79         10    111         15        136          342
        08:15       4      2     13       19      18     95      1        114       16     11     52         79          3    121          6        130          342
 Total Volume      15     55     37      107      82    406     17        505      114     36    196        346         24    486         39        549         1507
 % App. Total      14   51.4   34.6            16.2    80.4    3.4                32.9   10.4   56.6                   4.4   88.5        7.1
          PHF    .536   .598   .712     .704   .759    .806   .354       .825     .679   .818   .925       .840       .600   .914       .650       .927         .889

Peak Hour Analysis From 10:00 to 13:45 - Peak 1 of 1
Peak Hour for Entire Intersection Begins at 12:15
        12:15      5      9     16       30     29    114        3        146       17      7     30         54          5    100         10        115          345
        12:30      4     10     12       26     28    102        3        133       10      8     34         52         11    108         11        130          341
        12:45      5     10     21       36     27    114        1        142       22      3     22         47         11    105         16        132          357
        13:00      3      6     13       22     30    105        3        138       19      6     16         41         11    123         19        153          354
 Total Volume     17     35     62      114    114    435       10        559       68     24    102        194         38    436         56        530         1397
 % App. Total   14.9   30.7   54.4            20.4   77.8      1.8                35.1   12.4   52.6                   7.2   82.3       10.6
          PHF   .850   .875   .738     .792   .950   .954     .833       .957     .773   .750   .750       .898       .864   .886       .737       .866         .978

Peak Hour Analysis From 14:00 to 17:45 - Peak 1 of 1
Peak Hour for Entire Intersection Begins at 17:00
        17:00      4     23     14       41     40    140        2        182       18     14     39         71         26    129         20        175          469
        17:15      4     30     24       58     45    127        1        173       15     14     32         61         15    127         25        167          459
        17:30      6     29     15       50     53    107        4        164       28     19     33         80         10    133         26        169          463
        17:45      2     22     22       46     46    104        3        153       20     15     39         74         11    139         24        174          447
 Total Volume     16    104     75      195    184    478       10        672       81     62    143        286         62    528         95        685         1838
 % App. Total    8.2   53.3   38.5            27.4   71.1      1.5                28.3   21.7     50                   9.1   77.1       13.9
          PHF   .667   .867   .781     .841   .868   .854     .625       .923     .723   .816   .917       .894       .596   .950       .913       .979         .980
