                                                                  City of High Point
                                                             Department of Transportation
                                                                 Summer Count Program
                                                                    High Point, NC
Counted By: Ryan Mackenzie &                                                                                                 File Name       :   FrfldUwhrrie
Paul Ambroso                                                                                                                 Site Code       :   0089
Weather: Clear                                                                                                               Start Date      :   8/9/2007
                                                                                                                             Page No         :   1


                                                          Groups Printed- Cars - Trucks - Freight
                       UWHARRIE ROAD                      FAIRFIELD ROAD                 UWHARRIE ROAD                      FAIRFIELD ROAD
                         Southbound                          Westbound                    Northbound                           Eastbound
  Start Time   Right    Thru   Left    App. Total   Right   Thru   Left App. Total Right  Thru   Left    App. Total   Right   Thru   Left App. Total    Int. Total
       06:00       3       0      1            4        0    108      6       114      4     1     11          16         9     79       2       90          224
       06:15       2       1      0            3        1     73      4        78     10     1      6          17        10     75       4       89          187
       06:30       3       2      1            6        1    124      1       126     12     4     26          42        18    113       6      137          311
       06:45       5       4      3           12        3    133      6       142      7     4     27          38        32    124     11       167          359
       Total      13       7      5           25        5    438     17       460     33    10     70         113        69    391     23       483         1081

       07:00       3      1      3             7       1    103      8      112      7      2     15           24       13      71       2         86        229
       07:15       1      3      2             6       1    106      1      108     11      4     13           28       16      94       5        115        257
       07:30       1      1      1             3       2    100      4      106      5      5     36           46       21     121       6        148        303
       07:45       3      0      3             6       2    147      5      154      9      3     26           38       32     114      12        158        356
       Total       8      5      9            22       6    456     18      480     32     14     90          136       82     400      25        507       1145

       08:00       6      2      0             8       4    102      8      114      9      2     27           38       21      87       8        116        276
       08:15       3      1      2             6       1    114      6      121      4      6     18           28       35     103       4        142        297
       08:30       6      1      2             9       0    101      6      107      7      1     22           30       10     108       1        119        265
       08:45       6      0      0             6       2    103      2      107      8      2     23           33       11      79       2         92        238
       Total      21      4      4            29       7    420     22      449     28     11     90          129       77     377      15        469       1076

       09:00       3      1      2             6       1     73      3       77      5      2     24           31       10      77       4         91        205
       09:15       3      2      1             6       1     83      5       89      8      2     16           26       13      93       4        110        231
       09:30       7      5      0            12       9     77      1       87      9      5     21           35       13     102       2        117        251
       09:45       2      1      2             5       1     89      2       92      9      1     13           23       14      79       0         93        213
       Total      15      9      5            29      12    322     11      345     31     10     74          115       50     351      10        411        900

       10:00       4      2      1             7       3     98      4      105      2      2     11            15       7     111       2        120        247
       10:15       6      2      2            10       4     88      4       96      7      0     13            20      14      91       3        108        234
       10:30       1      1      1             3       1     89      9       99      9      5      8            22      15     100       2        117        241
       10:45       6      2      1             9       2     94      7      103      7      1     13            21      12     101       3        116        249
       Total      17      7      5            29      10    369     24      403     25      8     45            78      48     403      10        461        971

       11:00       4      2      1             7       2     95      5      102      9      4     15           28       11      96       1        108        245
       11:15       7      1      2            10       1     80     11       92      9      3     13           25        9     107       4        120        247
       11:30       5      1      0             6       3     94      5      102     12      0     23           35       14     133       8        155        298
       11:45       6      4      5            15       6     94     10      110     11      1     22           34       16     154       4        174        333
       Total      22      8      8            38      12    363     31      406     41      8     73          122       50     490      17        557       1123

       12:00      10      4      4            18       5    118     14      137     23      2     20           45       17     174       8        199        399
       12:15       4      4      4            12       1    106     13      120      4      1     17           22       12     140       4        156        310
       12:30       7      6      1            14       4    130     13      147     13      3     22           38       16     143       9        168        367
       12:45       8      2      1            11       7    138      7      152      8      4     17           29       20     119       1        140        332
       Total      29     16     10            55      17    492     47      556     48     10     76          134       65     576      22        663       1408

       13:00       2      3      1             6       2    107      9      118      4      1     17            22      18     118       6        142        288
       13:15       4      2      2             8       1    109     13      123      7      3     17            27      19     102       4        125        283
       13:30       4      2      3             9       6     93     11      110      5      0     14            19      20     117       8        145        283
       13:45       4      2      2             8       4    100      7      111      5      1     20            26      21     105       4        130        275
       Total      14      9      8            31      13    409     40      462     21      5     68            94      78     442      22        542       1129

       14:00       8      6      4            18       3    125     11      139     12      3     65           80       17     108       5        130        367
       14:15       6      1      1             8       0     87      4       91      6      3     24           33        8     108       3        119        251
       14:30       4      2      2             8       2    106      4      112      4      1     23           28       18     158       4        180        328
       14:45       2      3      1             6       2    121      6      129      4      2     19           25       13     114       4        131        291
       Total      20     12      8            40       7    439     25      471     26      9    131          166       56     488      16        560       1237

       15:00      11      5      3            19       1     83      8       92      9      2     26           37       18     137       3        158        306
       15:15       2      2      0             4       5    124     10      139      6      4     18           28       22     127       2        151        322
       15:30       6      3      3            12       1    150      9      160     12      2     39           53       19     205       7        231        456
       15:45      21      6      7            34       3    118      5      126      7      1     27           35       16     175       7        198        393
       Total      40     16     13            69      10    475     32      517     34      9    110          153       75     644      19        738       1477

       16:00       3      8      2            13       2    152      7      161     11      2     17           30       22     194       7        223        427
       16:15       4      6      1            11       3    139      9      151     12      1     46           59       22     161       3        186        407
       16:30      26      8     12            46       3    201      5      209      8      3     32           43       27     194       3        224        522
       16:45       8      7      1            16       2    129      9      140     10      3     33           46       17     166       3        186        388
       Total      41     29     16            86      10    621     30      661     41      9    128          178       88     715      16        819       1744

       17:00       6      4      3            13       1    155      7      163     11      5     39           55       42     204       4        250        481
       17:15      13      0      4            17       1    125      6      132      6      2     25           33       22     142       1        165        347
       17:30       3      3      2             8       1    100      8      109      8      0     22           30       16     129       1        146        293
       17:45       6      3      2            11       0     81      6       87     15      1     18           34       10     114       5        129        261
       Total      28     10     11            49       3    461     27      491     40      8    104          152       90     589      11        690       1382

 Grand Total     268    132    102          502      112   5265    324     5701    400    111   1059         1570      828    5866     206       6900     14673
    Apprch %    53.4   26.3   20.3                     2   92.4    5.7            25.5    7.1   67.5                    12      85       3
     Total %     1.8    0.9    0.7          3.4      0.8   35.9    2.2     38.9    2.7    0.8    7.2         10.7      5.6      40     1.4         47
        Cars     234    122     92          448      101   4818    276     5195    347     97    896         1340      718    5353     182       6253     13236
      % Cars    87.3   92.4   90.2         89.2     90.2   91.5   85.2     91.1   86.8   87.4   84.6         85.4     86.7    91.3    88.3       90.6      90.2
      Trucks      22      5     10           37        7    276     36      319     43      5    111          159       73     328      19        420       935
    % Trucks     8.2    3.8    9.8          7.4      6.2    5.2   11.1      5.6   10.8    4.5   10.5         10.1      8.8     5.6     9.2        6.1       6.4
     Freight      12      5      0           17        4    171     12      187     10      9     52           71       37     185       5        227       502
   % Freight     4.5    3.8      0          3.4      3.6    3.2    3.7      3.3    2.5    8.1    4.9          4.5      4.5     3.2     2.4        3.3       3.4
                                                              City of High Point
                                                         Department of Transportation
                                                             Summer Count Program
                                                                High Point, NC
Counted By: Ryan Mackenzie &                                                                                   File Name     :   FrfldUwhrrie
Paul Ambroso                                                                                                   Site Code     :   0089
Weather: Clear                                                                                                 Start Date    :   8/9/2007
                                                                                                               Page No       :   2

                                                                 UWHARRIE ROAD
                                                               Out    In     Total
                                                                380    448     828
                                                                 31     37      68
                                                                 18     17      35
                                                                429    502     931


                                                                  234  122        92
                                                                   22     5       10
                                                                   12     5          0
                                                                  268  132       102
                                                                Right Thru      Left
                                     829
                                     462
                                   12201


                                   13492
                                    Total




                                                                                                      6368


                                                                                                      5792
                                                                                                      Out
                                                                                                       195
                                                                                                       381
                                             206
                                                 5
                                              19
                                             182




                                                                                         Right Thru
                                            Left




                                                                                                        FAIRFIELD ROAD
                     FAIRFIELD ROAD




                                                                                           112 5265


                                                                                           101 4818
                                                                        North




                                                                                             4
                                                                                             7
                                                               8/9/2007 06:00
                             420
                             227
                            6253


                            6900




                                              828 5866
                                                   328
                                                   185
                                              718 5353



                                            Right Thru
                             In




                                                               8/9/2007 17:45




                                                                                                              5701


                                                                                                              5195
                                                                                                               In
                                                                                                171
                                                                                                276




                                                                                                               187
                                                                                                               319
                                                               Cars
                                               73
                                               37




                                                                                         Left
                                                               Trucks
                     409
                     235
                    5948


                    6592




                                                                                          324


                                                                                          276


                                                                                                                     12069


                                                                                                                     10987
                    Out




                                                                                                                     Total
                                                                                           12
                                                                                           36
                                                               Freight




                                                                                                                       382
                                                                                                                       700
                                                                 Left Thru Right
                                                                  896   97   347
                                                                  111     5   43
                                                                   52     9   10
                                                                 1059  111   400


                                                               1116   1340    2456
                                                                114     159    273
                                                                 54      71    125
                                                               1284   1570    2854
                                                               Out     In    Total
                                                                 UWHARRIE ROAD
                                                               City of High Point
                                                          Department of Transportation
                                                              Summer Count Program
                                                                 High Point, NC
Counted By: Ryan Mackenzie &                                                                                                File Name      :    FrfldUwhrrie
Paul Ambroso                                                                                                                Site Code      :    0089
Weather: Clear                                                                                                              Start Date     :    8/9/2007
                                                                                                                            Page No        :    3


                       UWHARRIE ROAD                 FAIRFIELD ROAD                     UWHARRIE ROAD                      FAIRFIELD ROAD
                         Southbound                     Westbound                        Northbound                           Eastbound
   Start Time Right     Thru   Left App. Total Right   Thru   Left App. Total   Right    Thru   Left    App. Total   Right   Thru   Left App.   Total   Int. Total
Peak Hour Analysis From 06:00 to 09:45 - Peak 1 of 1
Peak Hour for Entire Intersection Begins at 07:30
        07:30       1      1      1          3     2    100      4       106       5       5     36           46       21    121       6         148         303
        07:45       3      0      3          6     2    147      5       154       9       3     26           38       32    114      12         158         356
        08:00       6      2      0          8     4    102      8       114       9       2     27           38       21     87       8         116         276
        08:15       3      1      2          6     1    114      6       121       4       6     18           28       35    103       4         142         297
 Total Volume      13      4      6        23      9    463     23       495      27      16    107          150      109    425      30         564        1232
 % App. Total    56.5   17.4   26.1              1.8  93.5     4.6                18    10.7   71.3                  19.3   75.4     5.3
          PHF    .542   .500   .500     .719    .563  .787    .719     .804     .750    .667   .743         .815     .779   .878    .625        .892        .865

Peak Hour Analysis From 10:00 to 13:45 - Peak 1 of 1
Peak Hour for Entire Intersection Begins at 11:45
        11:45      6      4      5       15      6     94        10      110      11       1     22           34       16    154       4         174         333
        12:00     10      4      4       18      5    118        14      137      23       2     20           45       17    174       8         199         399
        12:15      4      4      4       12      1    106        13      120       4       1     17           22       12    140       4         156         310
        12:30      7      6      1       14      4    130        13      147      13       3     22           38       16    143       9         168         367
 Total Volume     27     18     14       59     16    448        50      514      51       7     81          139       61    611      25         697        1409
 % App. Total   45.8   30.5   23.7             3.1   87.2       9.7             36.7       5   58.3                   8.8   87.7     3.6
          PHF   .675   .750   .700     .819   .667   .862      .893     .874    .554    .583   .920         .772     .897   .878    .694        .876        .883

Peak Hour Analysis From 14:00 to 17:45 - Peak 1 of 1
Peak Hour for Entire Intersection Begins at 16:15
        16:15      4      6      1       11      3    139         9      151      12       1     46           59       22    161       3         186         407
        16:30     26      8     12       46      3    201         5      209       8       3     32           43       27    194       3         224         522
        16:45      8      7      1       16      2    129         9      140      10       3     33           46       17    166       3         186         388
        17:00      6      4      3       13      1    155         7      163      11       5     39           55       42    204       4         250         481
 Total Volume     44     25     17       86      9    624        30      663      41      12    150          203      108    725      13         846        1798
 % App. Total   51.2   29.1   19.8             1.4   94.1       4.5             20.2     5.9   73.9                  12.8   85.7     1.5
          PHF   .423   .781   .354     .467   .750   .776      .833     .793    .854    .600   .815         .860     .643   .888    .813        .846        .861
