                                                                    City of High Point
                                                               Department of Transportation
                                                                   Summer Count Program
                                                                      High Point, NC
Counted By: Adam Huntley &                                                                                                     File Name       :   FarFldSurrt2
John Snyder                                                                                                                    Site Code       :   00090
Weather: Clear                                                                                                                 Start Date      :   8/9/2007
                                                                                                                               Page No         :   1


                                                         Groups Printed- Automobiles - Trucks - Freight
                         SURRETT DRIVE                      FAIRFIELD ROAD                 SURRETT DRIVE                      FAIRFIELD ROAD
                           Southbound                          Westbound                    Northbound                           Eastbound
  Start Time     Right    Thru   Left    App. Total   Right   Thru   Left App. Total Right  Thru   Left    App. Total   Right   Thru   Left App. Total    Int. Total
       06:00         8      20      6          34         6     69     11        86     20    68     52         140        18     50       7       75          335
       06:15         3      31      5          39        18     62     11        91     27    98     35         160        20     47       8       75          365
       06:30        11      49      5          65        10    100     15       125     17   120     47         184        35     69       5      109          483
       06:45        12      69      3          84        12     87     20       119     22    88     47         157        30     56       9       95          455
       Total        34     169     19         222        46    318     57       421     86   374    181         641       103    222     29       354         1638

        07:00        7     30     12           49        9     91     10      110     14     69     46          129       15      55      13         83        371
        07:15        7     39      4           50       15     70     10       95     14    114     40          168       17      74       3         94        407
        07:30        8     49      9           66       11     91     14      116     21     99     34          154       22      93      11        126        462
        07:45       13     70      8           91       13    106     16      135     12    127     48          187       25      90       6        121        534
        Total       35    188     33          256       48    358     50      456     61    409    168          638       79     312      33        424       1774

        08:00        9     43      8           60        8     75     17      100     18     89     33          140       27      54       7         88        388
        08:15        9     41     10           60       15     88     14      117      6     78     29          113       28      78      12        118        408
        08:30       12     43     10           65       20     78      8      106     10     65     30          105       27      75      25        127        403
        08:45       11     38     13           62       16     63      9       88     20     56     24          100       20      61       9         90        340
        Total       41    165     41          247       59    304     48      411     54    288    116          458      102     268      53        423       1539

        09:00       10     33      5           48        6     59     14       79     16     50     18           84       23      57      12         92        303
        09:15        5     26     11           42       17     60     19       96     20     49     24           93       17      65       9         91        322
        09:30        4     25     11           40        8     64     12       84     13     50     20           83       28      73       6        107        314
        09:45        8     36      8           52       12     53     13       78      7     52     23           82       25      67       8        100        312
        Total       27    120     35          182       43    236     58      337     56    201     85          342       93     262      35        390       1251

        10:00        4     21     10           35        9     81      8       98     16     46     21           83       21      71       8        100        316
        10:15        6     27      9           42       19     68     13      100     10     41     16           67       24      63       6         93        302
        10:30       11     27      9           47       12     59      8       79     11     43     27           81       21      73       9        103        310
        10:45        5     35     10           50       12     67     15       94     10     40     26           76       21      67       6         94        314
        Total       26    110     38          174       52    275     44      371     47    170     90          307       87     274      29        390       1242

        11:00       19     41     13           73       11     50     15       76     10     45     29           84       21      77      17        115        348
        11:15        9     34     12           55        5     71     19       95     15     47     23           85       20      93       7        120        355
        11:30        7     34     17           58       11     93     24      128     47     51     28          126       35     121      15        171        483
        11:45        8     45     17           70        8     60     27       95     52     77     35          164       35     117      15        167        496
        Total       43    154     59          256       35    274     85      394    124    220    115          459      111     408      54        573       1682

        12:00        3     58     28           89       12     90     21      123     48     47     21          116       38     165      27        230        558
        12:15       15     39     12           66       17    116     46      179     44     61     23          128       40     119      20        179        552
        12:30        8     51     12           71       22    109     32      163     35     46     27          108       30     118      11        159        501
        12:45        5     56     25           86       17    120     25      162     17     49     29           95       33      85       8        126        469
        Total       31    204     77          312       68    435    124      627    144    203    100          447      141     487      66        694       2080

        13:00       15     50     15           80       13     79     28      120     22     50     23           95       33      91       9        133        428
        13:15        9     40     11           60        8     85     25      118     22     38     24           84       32      89       5        126        388
        13:30        8     46     14           68       10     79     21      110     17     45     21           83       31      95       6        132        393
        13:45       11     42     13           66       16     79     19      114     19     48     26           93       23      78      11        112        385
        Total       43    178     53          274       47    322     93      462     80    181     94          355      119     353      31        503       1594

        14:00        6     47     11           64       11     69     18       98     21     55     30          106       19     104      22        145        413
        14:15        7     55     12           74       10     61     19       90     13     33     18           64       36      77       8        121        349
        14:30        7     48     12           67       18     73     21      112     11     39     33           83       45     105      13        163        425
        14:45        8     44     11           63       16     81     29      126     14     38     27           79       28      60      16        104        372
        Total       28    194     46          268       55    284     87      426     59    165    108          332      128     346      59        533       1559

        15:00        7     55     15           77        9     69     11       89     17     43     22           82       46      95      12        153        401
        15:15       11     56      8           75        7     76     10       93     14     42     19           75       43      94      25        162        405
        15:30        6     85     10          101       17    114     21      152     27     59     37          123       54     165      12        231        607
        15:45       14    104     12          130       14     67     19      100     20     59     30          109       49     135      14        198        537
        Total       38    300     45          383       47    326     61      434     78    203    108          389      192     489      63        744       1950

        16:00        7     87     21          115        8     89     21      118     30     87     44          161       62     144      19        225        619
        16:15        6     82      8           96        7     86     32      125     22     69     36          127       54     105      11        170        518
        16:30        9     87     14          110       30    123     51      204     11     65     31          107       66     128      11        205        626
        16:45       10     91     10          111        9    107     33      149     20     57     29          106       56     137      22        215        581
        Total       32    347     53          432       54    405    137      596     83    278    140          501      238     514      63        815       2344

        17:00        9    134     14          157        9     98     33      140     25     97     32          154       54     145      19        218        669
        17:15        8    118     13          139       11     75     33      119     20     66     41          127       48     111      11        170        555
        17:30       12     84      9          105        6     74     33      113     21     65     32          118       47      78      13        138        474
        17:45        4     56     10           70        9     48     25       82     17     59     23           99       41      88       8        137        388
        Total       33    392     46          471       35    295    124      454     83    287    128          498      190     422      51        663       2086

 Grand Total       411   2521    545         3477      589   3832     968    5389    955   2979   1433         5367     1583    4357     566       6506     20739
    Apprch %      11.8   72.5   15.7                  10.9   71.1      18           17.8   55.5   26.7                  24.3      67     8.7
     Total %         2   12.2    2.6         16.8      2.8   18.5     4.7      26    4.6   14.4    6.9         25.9      7.6      21     2.7       31.4
 Automobiles       362   2370    496         3228      494   3479     893    4866    890   2849   1368         5107     1509    3978     483       5970     19171
 % Automobiles    88.1     94     91         92.8     83.9   90.8    92.3    90.3   93.2   95.6   95.5         95.2     95.3    91.3    85.3       91.8      92.4
       Trucks       27     94     37          158       85    219      54     358     41     76     46          163       59     233      60        352      1031
     % Trucks      6.6    3.7    6.8          4.5     14.4    5.7     5.6     6.6    4.3    2.6    3.2            3      3.7     5.3    10.6        5.4         5
      Freight       22     57     12           91       10    134      21     165     24     54     19           97       15     146      23        184       537
    % Freight      5.4    2.3    2.2          2.6      1.7    3.5     2.2     3.1    2.5    1.8    1.3          1.8      0.9     3.4     4.1        2.8       2.6
                                                              City of High Point
                                                         Department of Transportation
                                                             Summer Count Program
                                                                High Point, NC
Counted By: Adam Huntley &                                                                                    File Name     :   FarFldSurrt2
John Snyder                                                                                                   Site Code     :   00090
Weather: Clear                                                                                                Start Date    :   8/9/2007
                                                                                                              Page No       :   2

                                                                 SURRETT DRIVE
                                                               Out     In    Total
                                                               3826   3228    7054
                                                                221     158    379
                                                                 87      91    178
                                                               4134   3477    7611


                                                                  362 2370       496
                                                                   27    94       37
                                                                   22    57       12
                                                                  411 2521       545
                                                                Right Thru      Left
                                     644
                                     359
                                   11179


                                   12182
                                    Total




                                                                                                     5857


                                                                                                     5364
                                                                                                     Out
                                                                                                      182
                                                                                                      311
                                             566
                                              60
                                              23
                                             483




                                                                                        Right Thru
                                            Left




                                                                                                       FAIRFIELD ROAD
                     FAIRFIELD ROAD




                                                                                          589 3832


                                                                                          494 3479
                                                                        North




                                                                                           10
                                                                                           85
                                                               8/9/2007 06:00
                             352
                             184
                            5970


                            6506




                                            1583 4357
                                                   233
                                                   146
                                            1509 3978



                                            Right Thru
                             In




                                                               8/9/2007 17:45




                                                                                                             5389


                                                                                                             4866
                                                                                                              In
                                                                                               134
                                                                                               219




                                                                                                              165
                                                                                                              358
                                                               Automobiles
                                               59
                                               15




                                                                                        Left
                                                               Trucks
                     292
                     175
                    5209


                    5676




                                                                                         968


                                                                                         893


                                                                                                                    11246


                                                                                                                    10230
                    Out




                                                                                                                    Total
                                                                                          21
                                                                                          54
                                                               Freight




                                                                                                                      347
                                                                                                                      669
                                                                 Left Thru Right
                                                                 1368 2849   890
                                                                   46   76    41
                                                                   19   54    24
                                                                 1433 2979   955


                                                               4772   5107    9879
                                                                207     163    370
                                                                 93      97    190
                                                               5072   5367   10439
                                                               Out     In    Total
                                                                 SURRETT DRIVE
                                                               City of High Point
                                                          Department of Transportation
                                                              Summer Count Program
                                                                 High Point, NC
Counted By: Adam Huntley &                                                                                                  File Name      :    FarFldSurrt2
John Snyder                                                                                                                 Site Code      :    00090
Weather: Clear                                                                                                              Start Date     :    8/9/2007
                                                                                                                            Page No        :    3


                       SURRETT DRIVE                 FAIRFIELD ROAD                     SURRETT DRIVE                      FAIRFIELD ROAD
                         Southbound                     Westbound                        Northbound                           Eastbound
   Start Time Right     Thru   Left App. Total Right   Thru   Left App. Total   Right    Thru   Left    App. Total   Right   Thru   Left App.   Total   Int. Total
Peak Hour Analysis From 06:00 to 09:45 - Peak 1 of 1
Peak Hour for Entire Intersection Begins at 07:30
        07:30       8     49      9        66     11     91     14       116      21      99     34          154       22     93      11         126         462
        07:45      13     70      8        91     13    106     16       135      12     127     48          187       25     90       6         121         534
        08:00       9     43      8        60      8     75     17       100      18      89     33          140       27     54       7          88         388
        08:15       9     41     10        60     15     88     14       117       6      78     29          113       28     78      12         118         408
 Total Volume      39    203     35       277     47    360     61       468      57     393    144          594      102    315      36         453        1792
 % App. Total    14.1   73.3   12.6               10  76.9      13               9.6    66.2   24.2                  22.5   69.5     7.9
          PHF    .750   .725   .875     .761    .783  .849    .897     .867     .679    .774   .750         .794     .911   .847    .750        .899        .839

Peak Hour Analysis From 10:00 to 13:45 - Peak 1 of 1
Peak Hour for Entire Intersection Begins at 11:45
        11:45      8     45     17       70      8     60        27       95      52      77     35          164       35    117      15         167         496
        12:00      3     58     28       89     12     90        21      123      48      47     21          116       38    165      27         230         558
        12:15     15     39     12       66     17    116        46      179      44      61     23          128       40    119      20         179         552
        12:30      8     51     12       71     22    109        32      163      35      46     27          108       30    118      11         159         501
 Total Volume     34    193     69      296     59    375       126      560     179     231    106          516      143    519      73         735        2107
 % App. Total   11.5   65.2   23.3            10.5     67      22.5             34.7    44.8   20.5                  19.5   70.6     9.9
          PHF   .567   .832   .616     .831   .670   .808      .685     .782    .861    .750   .757         .787     .894   .786    .676        .799        .944

Peak Hour Analysis From 14:00 to 17:45 - Peak 1 of 1
Peak Hour for Entire Intersection Begins at 16:30
        16:30      9     87     14      110     30    123        51      204      11      65     31          107       66    128      11         205         626
        16:45     10     91     10      111      9    107        33      149      20      57     29          106       56    137      22         215         581
        17:00      9    134     14      157      9     98        33      140      25      97     32          154       54    145      19         218         669
        17:15      8    118     13      139     11     75        33      119      20      66     41          127       48    111      11         170         555
 Total Volume     36    430     51      517     59    403       150      612      76     285    133          494      224    521      63         808        2431
 % App. Total      7   83.2    9.9             9.6   65.8      24.5             15.4    57.7   26.9                  27.7   64.5     7.8
          PHF   .900   .802   .911     .823   .492   .819      .735     .750    .760    .735   .811         .802     .848   .898    .716        .927        .908
