                                                                City of High Point
                                                           Department of Transportation
                                                               Summer Count Program
                                                                  High Point, NC
Counted By: Drew Linthicum &                                                                                                  File Name          :   HrtlyMain
John Synder                                                                                                                   Site Code          :   0066
Weather: Clear                                                                                                                Start Date         :   7/18/2007
                                                                                                                              Page No            :   1


                                                         Groups Printed- Cars - Trucks - Freight
                       MAIN STREET                  HARTLEY DRIVE                       MAIN STREET                        HARTLEY DRIVE
                        Southbound                         Westbound                    Northbound                           Eastbound
  Start Time   Right   Thru   Left   App. Total   Right   Thru    Left App. Total Right Thru   Left   App. Total   Right    Thru   Left    App. Total   Int. Total
       06:00       1     57      5         63         2      2       1          5     1   34      1         36         0       1       0           1         105
       06:15       2    104     12        118         4      2       3          9     3   51      3         57         4       3       7          14         198
       06:30       0    153     21        174         9      2       8        19      2   67      4         73         8       4       9          21         287
       06:45       4    160     19        183        14      4       8        26      3   78      2         83         5       0       2           7         299
       Total       7    474     57        538        29     10      20        59      9  230     10        249        17       8     18           43         889

       07:00       3    125     22        150       10      5     13       28      2     87      6          95       12       5      7           24          297
       07:15       6    181     21        208       12     14      9       35      3    110      5         118        9      11     14           34          395
       07:30      16    238     31        285       19     10     21       50      8     97      5         110       17      12     22           51          496
       07:45      22    285     40        347       12     17     29       58      5    116      8         129       25      24     20           69          603
       Total      47    829    114        990       53     46     72      171     18    410     24         452       63      52     63          178         1791

       08:00      11    209     41        261       16     19     14       49      2    145     13         160       24      17     24           65          535
       08:15      18    199     32        249       17     18     27       62      6    116     10         132       14      13     20           47          490
       08:30      19    193     28        240        9     19     25       53     11    123     14         148       16      16     24           56          497
       08:45      27    214     37        278       17     27     26       70      8    117     17         142       16      13     16           45          535
       Total      75    815    138       1028       59     83     92      234     27    501     54         582       70      59     84          213         2057

       09:00      14    158     22        194       10     12     23       45     10    127     11         148       13      15      7           35          422
       09:15       5    129     25        159       10     15     26       51      5    128     14         147       13      12     12           37          394
       09:30       8    162     23        193       16     19     26       61      9    125     15         149       18      10     11           39          442
       09:45      10    169     32        211        7     21     28       56     13    110     20         143       16      11     23           50          460
       Total      37    618    102        757       43     67    103      213     37    490     60         587       60      48     53          161         1718

       10:00       5    152     23        180       19     12     27       58     11    155     22         188       23      11     18           52          478
       10:15       9    137     32        178       20     14     23       57     12    160     15         187       17      14     22           53          475
       10:30       8    162     25        195       20     16     36       72     13    162     16         191       18       7     15           40          498
       10:45       8    150     34        192       21     16     38       75     19    171     23         213       15      24     13           52          532
       Total      30    601    114        745       80     58    124      262     55    648     76         779       73      56     68          197         1983

       11:00      13    152     19        184       19      8     36       63     17    148     25         190       15      21     21           57          494
       11:15       6    143     33        182       23     21     41       85     10    144     18         172       19      22     16           57          496
       11:30       5    175     26        206       35     20     42       97     17    173     15         205       22      20     21           63          571
       11:45       6    161     34        201       13     25     47       85     15    169     17         201       13      38     20           71          558
       Total      30    631    112        773       90     74    166      330     59    634     75         768       69     101     78          248         2119

       12:00       6    183     41        230        9     23     52       84     28    236     22         286       16      34     19           69          669
       12:15      10    165     43        218       24     25     66      115     19    223     37         279       21      31     30           82          694
       12:30       9    197     39        245       23     29     71      123     28    221     27         276       20      25     23           68          712
       12:45       7    161     37        205       19     28     70      117     18    200     36         254       23      21     30           74          650
       Total      32    706    160        898       75    105    259      439     93    880    122        1095       80     111    102          293         2725

       13:00       3    190     46        239       17     20     54       91     25    203     27         255       20      26     19           65          650
       13:15       1    164     24        189       24     15     59       98     20    173     16         209       30      17     22           69          565
       13:30       3    155     35        193       16     11     59       86     22    186     18         226       19      16     24           59          564
       13:45       7    167     25        199       13     14     57       84     18    172     28         218       17      12     12           41          542
       Total      14    676    130        820       70     60    229      359     85    734     89         908       86      71     77          234         2321

       14:00       4    169     30        203       11     19     34       64     15    198     30         243       14      15     26           55          565
       14:15       6    169     24        199       17     29     50       96     15    167     19         201       24      41     28           93          589
       14:30       5    193     18        216       11     23     40       74     10    211     14         235        8      21     23           52          577
       14:45       6    152     29        187       34     18     43       95     14    177     20         211       20      22     19           61          554
       Total      21    683    101        805       73     89    167      329     54    753     83         890       66      99     96          261         2285

       15:00       4    155     28        187       20     22     50       92     15    221     25         261       15      22     21           58          598
       15:15       6    143     38        187       20     27     36       83     11    193     19         223       23      27     27           77          570
       15:30       5    146     48        199       21     19     43       83     16    191     26         233       10      18     25           53          568
       15:45      21    179     39        239       34     26     33       93     19    196     28         243       14      31     36           81          656
       Total      36    623    153        812       95     94    162      351     61    801     98         960       62      98    109          269         2392

       16:00      10    157     26        193        8     27     47       82     25    230     31         286        7      31     31           69          630
       16:15      10    139     24        173       10     30     51       91     23    214     32         269        2      24     30           56          589
       16:30      13    172     26        211        7     15     46       68      9    233     23         265       10      25     35           70          614
       16:45      15    161     35        211       17     27     46       90     11    231     26         268       18      25     35           78          647
       Total      48    629    111        788       42     99    190      331     68    908    112        1088       37     105    131          273         2480

       17:00      26    177     28        231       29     34     41      104     11    293     27         331       11      25     35           71          737
       17:15      35    187     44        266       29     37     34      100     19    329     39         387       21      34     44           99          852
       17:30      21    193     36        250       27     37     50      114     12    255     22         289       34      46     40          120          773
       17:45      19    176     33        228       16     26     49       91     12    215     27         254       28      32     33           93          666
       Total     101    733    141        975      101    134    174      409     54   1092    115        1261       94     137    152          383         3028

 Grand Total     478   8018   1433       9929      810    919   1758     3487    620   8081    918        9619      777     945   1031         2753       25788
    Apprch %     4.8   80.8   14.4                23.2   26.4   50.4             6.4     84    9.5                 28.2    34.3   37.5
     Total %     1.9   31.1    5.6       38.5      3.1    3.6    6.8     13.5    2.4   31.3    3.6        37.3        3     3.7      4         10.7
        Cars     463   7766   1361       9590      779    897   1714     3390    604   7829    907        9340      760     932   1010         2702       25022
      % Cars    96.9   96.9     95       96.6     96.2   97.6   97.5     97.2   97.4   96.9   98.8        97.1     97.8    98.6     98         98.1          97
      Trucks      14    187     63        264       23     20     36       79     11    181     10         202       16      13     19           48         593
    % Trucks     2.9    2.3    4.4        2.7      2.8    2.2      2      2.3    1.8    2.2    1.1         2.1      2.1     1.4    1.8          1.7         2.3
     Freight       1     65      9         75        8      2      8       18      5     71      1          77        1       0      2            3         173
   % Freight     0.2    0.8    0.6        0.8        1    0.2    0.5      0.5    0.8    0.9    0.1         0.8      0.1       0    0.2          0.1         0.7
                                                              City of High Point
                                                         Department of Transportation
                                                             Summer Count Program
                                                                High Point, NC
Counted By: Drew Linthicum &                                                                                     File Name    :   HrtlyMain
John Synder                                                                                                      Site Code    :   0066
Weather: Clear                                                                                                   Start Date   :   7/18/2007
                                                                                                                 Page No      :   2

                                                                   MAIN STREET
                                                               Out      In     Total
                                                               9618    9590   19208
                                                                223      264     487
                                                                 81       75     156
                                                               9922    9929   19851


                                                                  463 7766      1361
                                                                   14  187        63
                                                                    1    65          9
                                                                  478 8018      1433
                                                                Right Thru      Left
                                       7
                                      92
                                   4969


                                   5068
                                   Total




                                                                                                       HARTLEY DRIVE
                                                                                                       2998


                                                                                                       2897
                                                                                                       Out
                                           1031
                                                2
                                             19
                                           1010




                                                                                         Right Thru




                                                                                                         14
                                                                                                         87
                                           Left
                     HARTLEY DRIVE




                                                                                           810


                                                                                           779
                                                                       North




                                                                                            23
                                                                                             8
                                                              7/18/2007 06:00
                               3
                              48
                           2702


                           2753




                                                  945
                                                     0
                                                  932
                                                   13


                                           Right Thru
                            In




                                                              7/18/2007 17:45




                                                                                                               3487


                                                                                                               3390
                                                                                                                In
                                                                                                919


                                                                                                897
                                                                                                 20




                                                                                                                  18
                                                                                                                  79
                                                                                                   2
                                                              Cars
                                             777
                                               1
                                              16
                                             760




                                                                                         Left
                                                                                         1758


                                                                                         1714
                                                              Trucks
                        4
                      44
                    2267


                    2315
                    Out




                                                                                                       Total
                                                                                           36
                                                              Freight




                                                                                                       6485


                                                                                                       6287
                                                                                              8




                                                                                                        166
                                                                                                          32
                                                                 Left   Thru Right
                                                                  907 7829     604
                                                                   10    181    11
                                                                      1   71     5
                                                                  918 8081     620


                                                              10240    9340   19580
                                                                239      202     441
                                                                 74       77     151
                                                              10553    9619   20172
                                                               Out      In     Total
                                                                   MAIN STREET
                                                              City of High Point
                                                         Department of Transportation
                                                             Summer Count Program
                                                                High Point, NC
Counted By: Drew Linthicum &                                                                                                     File Name          :   HrtlyMain
John Synder                                                                                                                      Site Code          :   0066
Weather: Clear                                                                                                                   Start Date         :   7/18/2007
                                                                                                                                 Page No            :   3


                        MAIN STREET              HARTLEY DRIVE                             MAIN STREET                        HARTLEY DRIVE
                         Southbound                     Westbound                          Northbound                           Eastbound
   Start Time Right     Thru   Left App. Total Right   Thru    Left   App. Total   Right   Thru   Left   App. Total   Right    Thru   Left    App. Total   Int. Total
Peak Hour Analysis From 06:00 to 09:45 - Peak 1 of 1
Peak Hour for Entire Intersection Begins at 07:45
        07:45      22    285     40       347     12     17      29         58        5     116      8        129       25      24     20           69          603
        08:00      11    209     41       261     16     19      14         49        2     145     13        160       24      17     24           65          535
        08:15      18    199     32       249     17     18      27         62        6     116     10        132       14      13     20           47          490
        08:30      19    193     28       240      9     19      25         53       11     123     14        148       16      16     24           56          497
 Total Volume      70    886    141     1097      54     73      95        222       24     500     45        569       79      70     88          237         2125
 % App. Total     6.4   80.8   12.9             24.3   32.9   42.8                  4.2    87.9    7.9                33.3    29.5   37.1
          PHF    .795   .777   .860     .790    .794   .961   .819        .895     .545    .862   .804       .889     .790    .729   .917         .859         .881

Peak Hour Analysis From 10:00 to 13:45 - Peak 1 of 1
Peak Hour for Entire Intersection Begins at 12:00
        12:00      6    183     41      230      9     23       52          84       28     236     22        286       16      34     19           69          669
        12:15     10    165     43      218     24     25       66         115       19     223     37        279       21      31     30           82          694
        12:30      9    197     39      245     23     29       71         123       28     221     27        276       20      25     23           68          712
        12:45      7    161     37      205     19     28       70         117       18     200     36        254       23      21     30           74          650
 Total Volume     32    706    160      898     75    105      259         439       93     880    122       1095       80     111    102          293         2725
 % App. Total    3.6   78.6   17.8            17.1   23.9       59                  8.5    80.4   11.1                27.3    37.9   34.8
          PHF   .800   .896   .930     .916   .781   .905     .912        .892     .830    .932   .824       .957     .870    .816   .850         .893         .957

Peak Hour Analysis From 14:00 to 17:45 - Peak 1 of 1
Peak Hour for Entire Intersection Begins at 17:00
        17:00     26    177     28      231     29     34       41         104       11     293     27        331       11      25     35           71          737
        17:15     35    187     44      266     29     37       34         100       19     329     39        387       21      34     44           99          852
        17:30     21    193     36      250     27     37       50         114       12     255     22        289       34      46     40          120          773
        17:45     19    176     33      228     16     26       49          91       12     215     27        254       28      32     33           93          666
 Total Volume    101    733    141      975    101    134      174         409       54    1092    115       1261       94     137    152          383         3028
 % App. Total   10.4   75.2   14.5            24.7   32.8     42.5                  4.3    86.6    9.1                24.5    35.8   39.7
          PHF   .721   .949   .801     .916   .871   .905     .870        .897     .711    .830   .737       .815     .691    .745   .864         .798         .888
