                                                                    City of High Point
                                                               Department of Transportation
                                                                   Summer Count Program
                                                                      High Point, NC
Counted By: Drew Linthicum &                                                                                                    File Name        :   LxngtnMain2
John Snyder                                                                                                                     Site Code        :   0046
Weather: Clear                                                                                                                  Start Date       :   6/28/2007
                                                                                                                                Page No          :   1


                                                            Groups Printed- Cars - Trucks - Freight
                        MAIN STREET                        LEXINGTON AVENUE                MAIN STREET                        LEXINGTON AVENUE
                         Southbound                            Westbound                   Northbound                             Eastbound
  Start Time    Right   Thru   Left   App. Total   Right      Thru   Left App. Total Right Thru   Left   App. Total   Right      Thru   Left App. Total    Int. Total
       06:00        3     64      4         71         7         7      9        23      1   32      0         33         4         4       2       10          137
       06:15        5     78      4         87         2         6     12        20      4   50      0         54        16         6       1       23          184
       06:30        4    151      4        159         9        27     18        54      6   53      0         59        26        18     10        54          326
       06:45        8    131     10        149        13        22     20        55      3   63      4         70        20        20       8       48          322
       Total       20    424     22        466        31        62     59       152     14  198      4        216        66        48     21       135          969

       07:00        9    125     9         143        6        15     11       32     2      90     5          97       16        30      15          61        333
       07:15       11    156    15         182       18        32     18       68     9      94     7         110       19        38      14          71        431
       07:30        9    246     8         263       30        50     23      103     8     133    23         164       26        61      13         100        630
       07:45       26    284    16         326       15        38     40       93    10     123    12         145       32        61      23         116        680
       Total       55    811    48         914       69       135     92      296    29     440    47         516       93       190      65         348       2074

       08:00       19    260    19         298       12        46     22       80     8     140     5         153       22        37      22          81        612
       08:15       15    226    11         252       11        38     29       78     6      91    16         113       24        41      23          88        531
       08:30       19    226    16         261       19        43     19       81     5     131    17         153       22        33      13          68        563
       08:45       25    242    15         282       17        47     25       89    11     146    12         169       27        37      19          83        623
       Total       78    954    61        1093       59       174     95      328    30     508    50         588       95       148      77         320       2329

       09:00       16    192    12         220       20        27     15       62     9     147    17         173       35        27      18          80        535
       09:15       12    178    16         206       11        42     20       73     9     167    18         194       21        36      15          72        545
       09:30       19    173    15         207       24        44     19       87    10     171    10         191       21        37      23          81        566
       09:45       25    179    18         222       16        55     17       88    12     161    18         191       20        33      19          72        573
       Total       72    722    61         855       71       168     71      310    40     646    63         749       97       133      75         305       2219

       10:00       25    183    14         222       15        39     23       77    11     174    11         196       30        41      32         103        598
       10:15       18    178    15         211       19        38     16       73    12     174    19         205       23        35      22          80        569
       10:30       11    199    18         228       18        25     18       61    17     196    13         226       30        31      27          88        603
       10:45       15    171    20         206       23        36     25       84    12     188    17         217       12        27      23          62        569
       Total       69    731    67         867       75       138     82      295    52     732    60         844       95       134     104         333       2339

       11:00       20    175    18         213       16        42     17       75    17     185    17         219       29        42      17          88        595
       11:15       16    189    20         225       31        38     14       83    12     210    22         244       20        26      27          73        625
       11:30       23    205    21         249       23        43     14       80    24     250    26         300       20        60      26         106        735
       11:45       19    191    21         231       19        39     18       76    19     296    20         335       25        50      35         110        752
       Total       78    760    80         918       89       162     63      314    72     941    85        1098       94       178     105         377       2707

       12:00       25    179    22         226       29        65     14      108    16     304    22         342       26        39      31          96        772
       12:15       41    226    28         295       38        44     27      109    14     260    18         292       15        35      33          83        779
       12:30       29    238    28         295       24        38     21       83     9     286    17         312       33        53      37         123        813
       12:45       33    255    31         319       12        48     31       91    18     244    24         286       39        46      32         117        813
       Total      128    898   109        1135      103       195     93      391    57    1094    81        1232      113       173     133         419       3177

       13:00       25    242    16         283       21        39     28       88    15     253    23         291       25        44      32         101        763
       13:15       22    256    27         305       22        33     26       81    17     243    19         279       26        49      28         103        768
       13:30       20    241    28         289       18        33     19       70    13     246    21         280       31        39      24          94        733
       13:45       28    274    16         318       14        42     19       75    13     222    23         258       29        40      34         103        754
       Total       95   1013    87        1195       75       147     92      314    58     964    86        1108      111       172     118         401       3018

       14:00       20    207    26         253       19        55     23       97    13     201    15         229       26        45      21          92        671
       14:15       31    201    21         253       12        35     18       65    11     199    26         236       30        43      31         104        658
       14:30       20    210    24         254       16        44     26       86    15     261    17         293       26        61      19         106        739
       14:45       20    182    22         224       16        45     24       85    16     202    16         234       29        45      21          95        638
       Total       91    800    93         984       63       179     91      333    55     863    74         992      111       194      92         397       2706

       15:00       17    194    15         226       15        49     24       88    18     201    15         234       18        47      23          88        636
       15:15       23    182    20         225       24        49     27      100    14     227    16         257       22        41      22          85        667
       15:30       13    162    18         193       20        89     24      133    15     242    13         270       27        85      24         136        732
       15:45       18    178    26         222       27        56     20      103    21     267    24         312       23        75      43         141        778
       Total       71    716    79         866       86       243     95      424    68     937    68        1073       90       248     112         450       2813

       16:00       20    175    19         214       33        66     18      117    19     270    25         314       22        54      25         101        746
       16:15       23    162    21         206       19        57     24      100    23     253    18         294       22        37      24          83        683
       16:30       19    186    28         233       35        32     17       84    20     270    20         310       19        38      31          88        715
       16:45       28    149    19         196       32        61     23      116    16     276    13         305       18        48      38         104        721
       Total       90    672    87         849      119       216     82      417    78    1069    76        1223       81       177     118         376       2865

       17:00       16    189    25         230       26        58     21      105    17     351    30         398       15        65      32         112        845
       17:15       30    177    24         231       27        90     20      137    18     325    20         363       17        59      37         113        844
       17:30       32    165    16         213       26        73     18      117     9     262    21         292       19        54      31         104        726
       17:45       25    185    22         232       33        61     19      113     8     229    14         251       20        46      28          94        690
       Total      103    716    87         906      112       282     78      472    52    1167    85        1304       71       224     128         423       3105

  Grand Total     950   9217    881      11048      952      2101    993     4046    605   9559    779      10943     1117      2019    1148      4284        30321
     Apprch %     8.6   83.4      8                23.5      51.9   24.5             5.5   87.4    7.1                26.1      47.1    26.8
      Total %     3.1   30.4    2.9       36.4      3.1       6.9    3.3     13.3      2   31.5    2.6       36.1      3.7       6.7     3.8      14.1
         Cars     925   8883    858      10666      924      2041    952     3917    581   9209    745      10535     1089      1973    1122      4184        29302
       % Cars    97.4   96.4   97.4       96.5     97.1      97.1   95.9     96.8     96   96.3   95.6       96.3     97.5      97.7    97.7      97.7         96.6
       Trucks      25    334     23        382       28        60     41      129     24    350     34        408       28        46      26       100         1019
     % Trucks     2.6    3.6    2.6        3.5      2.9       2.9    4.1      3.2      4    3.7    4.4        3.7      2.5       2.3     2.3       2.3          3.4
      Freight       0      0      0          0        0         0      0        0      0      0      0          0        0         0       0         0            0
    % Freight       0      0      0          0        0         0      0        0      0      0      0          0        0         0       0         0            0
                                                              City of High Point
                                                         Department of Transportation
                                                             Summer Count Program
                                                                High Point, NC
Counted By: Drew Linthicum &                                                                                     File Name    :   LxngtnMain2
John Snyder                                                                                                      Site Code    :   0046
Weather: Clear                                                                                                   Start Date   :   6/28/2007
                                                                                                                 Page No      :   2

                                                                    MAIN STREET
                                                               Out       In     Total
                                                              11255    10666   21921
                                                                404       382     786
                                                                   0        0       0
                                                              11659    11048   22707


                                                                  925 8883       858
                                                                   25  334        23
                                                                    0     0          0
                                                                  950 9217       881
                                                                Right Thru      Left
                                       0
                                    219
                                   7895


                                   8114
                                   Total




                                                                                                       3505


                                                                                                       3412
                                                                                                       Out
                                                                                                       LEXINGTON AVENUE
                    LEXINGTON AVENUE




                                           1148
                                                0
                                             26
                                           1122




                                                                                         Right Thru




                                                                                                         93
                                           Left




                                                                                           952 2101


                                                                                           924 2041



                                                                                                           0
                                                                       North




                                                                                            28
                                                                                             0
                                                              6/28/2007 06:00
                                0
                             100
                            4184


                            4284




                                           1117 2019
                                                     0
                                           1089 1973
                                                   46


                                           Right Thru
                             In




                                                              6/28/2007 17:45




                                                                                                              4046


                                                                                                              3917
                                                                                                               In
                                                                                                               129
                                                                                                 60
                                                                                                   0




                                                                                                                  0
                                                              Cars
                                               0
                                              28




                                                                                         Left
                                                              Trucks
                         0
                      119
                     3711


                     3830




                                                                                          993


                                                                                          952
                     Out




                                                                                                                     Total
                                                                                           41
                                                              Freight




                                                                                                                     7551


                                                                                                                     7329
                                                                                              0




                                                                                                                      222
                                                                                                                         0
                                                                 Left   Thru Right
                                                                  745 9209     581
                                                                   34    350    24
                                                                      0     0    0
                                                                  779 9559     605


                                                              10924    10535   21459
                                                                403       408     811
                                                                   0        0       0
                                                              11327    10943   22270
                                                               Out       In     Total
                                                                    MAIN STREET
                                                               City of High Point
                                                          Department of Transportation
                                                              Summer Count Program
                                                                 High Point, NC
Counted By: Drew Linthicum &                                                                                                File Name       :    LxngtnMain2
John Snyder                                                                                                                 Site Code       :    0046
Weather: Clear                                                                                                              Start Date      :    6/28/2007
                                                                                                                            Page No         :    3


                        MAIN STREET                  LEXINGTON AVENUE                    MAIN STREET                      LEXINGTON AVENUE
                         Southbound                      Westbound                       Northbound                           Eastbound
   Start Time Right     Thru   Left App. Total Right    Thru   Left App. Total   Right   Thru   Left   App. Total   Right    Thru   Left App.   Total   Int. Total
Peak Hour Analysis From 06:00 to 09:45 - Peak 1 of 1
Peak Hour for Entire Intersection Begins at 07:30
         07:30      9    246      8       263     30      50     23       103       8     133     23        164        26     61     13         100          630
         07:45     26    284     16       326     15      38     40        93      10     123     12        145        32     61     23         116          680
         08:00     19    260     19       298     12      46     22        80       8     140      5        153        22     37     22          81          612
         08:15     15    226     11       252     11      38     29        78       6      91     16        113        24     41     23          88          531
  Total Volume     69   1016     54      1139     68     172    114       354      32     487     56        575       104    200     81         385         2453
  % App. Total    6.1   89.2    4.7             19.2    48.6   32.2               5.6    84.7    9.7                   27   51.9     21
           PHF   .663   .894   .711      .873   .567    .860   .713      .859    .800    .870   .609       .877      .813   .820   .880         .830        .902

Peak Hour Analysis From 10:00 to 13:45 - Peak 1 of 1
Peak Hour for Entire Intersection Begins at 12:00
         12:00     25    179     22      226      29      65      14      108      16     304     22        342        26     39     31          96          772
         12:15     41    226     28      295      38      44      27      109      14     260     18        292        15     35     33          83          779
         12:30     29    238     28      295      24      38      21       83       9     286     17        312        33     53     37         123          813
         12:45     33    255     31      319      12      48      31       91      18     244     24        286        39     46     32         117          813
  Total Volume    128    898    109     1135     103     195      93      391      57    1094     81       1232       113    173    133         419         3177
  % App. Total   11.3   79.1    9.6             26.3    49.9    23.8              4.6    88.8    6.6                   27   41.3   31.7
           PHF   .780   .880   .879     .889    .678    .750    .750     .897    .792    .900   .844       .901      .724   .816   .899         .852        .977

Peak Hour Analysis From 14:00 to 17:45 - Peak 1 of 1
Peak Hour for Entire Intersection Begins at 16:45
         16:45     28    149     19      196      32      61      23      116      16     276     13        305        18     48     38         104          721
         17:00     16    189     25      230      26      58      21      105      17     351     30        398        15     65     32         112          845
         17:15     30    177     24      231      27      90      20      137      18     325     20        363        17     59     37         113          844
         17:30     32    165     16      213      26      73      18      117       9     262     21        292        19     54     31         104          726
  Total Volume    106    680     84      870     111     282      82      475      60    1214     84       1358        69    226    138         433         3136
  % App. Total   12.2   78.2    9.7             23.4    59.4    17.3              4.4    89.4    6.2                 15.9   52.2   31.9
           PHF   .828   .899   .840     .942    .867    .783    .891     .867    .833    .865   .700       .853      .908   .869   .908         .958        .928
