                                                                 City of High Point
                                                            Department of Transportation
                                                                Summer Count Program
                                                                   High Point, NC
Counted By: Brandon Massey &                                                                                                 File Name         :   LndsySunset
Adam Huntley                                                                                                                 Site Code         :   0052
Weather: Clear                                                                                                               Start Date        :   7/11/2007
                                                                                                                             Page No           :   1


                                                         Groups Printed- Cars - Trucks - Freight
                       LINDSAY STREET                     SUNSET DRIVE                  LINDSAY STREET                       SUNSET DRIVE
                         Southbound                         Westbound                     Northbound                           Eastbound
  Start Time   Right    Thru   Left App. Total   Right     Thru   Left App. Total Right   Thru   Left App.   Total   Right    Thru   Left    App. Total   Int. Total
       06:00       0      21      0        21        0        0      0          0     1      4      0           5        0       0       1           1          27
       06:15       0      27      0        27        0        0      2          2     3     13      1          17        1       0       4           5          51
       06:30       0      76      0        76        0        1      4          5     2     22      1          25        0       2       1           3         109
       06:45       1      90      0        91        0        0      1          1     0     20      0          20        0       0       2           2         114
       Total       1     214      0       215        0        1      7          8     6     59      2          67        1       2       8          11         301

       07:00       0      46       0       46       0        1      5        6       1     19       1          21       1       0       0            1          74
       07:15       3      67       1       71       0        0      2        2       1     35       0          36       2       0       2            4         113
       07:30       2     110       0      112       2        2     10       14       1     31       0          32       1       1       1            3         161
       07:45       0     149       0      149       0        3      9       12       3     46       1          50       2       4       0            6         217
       Total       5     372       1      378       2        6     26       34       6    131       2         139       6       5       3           14         565

       08:00       3     106       1      110       1        2     10       13       5     38       2          45       4       5       3           12         180
       08:15       3     129       1      133       1        4      7       12       2     41       2          45       2       5       1            8         198
       08:30       2      85       1       88       1        1     10       12       7     65       4          76       2       6       3           11         187
       08:45       2      84       1       87       2        3     11       16       6     64       2          72       0       6       4           10         185
       Total      10     404       4      418       5       10     38       53      20    208      10         238       8      22      11           41         750

       09:00       2      67       2       71       0        2      9       11       9     66       1          76       5       3       1            9         167
       09:15       1      64       0       65       0        3      9       12       5     59       1          65       4       6       3           13         155
       09:30       2      51       0       53       3        4      5       12       5     55       1          61       2       3       3            8         134
       09:45       4      54       1       59       0        2      3        5       6     54       3          63       3       2       3            8         135
       Total       9     236       3      248       3       11     26       40      25    234       6         265      14      14      10           38         591

       10:00       1      68       1       70       1        1     12       14       4     45       0          49       1       5       4           10         143
       10:15       3      77       0       80       0        3     16       19       7     74       1          82       3       5       2           10         191
       10:30       4      50       5       59       1        5      9       15       5     78       2          85       1       3       5            9         168
       10:45       1      64       6       71       1        6     12       19       9     80       2          91       0       3       7           10         191
       Total       9     259      12      280       3       15     49       67      25    277       5         307       5      16      18           39         693

       11:00       0      61       0       61       0        2      5        7       4     53       1          58       0       4       2            6         132
       11:15       1      44       3       48       3        0      8       11      10     74       4          88       0       3       1            4         151
       11:30       2      64       0       66       0        6      9       15       4     83       1          88       1       4       2            7         176
       11:45       4      63       4       71       0        4     14       18      12    108       1         121       3       6       3           12         222
       Total       7     232       7      246       3       12     36       51      30    318       7         355       4      17       8           29         681

       12:00       3      58       4       65       1        5      5       11      16    120       1         137       2       2       1            5         218
       12:15       0      64       2       66       0        5      7       12       6    102       4         112       2       4       3            9         199
       12:30       1      79       1       81       1        2     10       13      14     77       2          93       3       4       3           10         197
       12:45       2      91       1       94       4        5     14       23      10     49       2          61       3       2       5           10         188
       Total       6     292       8      306       6       17     36       59      46    348       9         403      10      12      12           34         802

       13:00       1      98       1      100       0        8      7       15       9     67       3          79       3       2       0            5         199
       13:15       1      95       0       96       4        1     10       15       7     57       3          67       5       2       4           11         189
       13:30       5      93       4      102       1        0      7        8       4     78       1          83       3       2       6           11         204
       13:45       3      82       0       85       0        4     12       16       7     54       2          63       1       5       3            9         173
       Total      10     368       5      383       5       13     36       54      27    256       9         292      12      11      13           36         765

       14:00       2      78       3       83       0        4      7       11       9     76       4          89       1      11       2           14         197
       14:15       4      71       0       75       1        7     14       22      10     55       2          67       2       3       0            5         169
       14:30       3      71       1       75       1        8     13       22       6     67       3          76       1       3       2            6         179
       14:45       8      90       1       99       1        3      7       11      11     62       1          74       1       3       1            5         189
       Total      17     310       5      332       3       22     41       66      36    260      10         306       5      20       5           30         734

       15:00       3      64       1       68       0        2     12       14       9     79       2          90       1       4       4            9         181
       15:15       4      60       1       65       2        1      6        9      12     78       4          94       5       3       1            9         177
       15:30       1      51       0       52       0        3     15       18      13     97       6         116       2       4       2            8         194
       15:45       3      69       0       72       1        2      6        9       4     90       4          98       2       4       3            9         188
       Total      11     244       2      257       3        8     39       50      38    344      16         398      10      15      10           35         740

       16:00       2      60       0       62       0        4      4        8      10     92       1         103       1       2       2            5         178
       16:15       3      55       1       59       1        3      7       11      11     81       4          96       3       3       1            7         173
       16:30       1      56       0       57       0        4      7       11      10    103       2         115       3       5       2           10         193
       16:45       0      48       3       51       0        6      5       11      10     92       1         103       1       5       5           11         176
       Total       6     219       4      229       1       17     23       41      41    368       8         417       8      15      10           33         720

       17:00       4      70       1       75       0        4      1        5      11    157       0         168       2       4       0            6         254
       17:15       1      50       1       52       1        3      6       10       9    102       4         115       1       6       3           10         187
       17:30       0      51       1       52       0        4      9       13       3     73       3          79       0       5       1            6         150
       17:45       2      44       0       46       0        2      5        7       6     68       1          75       0       7       0            7         135
       Total       7     215       3      225       1       13     21       35      29    400       8         437       3      22       4           29         726

 Grand Total      98    3365      54     3517      35      145    378      558     329   3203     92         3624      86     171    112           369        8068
    Apprch %     2.8    95.7     1.5              6.3       26   67.7              9.1   88.4    2.5                 23.3    46.3   30.4
     Total %     1.2    41.7     0.7     43.6     0.4      1.8    4.7      6.9     4.1   39.7    1.1         44.9     1.1     2.1    1.4          4.6
        Cars      97    3319      52     3468      35      142    373      550     325   3168     92         3585      85     171    110          366         7969
      % Cars      99    98.6    96.3     98.6     100     97.9   98.7     98.6    98.8   98.9    100         98.9    98.8     100   98.2         99.2         98.8
      Trucks       1      46       2       49       0        3      5        8       4     33      0           37       1       0      2            3           97
    % Trucks       1     1.4     3.7      1.4       0      2.1    1.3      1.4     1.2      1      0            1     1.2       0    1.8          0.8          1.2
     Freight       0       0       0        0       0        0      0        0       0      2      0            2       0       0      0            0            2
   % Freight       0       0       0        0       0        0      0        0       0    0.1      0          0.1       0       0      0            0            0
                                                              City of High Point
                                                         Department of Transportation
                                                             Summer Count Program
                                                                High Point, NC
Counted By: Brandon Massey &                                                                                       File Name    :   LndsySunset
Adam Huntley                                                                                                       Site Code    :   0052
Weather: Clear                                                                                                     Start Date   :   7/11/2007
                                                                                                                   Page No      :   2

                                                                 LINDSAY STREET
                                                               Out      In    Total
                                                               3313    3468    6781
                                                                 35       49     84
                                                                   2       0      2
                                                               3350    3517    6867


                                                                   97 3319        52
                                                                    1    46          2
                                                                    0     0          0
                                                                   98 3365        54
                                                                Right Thru      Left
                                       7
                                       0
                                    697


                                    704
                                   Total




                                                                                                       Out
                                                                                                        554


                                                                                                        548
                                            112
                                                2
                                                0
                                            110




                                                                                         Right Thru
                                           Left




                                                                                                           SUNSET DRIVE
                                                                                                           0
                                                                                                           6
                      SUNSET DRIVE




                                                                       North




                                                                                            35


                                                                                            35
                                                                                             0
                                                                                             0
                                                              7/11/2007 06:00
                               3
                               0
                            366


                            369




                                                  171
                                                     0
                                                     0
                                                  171



                                           Right Thru
                            In




                                                              7/11/2007 17:45




                                                                                                                In
                                                                                                145


                                                                                                142


                                                                                                                558


                                                                                                                550
                                                                                                   0
                                                                                                   3




                                                                                                                   0
                                                                                                                   8
                                                              Cars
                                              86
                                               1
                                               0
                                              85




                                                                                         Left
                                                              Trucks
                        4
                        0
                     331


                     335




                                                                                          378


                                                                                          373
                    Out




                                                                                                                       Total
                                                              Freight




                                                                                                                        1112


                                                                                                                        1098
                                                                                              0
                                                                                              5




                                                                                                                          14
                                                                                                                           0
                                                                 Left   Thru Right
                                                                   92 3168     325
                                                                      0   33     4
                                                                      0     2    0
                                                                   92 3203     329


                                                               3777    3585    7362
                                                                 52       37     89
                                                                   0       2      2
                                                               3829    3624    7453
                                                               Out      In    Total
                                                                 LINDSAY STREET
                                                              City of High Point
                                                         Department of Transportation
                                                             Summer Count Program
                                                                High Point, NC
Counted By: Brandon Massey &                                                                                                  File Name        :   LndsySunset
Adam Huntley                                                                                                                  Site Code        :   0052
Weather: Clear                                                                                                                Start Date       :   7/11/2007
                                                                                                                              Page No          :   3


                       LINDSAY STREET                  SUNSET DRIVE                      LINDSAY STREET                       SUNSET DRIVE
                         Southbound                      Westbound                         Northbound                           Eastbound
   Start Time Right     Thru   Left App. Total Right    Thru   Left   App. Total   Right   Thru   Left App.   Total   Right    Thru   Left   App. Total   Int. Total
Peak Hour Analysis From 06:00 to 09:45 - Peak 1 of 1
Peak Hour for Entire Intersection Begins at 07:45
        07:45       0    149      0       149      0      3      9           12       3     46       1          50       2       4      0            6         217
        08:00       3    106      1       110      1      2     10           13       5     38       2          45       4       5      3           12         180
        08:15       3    129      1       133      1      4      7           12       2     41       2          45       2       5      1            8         198
        08:30       2     85      1        88      1      1     10           12       7     65       4          76       2       6      3           11         187
 Total Volume       8    469      3       480      3     10     36           49      17    190       9         216      10      20      7           37         782
 % App. Total     1.7   97.7    0.6              6.1   20.4   73.5                  7.9     88     4.2                  27    54.1   18.9
          PHF    .667   .787   .750     .805    .750   .625   .900        .942     .607   .731    .563        .711    .625    .833   .583        .771         .901

Peak Hour Analysis From 10:00 to 13:45 - Peak 1 of 1
Peak Hour for Entire Intersection Begins at 11:45
        11:45      4     63      4       71      0      4       14           18      12    108       1         121       3       6      3           12         222
        12:00      3     58      4       65      1      5        5           11      16    120       1         137       2       2      1            5         218
        12:15      0     64      2       66      0      5        7           12       6    102       4         112       2       4      3            9         199
        12:30      1     79      1       81      1      2       10           13      14     77       2          93       3       4      3           10         197
 Total Volume      8    264     11      283      2     16       36           54      48    407       8         463      10      16     10           36         836
 % App. Total    2.8   93.3    3.9             3.7   29.6     66.7                 10.4   87.9     1.7                27.8    44.4   27.8
          PHF   .500   .835   .688     .873   .500   .800     .643        .750     .750   .848    .500        .845    .833    .667   .833        .750         .941

Peak Hour Analysis From 14:00 to 17:45 - Peak 1 of 1
Peak Hour for Entire Intersection Begins at 16:30
        16:30      1     56      0       57      0      4        7           11      10    103       2         115       3       5      2           10         193
        16:45      0     48      3       51      0      6        5           11      10     92       1         103       1       5      5           11         176
        17:00      4     70      1       75      0      4        1            5      11    157       0         168       2       4      0            6         254
        17:15      1     50      1       52      1      3        6           10       9    102       4         115       1       6      3           10         187
 Total Volume      6    224      5      235      1     17       19           37      40    454       7         501       7      20     10           37         810
 % App. Total    2.6   95.3    2.1             2.7   45.9     51.4                    8   90.6     1.4                18.9    54.1     27
          PHF   .375   .800   .417     .783   .250   .708     .679        .841     .909   .723    .438        .746    .583    .833   .500        .841         .797
