                                                                City of High Point
                                                           Department of Transportation
                                                               Summer Count Program
                                                                  High Point, NC
Counted By: John Snyder &                                                                                                  File Name       :   NMainOldPlank
Drew Linthicum                                                                                                             Site Code       :   0032
Weather: Clear                                                                                                             Start Date      :   6/21/2007
                                                                                                                           Page No         :   1


                                                         Groups Printed- Cars - Trucks - Freight
                       MAIN STREET                  OLD PLANK ROAD                 MAIN STREET                        OLD PLANK ROAD
                        Southbound                         Westbound                     Northbound                          Eastbound
  Start Time   Right   Thru   Left   App. Total   Right   Thru   Left App. Total Right   Thru   Left   App. Total   Right   Thru   Left    App. Total   Int. Total
       06:00       4     16      6         26         3      4      0          7     6      6      3         15         2     12       5         19           67
       06:15       0     22      4         26         0      5      2          7    11     12      2         25         0     21       2         23           81
       06:30       2     32      3         37         2      3      2          7     8     15      6         29         4     38       6         48          121
       06:45       3     39      5         47         4      9      1        14      7     27      4         38         2     29       2         33          132
       Total       9    109     18        136         9     21      5        35     32     60     15        107         8    100     15         123          401

       07:00       6     36     16         58        8       6      2       16      6     27      3          36        2      42      8          52          162
       07:15       1     47     19         67        8      17      2       27     17     32      2          51        1      54     10          65          210
       07:30       7     75     17         99        9      11      6       26     25     39      7          71        5      74     21         100          296
       07:45       7     65     13         85       10      15      9       34     24     47      5          76       10      56     15          81          276
       Total      21    223     65        309       35      49     19      103     72    145     17         234       18     226     54         298          944

       08:00      11     69     14         94        7      18      3       28     10     43      6          59        9      54     14          77          258
       08:15       3     67     13         83        4      15      2       21     13     30      7          50       10      47     17          74          228
       08:30       7     54      6         67        7      13      5       25     12     32      4          48        6      42      7          55          195
       08:45       6     50     10         66        5      10      3       18     15     43      6          64        9      39      6          54          202
       Total      27    240     43        310       23      56     13       92     50    148     23         221       34     182     44         260          883

       09:00       5     56      3         64       11       4      4       19      7     49      8          64        5      29      9          43          190
       09:15       2     49     12         63        3       9      2       14      8     37      5          50        6      20      7          33          160
       09:30       1     41      3         45        3       8      5       16     11     50      3          64        5      17      4          26          151
       09:45       5     48      7         60        6       6      4       16      6     37      8          51        6      15      2          23          150
       Total      13    194     25        232       23      27     15       65     32    173     24         229       22      81     22         125          651

       10:00       5     41      6         52       12       4      5       21     10     44      5          59        5      18      4          27          159
       10:15       4     46     11         61        3       3      3        9      2     32      5          39       10      11      5          26          135
       10:30       6     43      5         54        7       9      9       25      7     44     10          61        3      14     11          28          168
       10:45       7     34      3         44        6       8      5       19      7     47      1          55        1      13      7          21          139
       Total      22    164     25        211       28      24     22       74     26    167     21         214       19      56     27         102          601

       11:00       5     41      3         49        8      10      4       22      3     33      8          44        1      15      6          22          137
       11:15       5     53      3         61        6      12      8       26      3     37      2          42        6      13      5          24          153
       11:30       5     54      6         65        2      16      3       21      3     50      7          60        9      15      6          30          176
       11:45      10     57      8         75       10      15      3       28      4     42      8          54        9      25      5          39          196
       Total      25    205     20        250       26      53     18       97     13    162     25         200       25      68     22         115          662

       12:00       2     48      6         56        5      14      0       19      4     50      5          59        5      14      5          24          158
       12:15       6     44      8         58        6      17      4       27      3     60      3          66        7      22      3          32          183
       12:30       7     47      5         59        5      13      7       25      7     52      7          66        3      18      6          27          177
       12:45       7     54      6         67        8      21      6       35      6     66      7          79        9      21      7          37          218
       Total      22    193     25        240       24      65     17      106     20    228     22         270       24      75     21         120          736

       13:00       4     47      5         56       13      18      4       35      8     36      8          52        9      15      3          27          170
       13:15      12     36      7         55        4      16      6       26      6     52      4          62        3      14      4          21          164
       13:30       8     47      6         61        6      14      2       22      6     47      6          59        2      24      4          30          172
       13:45      11     55     13         79       11      16      5       32      3     55      5          63        5      20     10          35          209
       Total      35    185     31        251       34      64     17      115     23    190     23         236       19      73     21         113          715

       14:00      10     64     11         85       11      18      6       35      7     52      6          65        6      21      6          33          218
       14:15       2     46      8         56        9      26      7       42      6     63      4          73        4      14      6          24          195
       14:30       6     48     11         65        9      13      5       27      2     35     10          47        7      14      1          22          161
       14:45       9     43      9         61        8      27      4       39      6     50      4          60        6      14      8          28          188
       Total      27    201     39        267       37      84     22      143     21    200     24         245       23      63     21         107          762

       15:00       8     57     11         76        7      26      8       41      4     47      4          55        6       8      4           18         190
       15:15      10     59      8         77        6      18      6       30     10     60      2          72        2       8      7           17         196
       15:30      11     47      8         66       15      24     13       52      4     51      6          61        2      14      5           21         200
       15:45       4     67     11         82        9      29     10       48      7     52     10          69        6      18      4           28         227
       Total      33    230     38        301       37      97     37      171     25    210     22         257       16      48     20           84         813

       16:00       6     69     10         85       10     21       2       33      6     46      5          57        7      21      6          34          209
       16:15       8     66      5         79        9     26      10       45      8     59     13          80        7      25      9          41          245
       16:30      10     53     11         74        9     33       9       51      7     56      6          69        4      13     10          27          221
       16:45      12     71     11         94       13     31      17       61      7     67      9          83       12      16      5          33          271
       Total      36    259     37        332       41    111      38      190     28    228     33         289       30      75     30         135          946

       17:00      15     61     12         88       18     45      14       77     10     78      5          93        5      31      8          44          302
       17:15      19     87     10        116       24     54      26      104     14     73      4          91        7      15     14          36          347
       17:30      28     84     10        122       17     56      20       93      9     74      5          88        5      20     11          36          339
       17:45      12     78     12        102       16     47      12       75     11     81      9         101        7      23      6          36          314
       Total      74    310     44        428       75    202      72      349     44    306     23         373       24      89     39         152         1302

 Grand Total     344   2513    410       3267      392    853     295     1540    386   2217    272        2875      262    1136    336        1734         9416
    Apprch %    10.5   76.9   12.5                25.5   55.4    19.2            13.4   77.1    9.5                 15.1    65.5   19.4
     Total %     3.7   26.7    4.4       34.7      4.2    9.1     3.1     16.4    4.1   23.5    2.9        30.5      2.8    12.1    3.6        18.4
        Cars     339   2444    393       3176      372    837     285     1494    372   2156    261        2789      250    1121    328        1699         9158
      % Cars    98.5   97.3   95.9       97.2     94.9   98.1    96.6       97   96.4   97.2     96          97     95.4    98.7   97.6          98         97.3
      Trucks       5     64     16         85       17     15       9       41     11     54     11          76       10      13      8          31          233
    % Trucks     1.5    2.5    3.9        2.6      4.3    1.8     3.1      2.7    2.8    2.4      4         2.6      3.8     1.1    2.4         1.8          2.5
     Freight       0      5      1          6        3      1       1        5      3      7      0          10        2       2      0           4           25
   % Freight       0    0.2    0.2        0.2      0.8    0.1     0.3      0.3    0.8    0.3      0         0.3      0.8     0.2      0         0.2          0.3
                                                        City of High Point
                                                   Department of Transportation
                                                       Summer Count Program
                                                          High Point, NC
Counted By: John Snyder &                                                                               File Name        :   NMainOldPlank
Drew Linthicum                                                                                          Site Code        :   0032
Weather: Clear                                                                                          Start Date       :   6/21/2007
                                                                                                        Page No          :   2

                                                             MAIN STREET
                                                         Out      In     Total
                                                         2856    3176     6032
                                                           79       85     164
                                                           10        6      16
                                                         2945    3267     6212


                                                            339 2444       393
                                                              5    64       16
                                                              0     5          1
                                                            344 2513       410
                                                          Right Thru      Left
                          5
                         62
                      3136


                      3203
                      Total




                                                                                                  OLD PLANK ROAD
                                                                                                   1932


                                                                                                   1886
                                                                                                   Out
                                      336
                                          8
                                          0
                                      328




                                                                                    Right Thru




                                                                                                     40
                                     Left




                                                                                      392


                                                                                      372



                                                                                                       6
                                                                 North




                                                                                       17
                    OLD PLANK ROAD




                                                                                        3
                                                        6/21/2007 06:00
                                 4
                                31
                             1699


                             1734




                                       262 1136
                                               2
                                       250 1121
                                             13


                                     Right Thru
                              In




                                                        6/21/2007 17:45




                                                                                                          1540


                                                                                                          1494
                                                                                                           In
                                                                                           853


                                                                                           837
                                                                                            15




                                                                                                             41
                                                                                              1




                                                                                                              5
                                                        Cars
                                         2
                                        10




                                                                                    Left
                                                        Trucks
                          1
                        31
                      1437


                      1469




                                                                                     295


                                                                                     285
                      Out




                                                                                                                 Total
                                                        Freight




                                                                                                                 3472


                                                                                                                 3380
                                                                                         1
                                                                                         9




                                                                                                                    11
                                                                                                                    81
                                                           Left   Thru Right
                                                            261 2156     372
                                                             11     54    11
                                                                0     7    3
                                                            272 2217     386


                                                         2979   2789         5768
                                                           83      76         159
                                                             8     10          18
                                                         3070   2875         5945
                                                         Out     In         Total
                                                         MAIN STREET
                                                             City of High Point
                                                        Department of Transportation
                                                            Summer Count Program
                                                               High Point, NC
Counted By: John Snyder &                                                                                                   File Name      :   NMainOldPlank
Drew Linthicum                                                                                                              Site Code      :   0032
Weather: Clear                                                                                                              Start Date     :   6/21/2007
                                                                                                                            Page No        :   3


                        MAIN STREET              OLD PLANK ROAD                     MAIN STREET                        OLD PLANK ROAD
                         Southbound                     Westbound                         Northbound                          Eastbound
   Start Time Right     Thru   Left App. Total Right   Thru   Left   App. Total   Right   Thru   Left   App. Total   Right   Thru   Left   App. Total   Int. Total
Peak Hour Analysis From 06:00 to 09:45 - Peak 1 of 1
Peak Hour for Entire Intersection Begins at 07:30
        07:30       7     75     17        99      9     11      6         26       25     39      7          71        5      74     21        100          296
        07:45       7     65     13        85     10     15      9         34       24     47      5          76       10      56     15         81          276
        08:00      11     69     14        94      7     18      3         28       10     43      6          59        9      54     14         77          258
        08:15       3     67     13        83      4     15      2         21       13     30      7          50       10      47     17         74          228
 Total Volume      28    276     57       361     30     59     20        109       72    159     25         256       34     231     67        332         1058
 % App. Total     7.8   76.5   15.8             27.5   54.1   18.3                28.1   62.1    9.8                 10.2    69.6   20.2
          PHF    .636   .920   .838     .912    .750   .819   .556       .801     .720   .846   .893        .842     .850    .780   .798       .830         .894

Peak Hour Analysis From 10:00 to 13:45 - Peak 1 of 1
Peak Hour for Entire Intersection Begins at 12:15
        12:15      6     44      8       58      6     17       4          27        3     60      3          66        7      22      3         32          183
        12:30      7     47      5       59      5     13       7          25        7     52      7          66        3      18      6         27          177
        12:45      7     54      6       67      8     21       6          35        6     66      7          79        9      21      7         37          218
        13:00      4     47      5       56     13     18       4          35        8     36      8          52        9      15      3         27          170
 Total Volume     24    192     24      240     32     69      21         122       24    214     25         263       28      76     19        123          748
 % App. Total     10     80     10            26.2   56.6    17.2                  9.1   81.4    9.5                 22.8    61.8   15.4
          PHF   .857   .889   .750     .896   .615   .821    .750        .871     .750   .811   .781        .832     .778    .864   .679       .831         .858

Peak Hour Analysis From 14:00 to 17:45 - Peak 1 of 1
Peak Hour for Entire Intersection Begins at 17:00
        17:00     15     61     12       88     18     45      14          77       10     78      5          93        5      31      8         44          302
        17:15     19     87     10      116     24     54      26         104       14     73      4          91        7      15     14         36          347
        17:30     28     84     10      122     17     56      20          93        9     74      5          88        5      20     11         36          339
        17:45     12     78     12      102     16     47      12          75       11     81      9         101        7      23      6         36          314
 Total Volume     74    310     44      428     75    202      72         349       44    306     23         373       24      89     39        152         1302
 % App. Total   17.3   72.4   10.3            21.5   57.9    20.6                 11.8     82    6.2                 15.8    58.6   25.7
          PHF   .661   .891   .917     .877   .781   .902    .692        .839     .786   .944   .639        .923     .857    .718   .696       .864         .938
