                                                                  City of High Point
                                                             Department of Transportation
                                                                 Summer Count Program
                                                                    High Point, NC
Counted By: Alexandria Gordon &                                                                                             File Name       :   MainWstover
Brian Smith                                                                                                                 Site Code       :   0035
Weather: Clear                                                                                                              Start Date      :   6/26/2007
                                                                                                                            Page No         :   1


                                                          Groups Printed- Cars - Trucks - Freight
                       MAIN STREET                        PRIVATE DRIVE                  MAIN STREET                      WESTOVER DRIVE
                        Southbound                          Westbound                    Northbound                          Eastbound
  Start Time   Right   Thru   Left   App. Total   Right    Thru   Left App. Total Right  Thru   Left   App. Total   Right   Thru   Left App. Total    Int. Total
       06:00       1     63      1         65         0       0      0          0     0    41     10         51        24      0       4       28          144
       06:15       5    108      0        113         0       0      1          1     1    54      8         63        22      0       9       31          208
       06:30       3    165      0        168         3       0      0          3     0    69     10         79        31      0       1       32          282
       06:45       0    155      0        155         1       0      1          2     0    89      7         96        30      1       3       34          287
       Total       9    491      1        501         4       0      2          6     1   253     35        289       107      1     17       125          921

       07:00       6    121      0        127        1        0      0       1      0     82     17          99       45       0       6         51        278
       07:15       4    177      0        181        0        0      1       1      0     90     19         109       51       0      17         68        359
       07:30       5    240      0        245        0        0      1       1      1    161     23         185       70       0      17         87        518
       07:45       5    254      0        259        0        0      5       5      0    143     24         167       61       0      15         76        507
       Total      20    792      0        812        1        0      7       8      1    476     83         560      227       0      55        282       1662

       08:00       9    211      0        220        0        0      4       4      0    114     19         133       69       0      10         79        436
       08:15       8    201      0        209        0        0      2       2      1    136     18         155       47       0      14         61        427
       08:30       3    204      2        209        0        0      0       0      0    163     11         174       36       0       9         45        428
       08:45       7    186      0        193        0        0      4       4      0    123     24         147       47       0      10         57        401
       Total      27    802      2        831        0        0     10      10      1    536     72         609      199       0      43        242       1692

       09:00      11    182      2        195        1        0      4       5      1    135     32         168       45       0       9         54        422
       09:15       1    141      1        143        0        0      0       0      0    122     22         144       45       0       9         54        341
       09:30       5    157      1        163        2        1      2       5      3    138     33         174       50       0       9         59        401
       09:45       5    162      0        167        0        0      3       3      1    148     28         177       42       1       3         46        393
       Total      22    642      4        668        3        1      9      13      5    543    115         663      182       1      30        213       1557

       10:00       3    142      2        147        1        1      2       4      0    149     34         183       29       0       8         37        371
       10:15       5    158      1        164        0        1      6       7      0    127     21         148       30       2       3         35        354
       10:30       1    138      0        139        0        0      0       0      1    135     29         165       33       0      10         43        347
       10:45       7    110      0        117        2        0      1       3      2    161     23         186       32       1       7         40        346
       Total      16    548      3        567        3        2      9      14      3    572    107         682      124       3      28        155       1418

       11:00       6    147      0        153        0        0      1       1      2    176     50         228       44       0       7         51        433
       11:15       5    175      0        180        0        1      3       4      0    145     35         180       44       1      11         56        420
       11:30       8    177      1        186        1        0      2       3      2    169     41         212       43       0       6         49        450
       11:45      10    162      0        172        0        0      4       4      3    166     59         228       61       1       3         65        469
       Total      29    661      1        691        1        1     10      12      7    656    185         848      192       2      27        221       1772

       12:00       6    171      1        178        0        2      8      10      2    211     57         270       32       0      12         44        502
       12:15       4    167      1        172        0        2      3       5      0    182     60         242       53       1       4         58        477
       12:30      10    169      0        179        0        3      7      10      2    191     44         237       39       1      13         53        479
       12:45       5    170      1        176        1        2      3       6      1    169     54         224       37       1       8         46        452
       Total      25    677      3        705        1        9     21      31      5    753    215         973      161       3      37        201       1910

       13:00       4    181      0        185        1        1      5       7      3    196     52         251       37       1       9         47        490
       13:15      10    145      0        155        2        1      7      10      5    177     58         240       50       2       4         56        461
       13:30       7    169      1        177        3        1      3       7      3    206     48         257       39       0       5         44        485
       13:45      11    174      1        186        0        0      3       3      1    155     41         197       63       1      17         81        467
       Total      32    669      2        703        6        3     18      27     12    734    199         945      189       4      35        228       1903

       14:00       7    128      0        135        0        1      1       2      2    186     39         227       46       0       6         52        416
       14:15       8    152      0        160        2        0      0       2      1    149     41         191       32       0      10         42        395
       14:30       4    188      0        192        1        0      2       3      2    191     36         229       44       1       8         53        477
       14:45       1    151      2        154        0        6      3       9      4    169     38         211       25       0       8         33        407
       Total      20    619      2        641        3        7      6      16      9    695    154         858      147       1      32        180       1695

       15:00      11    155      0        166        1        2      2       5      0    185     59         244       34       1       5         40        455
       15:15      12    188      0        200        1        0      2       3      3    199     45         247       39       1      12         52        502
       15:30      16    168      1        185        1        0      2       3      0    262     50         312       54       0      10         64        564
       15:45      10    190      0        200        1        0      3       4      0    209     73         282       49       0       7         56        542
       Total      49    701      1        751        4        2      9      15      3    855    227        1085      176       2      34        212       2063

       16:00       4    135      0        139        0        0      1       1      1    181     45         227       30       3      13         46        413
       16:15       5    158      0        163        1        1      1       3      2    191     42         235       25       1       5         31        432
       16:30       9    165      1        175        0        0      0       0      4    198     68         270       23       0       6         29        474
       16:45       4    180      1        185        1        3      1       5      0    194     44         238       10       7       9         26        454
       Total      22    638      2        662        2        4      3       9      7    764    199         970       88      11      33        132       1773

       17:00       9    206      1        216        1        1      4       6      5    283     84         372       51       2      10         63        657
       17:15      22    239      0        261        1        0      1       2      4    279     88         371       56       0       7         63        697
       17:30      28    262      0        290        0        1      9      10      5    261     84         350       65       2      15         82        732
       17:45      11    238      5        254        2        1      4       7      4    220     88         312       58       2      13         73        646
       Total      70    945      6       1021        4        3     18      25     18   1043    344        1405      230       6      45        281       2732

 Grand Total     341   8185     27       8553       32       32    122     186     72   7880   1935        9887     2022      34     416     2472       21098
    Apprch %       4   95.7    0.3                17.2     17.2   65.6            0.7   79.7   19.6                 81.8     1.4    16.8
     Total %     1.6   38.8    0.1       40.5      0.2      0.2    0.6     0.9    0.3   37.3    9.2        46.9      9.6     0.2       2     11.7
        Cars     333   7898     26       8257       32       30    118     180     71   7610   1913        9594     2003      33     407     2443       20474
      % Cars    97.7   96.5   96.3       96.5      100     93.8   96.7    96.8   98.6   96.6   98.9          97     99.1    97.1    97.8     98.8          97
      Trucks       7    208      1        216        0        2      3       5      1    174     20         195       19       1       7       27         443
    % Trucks     2.1    2.5    3.7        2.5        0      6.2    2.5     2.7    1.4    2.2      1           2      0.9     2.9     1.7      1.1         2.1
     Freight       1     79      0         80        0        0      1       1      0     96      2          98        0       0       2        2         181
   % Freight     0.3      1      0        0.9        0        0    0.8     0.5      0    1.2    0.1           1        0       0     0.5      0.1         0.9
                                                            City of High Point
                                                       Department of Transportation
                                                           Summer Count Program
                                                              High Point, NC
Counted By: Alexandria Gordon &                                                                                 File Name    :   MainWstover
Brian Smith                                                                                                     Site Code    :   0035
Weather: Clear                                                                                                  Start Date   :   6/26/2007
                                                                                                                Page No      :   2

                                                                 MAIN STREET
                                                             Out      In     Total
                                                             8049    8257   16306
                                                              181      216     397
                                                               98       80     178
                                                             8328    8553   16881


                                                                333 7898        26
                                                                  7  208           1
                                                                  1    79          0
                                                                341 8185        27
                                                              Right Thru      Left
                                     5
                                    56
                                  4719


                                  4780
                                 Total




                                                                                                     Out
                                                                                                      133


                                                                                                      130
                                          416
                                              7
                                              2
                                          407




                                                                                       Right Thru
                    WESTOVER DRIVE




                                         Left




                                                                                                        PRIVATE DRIVE
                                                                                                         0
                                                                                                         3
                                                                     North




                                                                                          32


                                                                                          32
                                                                                           0
                                                                                           0
                                                            6/26/2007 06:00
                              2
                             27
                          2443


                          2472




                                                  34
                                                   1
                                                   0
                                                 33



                                         Right Thru
                           In




                                                            6/26/2007 17:45




                                                                                                              In
                                                                                                              186


                                                                                                              180
                                                                                               32


                                                                                               30
                                                                                                 0
                                                                                                 2




                                                                                                                 1
                                                                                                                 5
                                                            Cars
                                         2022
                                             0
                                            19
                                         2003




                                                                                       Left
                                                            Trucks
                        3
                      29
                    2276


                    2308




                                                                                        122


                                                                                        118
                    Out




                                                                                                                    Total
                                                            Freight




                                                                                            1
                                                                                            3



                                                                                                                      319


                                                                                                                      310
                                                                                                                        1
                                                                                                                        8
                                                               Left   Thru Right
                                                               1913 7610      71
                                                                 20    174     1
                                                                    2   96     0
                                                               1935 7880      72


                                                            10019    9594   19613
                                                              230      195     425
                                                               80       98     178
                                                            10329    9887   20216
                                                             Out      In     Total
                                                                 MAIN STREET
                                                              City of High Point
                                                         Department of Transportation
                                                             Summer Count Program
                                                                High Point, NC
Counted By: Alexandria Gordon &                                                                                                File Name      :    MainWstover
Brian Smith                                                                                                                    Site Code      :    0035
Weather: Clear                                                                                                                 Start Date     :    6/26/2007
                                                                                                                               Page No        :    3


                        MAIN STREET                    PRIVATE DRIVE                        MAIN STREET                      WESTOVER DRIVE
                         Southbound                      Westbound                          Northbound                          Eastbound
   Start Time Right     Thru   Left App. Total Right    Thru   Left    App. Total   Right   Thru   Left   App. Total   Right   Thru   Left App.   Total   Int. Total
Peak Hour Analysis From 06:00 to 09:45 - Peak 1 of 1
Peak Hour for Entire Intersection Begins at 07:30
        07:30       5    240      0       245      0      0      1             1       1     161     23        185       70      0      17          87         518
        07:45       5    254      0       259      0      0      5             5       0     143     24        167       61      0      15          76         507
        08:00       9    211      0       220      0      0      4             4       0     114     19        133       69      0      10          79         436
        08:15       8    201      0       209      0      0      2             2       1     136     18        155       47      0      14          61         427
 Total Volume      27    906      0       933      0      0     12            12       2     554     84        640      247      0      56         303        1888
 % App. Total     2.9   97.1      0                0      0    100                   0.3    86.6   13.1                81.5      0    18.5
          PHF    .750   .892   .000     .901    .000   .000   .600         .600     .500    .860   .875       .865     .882   .000    .824        .871        .911

Peak Hour Analysis From 10:00 to 13:45 - Peak 1 of 1
Peak Hour for Entire Intersection Begins at 11:45
        11:45     10    162      0      172      0      0        4             4       3     166     59        228       61      1       3          65         469
        12:00      6    171      1      178      0      2        8            10       2     211     57        270       32      0      12          44         502
        12:15      4    167      1      172      0      2        3             5       0     182     60        242       53      1       4          58         477
        12:30     10    169      0      179      0      3        7            10       2     191     44        237       39      1      13          53         479
 Total Volume     30    669      2      701      0      7       22            29       7     750    220        977      185      3      32         220        1927
 % App. Total    4.3   95.4    0.3               0   24.1     75.9                   0.7    76.8   22.5                84.1    1.4    14.5
          PHF   .750   .978   .500     .979   .000   .583     .688         .725     .583    .889   .917       .905     .758   .750    .615        .846        .960

Peak Hour Analysis From 14:00 to 17:45 - Peak 1 of 1
Peak Hour for Entire Intersection Begins at 17:00
        17:00      9    206      1      216      1      1        4             6       5     283     84        372       51      2      10          63         657
        17:15     22    239      0      261      1      0        1             2       4     279     88        371       56      0       7          63         697
        17:30     28    262      0      290      0      1        9            10       5     261     84        350       65      2      15          82         732
        17:45     11    238      5      254      2      1        4             7       4     220     88        312       58      2      13          73         646
 Total Volume     70    945      6     1021      4      3       18            25      18    1043    344       1405      230      6      45         281        2732
 % App. Total    6.9   92.6    0.6              16     12       72                   1.3    74.2   24.5                81.9    2.1      16
          PHF   .625   .902   .300     .880   .500   .750     .500         .625     .900    .921   .977       .944     .885   .750    .750        .857        .933
