                                                                  City of High Point
                                                             Department of Transportation
                                                                 Summer Count Program
                                                                    High Point, NC
Counted By:Adam Huntley &                                                                                                     File Name         :   MainParris
Brandon Massey                                                                                                                Site Code         :   0038
Weather: Clear                                                                                                                Start Date        :   6/26/2007
                                                                                                                              Page No           :   1


                                                          Groups Printed- Cars - Trucks - Freight
                       MAIN STREET                        PARRIS AVENUE                  MAIN STREET                        PARRIS AVENUE
                        Southbound                          Westbound                    Northbound                           Eastbound
  Start Time   Right   Thru   Left   App. Total   Right    Thru   Left App. Total Right  Thru   Left   App. Total   Right    Thru   Left    App. Total   Int. Total
       06:00       1     68      6         75         0       0      1          1     1    46      1         48         3       3       3            9        133
       06:15       1     86      6         93         1       1      1          3     1    46      2         49         2       5       1            8        153
       06:30       3    139      4        146         3       0      6          9     6    65      3         74         2       2       6           10        239
       06:45       0    135      6        141         3       5      3        11      7    76      1         84         6       1       2            9        245
       Total       5    428     22        455         7       6     11        24     15   233      7        255        13      11     12            36        770

       07:00       3    111      7        121        5        2      0       7     10     82      0          92        4       8     10           22          242
       07:15       7    133      6        146        5        2     10      17     20     95     17         132        9       3      4           16          311
       07:30       2    203     10        215       12       13      9      34     12    131      4         147       14       8      9           31          427
       07:45       6    260     11        277        4       13      8      25     11    139      5         155       11       8     13           32          489
       Total      18    707     34        759       26       30     27      83     53    447     26         526       38      27     36          101         1469

       08:00       2    173     12        187        5        5      7      17      2    103      6         111       17       8     10           35          350
       08:15       4    214     11        229        5        9     11      25      9    134      9         152        8       8      4           20          426
       08:30       7    186     19        212        6        8      7      21      3    122      1         126       11      12      7           30          389
       08:45       2    176     12        190        6        3     15      24      1    128      4         133        4      10      4           18          365
       Total      15    749     54        818       22       25     40      87     15    487     20         522       40      38     25          103         1530

       09:00       8    174     14        196       10       14     20      44     18    150      5         173       10      11     12           33          446
       09:15       3    159     13        175       11       10      8      29     18    164      3         185        5       8      7           20          409
       09:30       6    153     19        178       12       12     23      47     12    159      3         174        9       7      6           22          421
       09:45       3    193     17        213       12       11     18      41     13    160      4         177       12       8      5           25          456
       Total      20    679     63        762       45       47     69     161     61    633     15         709       36      34     30          100         1732

       10:00       5    164     11        180       10       12     13      35     10    172      5         187        6       4     10             20        422
       10:15       4    171      7        182       10       14     11      35     12    146      4         162        4      11      3             18        397
       10:30       2    170     16        188        6        9     11      26      8    182      8         198        3       5      4             12        424
       10:45       3    164     13        180       16       11     22      49      3    175      8         186        5      16     10             31        446
       Total      14    669     47        730       42       46     57     145     33    675     25         733       18      36     27             81       1689

       11:00       7    177     24        208       20       13     18      51     13    221     15         249       12       9      7           28          536
       11:15       2    200      9        211       26       19     21      66     27    206      7         240        8      13     13           34          551
       11:30       4    218     22        244       24       10     18      52     21    218     12         251        8      19      7           34          581
       11:45       7    209     20        236       28       14     17      59     20    239     12         271        8      18      4           30          596
       Total      20    804     75        899       98       56     74     228     81    884     46        1011       36      59     31          126         2264

       12:00       2    200     21        223       17       10     14      41      4    247     19         270        4      15     12           31          565
       12:15       3    190      4        197       14       20     15      49      6    205     21         232        7      27     13           47          525
       12:30       6    224     21        251       19       27     12      58      3    190     12         205       12      19      9           40          554
       12:45       6    245     22        273       14       22     10      46      6    217      9         232        9      15     18           42          593
       Total      17    859     68        944       64       79     51     194     19    859     61         939       32      76     52          160         2237

       13:00       3    211     13        227       12       20     20      52     11    236      9         256       12      20     13           45          580
       13:15       6    193     17        216       22       23     20      65     15    212     12         239       15      21     12           48          568
       13:30       7    208     14        229        8       14     10      32     12    217     19         248       15      13     14           42          551
       13:45       5    213     18        236       17       18     23      58     14    190     14         218       13      11      7           31          543
       Total      21    825     62        908       59       75     73     207     52    855     54         961       55      65     46          166         2242

       14:00       2    200     22        224       14       16     21      51      4    210      7         221        5      15     10           30          526
       14:15       5    200     16        221       12       18     19      49     11    184      9         204       11       8      5           24          498
       14:30       4    216     18        238       14        8     18      40     10    214      3         227        7      12     10           29          534
       14:45       6    197     17        220       19       11     21      51      7    200      3         210       10      12      4           26          507
       Total      17    813     73        903       59       53     79     191     32    808     22         862       33      47     29          109         2065

       15:00       6    181     18        205       19       13     17      49     22    213      5         240        6      15      7             28        522
       15:15       1    205     18        224       17       20     20      57     19    203      6         228        2      11      8             21        530
       15:30       3    190     16        209       20       10     18      48     12    265      7         284        6       1     13             20        561
       15:45       1    191     15        207       11       10     21      42     10    219      4         233        6      11      7             24        506
       Total      11    767     67        845       67       53     76     196     63    900     22         985       20      38     35             93       2119

       16:00       9    202     23        234       18       13     17      48     24    264      3         291        3       7      7             17        590
       16:15       3    192     16        211       15       16     26      57      8    247      5         260        4      13      6             23        551
       16:30       2    188     18        208       21       15     17      53     12    287      8         307        6       8     11             25        593
       16:45       5    207     17        229       21       12     19      52      9    222      7         238        2      10      9             21        540
       Total      19    789     74        882       75       56     79     210     53   1020     23        1096       15      38     33             86       2274

       17:00       5    188     23        216       32       29     19      80     17    288      8         313       13      15     16           44          653
       17:15       3    191     27        221       24       15     17      56     24    320      6         350       11      19     20           50          677
       17:30       3    236     25        264       26       19     13      58     15    288      5         308       10      18     12           40          670
       17:45       7    217     21        245       24       17     21      62     14    257      8         279        7      16     10           33          619
       Total      18    832     96        946      106       80     70     256     70   1153     27        1250       41      68     58          167         2619

 Grand Total     195   8921    735       9851      670      606    706    1982    547   8954    348        9849      377     537    414         1328       23010
    Apprch %       2   90.6    7.5                33.8     30.6   35.6            5.6   90.9    3.5                 28.4    40.4   31.2
     Total %     0.8   38.8    3.2       42.8      2.9      2.6    3.1     8.6    2.4   38.9    1.5        42.8      1.6     2.3    1.8          5.8
        Cars     192   8672    724       9588      657      603    687    1947    535   8715    344        9594      372     535    406         1313       22442
      % Cars    98.5   97.2   98.5       97.3     98.1     99.5   97.3    98.2   97.8   97.3   98.9        97.4     98.7    99.6   98.1         98.9        97.5
      Trucks       3    205      9        217       13        3     16      32      9    192      4         205        5       2      8           15         469
    % Trucks     1.5    2.3    1.2        2.2      1.9      0.5    2.3     1.6    1.6    2.1    1.1         2.1      1.3     0.4    1.9          1.1           2
     Freight       0     44      2         46        0        0      3       3      3     47      0          50        0       0      0            0          99
   % Freight       0    0.5    0.3        0.5        0        0    0.4     0.2    0.5    0.5      0         0.5        0       0      0            0         0.4
                                                              City of High Point
                                                         Department of Transportation
                                                             Summer Count Program
                                                                High Point, NC
Counted By:Adam Huntley &                                                                                           File Name    :   MainParris
Brandon Massey                                                                                                      Site Code    :   0038
Weather: Clear                                                                                                      Start Date   :   6/26/2007
                                                                                                                    Page No      :   2

                                                                   MAIN STREET
                                                               Out      In     Total
                                                               9778    9588   19366
                                                                213      217     430
                                                                 47       46      93
                                                              10038    9851   19889


                                                                  192 8672       724
                                                                    3  205           9
                                                                    0    44          2
                                                                  195 8921       735
                                                                Right Thru      Left
                                       0
                                      25
                                   2452


                                   2477
                                   Total




                                                                                                       1819


                                                                                                       1794
                                                                                                       Out
                                            414
                                                8
                                                0
                                            406




                                                                                         Right Thru




                                                                                                         20
                                           Left




                                                                                                         PARRIS AVENUE
                     PARRIS AVENUE




                                                                                           670


                                                                                           657



                                                                                                           5
                                                                       North




                                                                                            13
                                                                                             0
                                                              6/26/2007 06:00
                               0
                              15
                           1313


                           1328




                                                  537
                                                     2
                                                     0
                                                  535



                                           Right Thru
                            In




                                                              6/26/2007 17:45




                                                                                                              1982


                                                                                                              1947
                                                                                                               In
                                                                                                606


                                                                                                603




                                                                                                                 32
                                                                                                   0
                                                                                                   3




                                                                                                                  3
                                                              Cars
                                             377
                                               5
                                               0
                                             372




                                                                                         Left
                                                              Trucks
                        0
                      10
                    1139


                    1149




                                                                                          706


                                                                                          687
                    Out




                                                                                                                     Total
                                                                                           16
                                                              Freight




                                                                                                                      3801


                                                                                                                      3741
                                                                                              3




                                                                                                                        52
                                                                                                                         8
                                                                 Left   Thru Right
                                                                  344 8715     535
                                                                      4  192     9
                                                                      0   47     3
                                                                  348 8954     547


                                                               9731    9594   19325
                                                                226      205     431
                                                                 47       50      97
                                                              10004    9849   19853
                                                               Out      In     Total
                                                                   MAIN STREET
                                                              City of High Point
                                                         Department of Transportation
                                                             Summer Count Program
                                                                High Point, NC
Counted By:Adam Huntley &                                                                                                        File Name         :   MainParris
Brandon Massey                                                                                                                   Site Code         :   0038
Weather: Clear                                                                                                                   Start Date        :   6/26/2007
                                                                                                                                 Page No           :   3


                        MAIN STREET                    PARRIS AVENUE                        MAIN STREET                        PARRIS AVENUE
                         Southbound                      Westbound                          Northbound                           Eastbound
   Start Time Right     Thru   Left App. Total Right    Thru   Left    App. Total   Right   Thru   Left   App. Total   Right    Thru   Left    App. Total   Int. Total
Peak Hour Analysis From 06:00 to 09:45 - Peak 1 of 1
Peak Hour for Entire Intersection Begins at 09:00
        09:00       8    174     14       196     10     14     20           44       18     150      5        173       10      11     12           33          446
        09:15       3    159     13       175     11     10      8           29       18     164      3        185        5       8      7           20          409
        09:30       6    153     19       178     12     12     23           47       12     159      3        174        9       7      6           22          421
        09:45       3    193     17       213     12     11     18           41       13     160      4        177       12       8      5           25          456
 Total Volume      20    679     63       762     45     47     69          161       61     633     15        709       36      34     30          100         1732
 % App. Total     2.6   89.1    8.3               28   29.2   42.9                   8.6    89.3    2.1                  36      34     30
          PHF    .625   .880   .829     .894    .938   .839   .750         .856     .847    .965   .750       .958     .750    .773   .625         .758         .950

Peak Hour Analysis From 10:00 to 13:45 - Peak 1 of 1
Peak Hour for Entire Intersection Begins at 12:30
        12:30      6    224     21      251     19     27       12           58        3     190     12        205       12      19      9           40          554
        12:45      6    245     22      273     14     22       10           46        6     217      9        232        9      15     18           42          593
        13:00      3    211     13      227     12     20       20           52       11     236      9        256       12      20     13           45          580
        13:15      6    193     17      216     22     23       20           65       15     212     12        239       15      21     12           48          568
 Total Volume     21    873     73      967     67     92       62          221       35     855     42        932       48      75     52          175         2295
 % App. Total    2.2   90.3    7.5            30.3   41.6     28.1                   3.8    91.7    4.5                27.4    42.9   29.7
          PHF   .875   .891   .830     .886   .761   .852     .775         .850     .583    .906   .875       .910     .800    .893   .722         .911         .968

Peak Hour Analysis From 14:00 to 17:45 - Peak 1 of 1
Peak Hour for Entire Intersection Begins at 17:00
        17:00      5    188     23      216     32     29       19           80       17     288      8        313       13      15     16           44          653
        17:15      3    191     27      221     24     15       17           56       24     320      6        350       11      19     20           50          677
        17:30      3    236     25      264     26     19       13           58       15     288      5        308       10      18     12           40          670
        17:45      7    217     21      245     24     17       21           62       14     257      8        279        7      16     10           33          619
 Total Volume     18    832     96      946    106     80       70          256       70    1153     27       1250       41      68     58          167         2619
 % App. Total    1.9   87.9   10.1            41.4   31.2     27.3                   5.6    92.2    2.2                24.6    40.7   34.7
          PHF   .643   .881   .889     .896   .828   .690     .833         .800     .729    .901   .844       .893     .788    .895   .725         .835         .967
