                                                                   City of High Point
                                                              Department of Transportation
                                                                  Summer Count Program
                                                                     High Point, NC
Counted By:Paul Ambroso &                                                                                                    File Name       :   MainMontlieu
Ryan Mackenzie                                                                                                               Site Code       :   0049
Weather: Clear                                                                                                               Start Date      :   7/10/2007
                                                                                                                             Page No         :   1


                                                           Groups Printed- Cars - Trucks - Freight
                       MAIN STREET                        MONTLIEU AVENVUE                MAIN STREET                        SUNSET DRIVE
                        Southbound                            Westbound                   Northbound                           Eastbound
  Start Time   Right   Thru   Left   App. Total   Right      Thru   Left App. Total Right Thru   Left   App. Total   Right    Thru   Left    App. Total   Int. Total
       06:00       0     42      2         44         2         1      2          5     2   16      1         19         2       2       1           5          73
       06:15       0     47      3         50         1         2      5          8     1   35      0         36         1       3       0           4          98
       06:30       1    110      0        111         6         3      5        14      1   52      0         53         1       3       2           6         184
       06:45       5    101      1        107         6         7      8        21      6   55      1         62         2       2       1           5         195
       Total       6    300      6        312        15        13     20        48     10  158      2        170         6      10       4          20         550

       07:00       2     89      3         94        5         5      4      14      3     52      2          57        0       3       0            3         168
       07:15       2    109      5        116        9         5      8      22      2     66      4          72        4       7       1           12         222
       07:30       1    130      8        139       12        14      9      35      6    108      1         115        1       9       3           13         302
       07:45       3    183      5        191        4        29     26      59     10     94      2         106        3       7       2           12         368
       Total       8    511     21        540       30        53     47     130     21    320      9         350        8      26       6           40        1060

       08:00       7    168      4        179       20        24     12      56      7    105      3         115        3       8       4           15         365
       08:15       8    166     10        184        7        27     15      49      8     98      2         108        2      16       3           21         362
       08:30       5    175      9        189       18        24     25      67      9    104      4         117        1      13       3           17         390
       08:45       7    169     13        189       14        26     21      61     14    110      3         127        6       7       1           14         391
       Total      27    678     36        741       59       101     73     233     38    417     12         467       12      44      11           67        1508

       09:00      17    154     14        185       11        19      9      39     18    150      4         172        0       9       3           12         408
       09:15       4    153     14        171        9        30     14      53     15    135      3         153        4      13       2           19         396
       09:30       6    127     12        145       11        31     13      55     16    138      4         158        2      17       5           24         382
       09:45       6    133     14        153       16        17     14      47     11    143      5         159        7      15       8           30         389
       Total      33    567     54        654       47        97     50     194     60    566     16         642       13      54      18           85        1575

       10:00       3    147     10        160       11        20     15      46     17    133      1         151        2      12       4          18          375
       10:15       3    149     12        164       14        31      9      54     15    153      5         173        5      25       7          37          428
       10:30       7    157      9        173       12        23     18      53     17    133      3         153        3      12       2          17          396
       10:45       8    158     13        179       22        25     17      64     22    136      7         165        2      18      10          30          438
       Total      21    611     44        676       59        99     59     217     71    555     16         642       12      67      23         102         1637

       11:00       5    141     14        160       18        25     11      54     15    147      1         163        1      15       7          23          400
       11:15       6    162     14        182       17        20     10      47     19    162      1         182        3      18       3          24          435
       11:30       5    149     17        171       25        26     18      69     14    199      5         218        3      28      12          43          501
       11:45       2    153     24        179       19        23     10      52     22    210      4         236        4      25      12          41          508
       Total      18    605     69        692       79        94     49     222     70    718     11         799       11      86      34         131         1844

       12:00      11    180     27        218       22        13     11      46     29    207      7         243        5      29      11          45          552
       12:15       7    200     22        229       15        22     19      56     31    219      6         256        7      21       4          32          573
       12:30       8    178     24        210       23        27     21      71     30    199      3         232        5      24       2          31          544
       12:45       5    237     22        264       12        39     19      70     28    197      7         232        5      24       2          31          597
       Total      31    795     95        921       72       101     70     243    118    822     23         963       22      98      19         139         2266

       13:00       7    191     16        214       16        22     19      57     16    207      6         229        6      21       9          36          536
       13:15       6    200     17        223       18        33     18      69     16    162      7         185        3      17       3          23          500
       13:30       5    215     18        238       19        23     23      65     26    164      6         196        4      22       5          31          530
       13:45       9    210     18        237       11        26     20      57     17    159      6         182        2      13       3          18          494
       Total      27    816     69        912       64       104     80     248     75    692     25         792       15      73      20         108         2060

       14:00       8    190     19        217       13        32     11      56     15    170      3         188        5      18       3          26          487
       14:15       8    179     13        200       20        30     14      64     16    155      7         178        7      17       3          27          469
       14:30       7    164     22        193       13        24     23      60     31    145      4         180        4      21       5          30          463
       14:45       5    188     18        211       13        29     13      55     16    172      8         196        3      27       2          32          494
       Total      28    721     72        821       59       115     61     235     78    642     22         742       19      83      13         115         1913

       15:00       3    169     15        187       15        24     18      57     23    162      4         189        7      20       9          36          469
       15:15       4    147     17        168       26        35     23      84     15    188      2         205        6      28      11          45          502
       15:30       3    158     12        173       18        27     22      67     28    216      1         245        3      20       2          25          510
       15:45       3    145     22        170       17        31     13      61     23    172      2         197        4      29       2          35          463
       Total      13    619     66        698       76       117     76     269     89    738      9         836       20      97      24         141         1944

       16:00       2    155     18        175       28        22     12      62     30    168      4         202        4      29       7          40          479
       16:15       3    169     14        186       21        28     20      69     20    187      4         211        3      27      13          43          509
       16:30       0    161     13        174       17        21     13      51     31    187      4         222        6      28       4          38          485
       16:45       4    127     11        142       19        16     12      47     22    205      3         230        2      30       1          33          452
       Total       9    612     56        677       85        87     57     229    103    747     15         865       15     114      25         154         1925

       17:00       1    171     13        185       18        25     16      59     43    202      6         251        1      57       8          66          561
       17:15       1    129     20        150       18        23     11      52     34    186      2         222        1      27       6          34          458
       17:30       2    115     15        132       13        17      7      37     23    166      5         194        3      18       7          28          391
       17:45       1    114     13        128        8        20     14      42     23    129      2         154        0      19       2          21          345
       Total       5    529     61        595       57        85     48     190    123    683     15         821        5     121      23         149         1755

 Grand Total     226   7364    649       8239      702      1066    690    2458    856   7058    175        8089      158     873    220         1251       20037
    Apprch %     2.7   89.4    7.9                28.6      43.4   28.1           10.6   87.3    2.2                 12.6    69.8   17.6
     Total %     1.1   36.8    3.2       41.1      3.5       5.3    3.4    12.3    4.3   35.2    0.9        40.4      0.8     4.4    1.1          6.2
        Cars     220   7117    635       7972      686      1043    672    2401    830   6792    174        7796      156     850    216         1222       19391
      % Cars    97.3   96.6   97.8       96.8     97.7      97.8   97.4    97.7     97   96.2   99.4        96.4     98.7    97.4   98.2         97.7        96.8
      Trucks       6    191     12        209       14        23     16      53     23    205      1         229        2      23      4           29         520
    % Trucks     2.7    2.6    1.8        2.5        2       2.2    2.3     2.2    2.7    2.9    0.6         2.8      1.3     2.6    1.8          2.3         2.6
     Freight       0     56      2         58        2         0      2       4      3     61      0          64        0       0      0            0         126
   % Freight       0    0.8    0.3        0.7      0.3         0    0.3     0.2    0.4    0.9      0         0.8        0       0      0            0         0.6
                                                              City of High Point
                                                         Department of Transportation
                                                             Summer Count Program
                                                                High Point, NC
Counted By:Paul Ambroso &                                                                                      File Name     :   MainMontlieu
Ryan Mackenzie                                                                                                 Site Code     :   0049
Weather: Clear                                                                                                 Start Date    :   7/10/2007
                                                                                                               Page No       :   2

                                                                   MAIN STREET
                                                               Out      In     Total
                                                               7694    7972   15666
                                                                223      209     432
                                                                 63       58     121
                                                               7980    8239   16219


                                                                  220 7117       635
                                                                    6  191        12
                                                                    0    56          2
                                                                  226 7364       649
                                                                Right Thru      Left
                                       0
                                      59
                                   2659


                                   2718
                                   Total




                                                                                                       2378


                                                                                                       2315
                                                                                                       Out
                                                                                                       MONTLIEU AVENVUE
                                            220
                                                4
                                                0
                                            216




                                                                                         Right Thru




                                                                                                         58
                                           Left




                                                                                           702 1066


                                                                                           686 1043



                                                                                                           5
                      SUNSET DRIVE




                                                                       North




                                                                                            14
                                                                                             2
                                                              7/10/2007 06:00
                               0
                              29
                           1222


                           1251




                                                  873
                                                     0
                                                  850
                                                   23


                                           Right Thru
                            In




                                                              7/10/2007 17:45




                                                                                                              2458


                                                                                                              2401
                                                                                                               In
                                                                                                 23




                                                                                                                 53
                                                                                                   0




                                                                                                                  4
                                                              Cars
                                             158
                                               2
                                               0
                                             156




                                                                                         Left
                                                              Trucks
                        0
                      30
                    1437


                    1467




                                                                                          690


                                                                                          672
                    Out




                                                                                                                     Total
                                                                                           16
                                                              Freight




                                                                                                                     4836


                                                                                                                     4716
                                                                                              2




                                                                                                                      111
                                                                                                                         9
                                                                 Left   Thru Right
                                                                  174 6792     830
                                                                      1  205    23
                                                                      0   61     3
                                                                  175 7058     856


                                                               7945    7796   15741
                                                                209      229     438
                                                                 58       64     122
                                                               8212    8089   16301
                                                               Out      In     Total
                                                                   MAIN STREET
                                                               City of High Point
                                                          Department of Transportation
                                                              Summer Count Program
                                                                 High Point, NC
Counted By:Paul Ambroso &                                                                                                   File Name      :   MainMontlieu
Ryan Mackenzie                                                                                                              Site Code      :   0049
Weather: Clear                                                                                                              Start Date     :   7/10/2007
                                                                                                                            Page No        :   3


                        MAIN STREET                  MONTLIEU AVENVUE                    MAIN STREET                        SUNSET DRIVE
                         Southbound                      Westbound                       Northbound                           Eastbound
   Start Time Right     Thru   Left App. Total Right    Thru   Left App. Total   Right   Thru   Left   App. Total   Right    Thru   Left   App. Total   Int. Total
Peak Hour Analysis From 06:00 to 09:45 - Peak 1 of 1
Peak Hour for Entire Intersection Begins at 08:30
        08:30       5    175      9       189     18      24     25        67       9     104      4        117        1      13      3           17         390
        08:45       7    169     13       189     14      26     21        61      14     110      3        127        6       7      1           14         391
        09:00      17    154     14       185     11      19      9        39      18     150      4        172        0       9      3           12         408
        09:15       4    153     14       171      9      30     14        53      15     135      3        153        4      13      2           19         396
 Total Volume      33    651     50       734     52      99     69       220      56     499     14        569       11      42      9           62        1585
 % App. Total     4.5   88.7    6.8             23.6      45   31.4               9.8    87.7    2.5                17.7    67.7   14.5
          PHF    .485   .930   .893     .971    .722   .825    .690     .821     .778    .832   .875       .827     .458    .808   .750        .816         .971

Peak Hour Analysis From 10:00 to 13:45 - Peak 1 of 1
Peak Hour for Entire Intersection Begins at 12:00
        12:00     11    180     27      218     22     13         11       46      29     207      7        243        5      29     11          45          552
        12:15      7    200     22      229     15     22         19       56      31     219      6        256        7      21      4          32          573
        12:30      8    178     24      210     23     27         21       71      30     199      3        232        5      24      2          31          544
        12:45      5    237     22      264     12     39         19       70      28     197      7        232        5      24      2          31          597
 Total Volume     31    795     95      921     72    101         70      243     118     822     23        963       22      98     19         139         2266
 % App. Total    3.4   86.3   10.3            29.6   41.6       28.8             12.3    85.4    2.4                15.8    70.5   13.7
          PHF   .705   .839   .880     .872   .783   .647       .833     .856    .952    .938   .821       .940     .786    .845   .432        .772         .949

Peak Hour Analysis From 14:00 to 17:45 - Peak 1 of 1
Peak Hour for Entire Intersection Begins at 16:15
        16:15      3    169     14      186     21     28         20       69      20     187      4        211        3      27     13          43          509
        16:30      0    161     13      174     17     21         13       51      31     187      4        222        6      28      4          38          485
        16:45      4    127     11      142     19     16         12       47      22     205      3        230        2      30      1          33          452
        17:00      1    171     13      185     18     25         16       59      43     202      6        251        1      57      8          66          561
 Total Volume      8    628     51      687     75     90         61      226     116     781     17        914       12     142     26         180         2007
 % App. Total    1.2   91.4    7.4            33.2   39.8         27             12.7    85.4    1.9                 6.7    78.9   14.4
          PHF   .500   .918   .911     .923   .893   .804       .763     .819    .674    .952   .708       .910     .500    .623   .500        .682         .894
