                                                                     City of High Point
                                                                Department of Transportation
                                                                    Summer Count Program
                                                                       High Point, NC
Counted By: Adam Huntley, John Snyder                                                                                     File Name        :   PiedmtpkyWendvr
Brandon Massey                                                                                                            Site Code        :   0087, 88
Weather: Clear                                                                                                            Start Date       :   8/8/2007
                                                                                                                          Page No          :   1


                                                             Groups Printed- Cars - Trucks - Freight
                       PIEDMONT PARKWAY                     WENDOVER AVENUE                PIEDMONT PARKWAY                    WENDOVER AVENUE
                          Southbound                           Westbound                      Northbound                          Eastbound
  Start Time   Right     Thru   Left App.   Total   Right     Thru   Left App. Total Right    Thru   Left App. Total   Right     Thru   Left App.   Total   Int. Total
       06:00       1        3      6          10       17       27      0        44      5      12      9        26        7       62       0         69         149
       06:15       1        8     10          19       22       57      0        79      7      23     13        43       13      113       1        127         268
       06:30       1        9     18          28       59       64      1       124      6      51     19        76       10      151       3        164         392
       06:45       0       14     22          36       61       84      5       150      4      68     16        88       21      180       4        205         479
       Total       3       34     56          93      159      232      6       397     22     154     57       233       51      506       8        565        1288

       07:00       3       17     20          40      52        85      9       146     17      58      25      100      14      202       5         221         507
       07:15       0       20     26          46      62       123      8       193     25      79      37      141      24      242       6         272         652
       07:30       0       23     44          67     103       169     13       285     32     115      45      192      17      368       6         391         935
       07:45       0       18     26          44     132       195      9       336     21     144      53      218      23      317      10         350         948
       Total       3       78    116         197     349       572     39       960     95     396     160      651      78     1129      27        1234        3042

       08:00       0       29     35          64      98       173     17       288     23     122      44      189      13      294       9         316         857
       08:15       0       25     32          57      88       158     13       259     15      76      53      144      20      255       5         280         740
       08:30       0       22     41          63      65       141     17       223     17      70      46      133      16      239       4         259         678
       08:45       3       19     27          49      54       134     14       202     17      58      22       97      33      230       1         264         612
       Total       3       95    135         233     305       606     61       972     72     326     165      563      82     1018      19        1119        2887

       09:00       1       27     26          54      34       123     20       177     12      47      28       87       3      167       4         174         492
       09:15       0        9     26          35      25       135     14       174     10      24      26       60      14      206       4         224         493
       09:30       2       23     17          42      23       121     16       160     15      29      30       74      31      218       1         250         526
       09:45       0       15     33          48      22       124     16       162     21      20      28       69      28      214       4         246         525
       Total       3       74    102         179     104       503     66       673     58     120     112      290      76      805      13         894        2036

       10:00       0       15     26          41      14       131     15       160     13      25      30       68      28      202       0         230         499
       10:15       0       16     24          40      23       141     18       182      6      22      29       57      16      185       4         205         484
       10:30       1       16     20          37      17       151      8       176      8      15      36       59      20      221       0         241         513
       10:45       0       12     25          37      23       155     11       189      9      27      33       69      19      188       3         210         505
       Total       1       59     95         155      77       578     52       707     36      89     128      253      83      796       7         886        2001

       11:00       0       13     22          35      24       143     30       197     10      28      33       71      14      173       2         189         492
       11:15       1       12     21          34      23       159     36       218     11      20      35       66      15      155       0         170         488
       11:30       1       18     40          59      26       173     29       228     16      33      39       88      14      166       2         182         557
       11:45       1       28     28          57      40       195     25       260     21      32      39       92      18      197       1         216         625
       Total       3       71    111         185     113       670    120       903     58     113     146      317      61      691       5         757        2162

       12:00       6       50     52         108      42       195     30       267     13      27      44       84      40      219       0         259         718
       12:15       3       36     46          85      44       198     23       265     13      42      41       96      27      203       3         233         679
       12:30       3       41     61         105      44       182     25       251      5      41      47       93      38      187       4         229         678
       12:45       3       25     31          59      51       220     28       299      9      44      47      100      38      235       9         282         740
       Total      15      152    190         357     181       795    106      1082     40     154     179      373     143      844      16        1003        2815

       13:00       0       39     41          80      49       219     31       299     16      42      46      104      26      212       4         242         725
       13:15       2       26     31          59      53       185     32       270      9      39      43       91      21      200       4         225         645
       13:30       1       28     33          62      40       219     24       283     13      33      28       74      17      196       7         220         639
       13:45       1       35     36          72      42       220     27       289      4      35      34       73      27      213       0         240         674
       Total       4      128    141         273     184       843    114      1141     42     149     151      342      91      821      15         927        2683

       14:00       1       28     36          65      34       198     26       258     12      35      37       84      16      196       1         213         620
       14:15       0       17     37          54      51       197     35       283     14      34      36       84      18      173       1         192         613
       14:30       0       33     45          78      34       196     26       256      7      36      43       86      20      213       0         233         653
       14:45       2       26     38          66      23       200     43       266     10      37      31       78      26      151       0         177         587
       Total       3      104    156         263     142       791    130      1063     43     142     147      332      80      733       2         815        2473

       15:00       2       29     29          60      33       211     28       272     14      31      64      109      26      160       1         187         628
       15:15       2       31     39          72      32       234     30       296     11      25      35       71      25      227       3         255         694
       15:30       2       50     76         128      39       229     29       297     11      32      34       77      27      203       1         231         733
       15:45       0       34     40          74      32       223     37       292     16      22      44       82      35      193       3         231         679
       Total       6      144    184         334     136       897    124      1157     52     110     177      339     113      783       8         904        2734

       16:00       3       68     53         124      35      258      21       314     21      30      41       92      28      212       1         241         771
       16:15       1       27     28          56      23      258      35       316      5      34      39       78      17      169       0         186         636
       16:30       2       46     96         144      27      256      38       321     12      28      50       90       9      217       0         226         781
       16:45       5       55     56         116      28      267      30       325     10      29      38       77      17      200       3         220         738
       Total      11      196    233         440     113     1039     124      1276     48     121     168      337      71      798       4         873        2926

       17:00       3      124     94         221      48      299      31       378     12      23      44       79      27      278       0         305         983
       17:15       5      137     99         241      32      347      62       441     20      31      65      116      30      246       0         276        1074
       17:30       4       96     69         169      43      341      42       426     21      33      53      107      21      218       0         239         941
       17:45       6       57     57         120      43      335      32       410     28      28      77      133      30      216       4         250         913
       Total      18      414    319         751     166     1322     167      1655     81     115     239      435     108      958       4        1070        3911

 Grand Total      73     1549   1838        3460    2029     8848    1109     11986    647    1989    1829     4465    1037     9882     128    11047         30958
    Apprch %     2.1     44.8   53.1                16.9     73.8     9.3             14.5    44.5      41              9.4     89.5     1.2
     Total %     0.2        5    5.9        11.2     6.6     28.6     3.6      38.7    2.1     6.4     5.9     14.4     3.3     31.9     0.4     35.7
        Cars      70     1472   1819        3361    1995     8696    1098     11789    635    1930    1801     4366    1018     9796     126    10940         30456
      % Cars    95.9       95     99        97.1    98.3     98.3      99      98.4   98.1      97    98.5     97.8    98.2     99.1    98.4       99          98.4
      Trucks       1       69     15          85      25      112       9       146      9      46      24       79      18       59       2       79           389
    % Trucks     1.4      4.5    0.8         2.5     1.2      1.3     0.8       1.2    1.4     2.3     1.3      1.8     1.7      0.6     1.6      0.7           1.3
     Freight       2        8      4          14       9       40       2        51      3      13       4       20       1       27       0       28           113
   % Freight     2.7      0.5    0.2         0.4     0.4      0.5     0.2       0.4    0.5     0.7     0.2      0.4     0.1      0.3       0      0.3           0.4
                                                            City of High Point
                                                       Department of Transportation
                                                           Summer Count Program
                                                              High Point, NC
Counted By: Adam Huntley, John Snyder                                                                 File Name           :   PiedmtpkyWendvr
Brandon Massey                                                                                        Site Code           :   0087, 88
Weather: Clear                                                                                        Start Date          :   8/8/2007
                                                                                                      Page No             :   2

                                                             PIEDMONT PARKWAY
                                                             Out     In   Total
                                                             4051   3361   7412
                                                               73      85   158
                                                               22      14    36
                                                             4146   3460   7606


                                                                 70 1472      1819
                                                                  1    69       15
                                                                  2     8          4
                                                                 73 1549      1838
                                                              Right Thru      Left
                                     74
                                   216
                                 21507


                                 21797
                                  Total




                                                                                                    12367


                                                                                                    12250
                                                                                                     Out
                                                                                                     WENDOVER AVENUE
                    WENDOVER AVENUE




                                           128
                                               2
                                               0
                                           126




                                                                                       Right Thru
                                                                                       2029 8848


                                                                                       1995 8696



                                                                                                       34
                                                                                                       83
                                          Left




                                                                      North




                                                                                          25
                                                                                           9
                                                             8/8/2007 06:00
                              79
                              28
                          10940


                          11047




                                                                                                          11986


                                                                                                          11789
                                          1037 9882
                                          1018 9796
                                                  59
                                                  27

                                          Right Thru
                            In




                                                             8/8/2007 17:45




                                                                                                            In
                                                                                              112




                                                                                                            146
                                                                                               40




                                                                                                              51
                                                             Cars
                                              1
                                             18




                                                                                       Left
                                                                                       1109


                                                                                       1098
                                                             Trucks
                       46
                      137
                    10567


                    10750




                                                                                                                 24353


                                                                                                                 24039
                     Out




                                                                                                                  Total
                                                             Freight




                                                                                            2
                                                                                            9




                                                                                                                   229
                                                                                                                     85
                                                               Left   Thru Right
                                                               1801 1930     635
                                                                 24     46     9
                                                                    4   13     3
                                                               1829 1989     647


                                                             3588   4366   7954
                                                               96      79   175
                                                               11      20    31
                                                             3695   4465   8160
                                                             Out     In   Total
                                                             PIEDMONT PARKWAY
                                                               City of High Point
                                                          Department of Transportation
                                                              Summer Count Program
                                                                 High Point, NC
Counted By: Adam Huntley, John Snyder                                                                                  File Name      :   PiedmtpkyWendvr
Brandon Massey                                                                                                         Site Code      :   0087, 88
Weather: Clear                                                                                                         Start Date     :   8/8/2007
                                                                                                                       Page No        :   3


                      PIEDMONT PARKWAY               WENDOVER AVENUE                  PIEDMONT PARKWAY                    WENDOVER AVENUE
                         Southbound                     Westbound                        Northbound                          Eastbound
   Start Time Right     Thru   Left App. Total Right   Thru   Left App. Total   Right    Thru   Left App.   Total   Right   Thru   Left App.   Total   Int. Total
Peak Hour Analysis From 06:00 to 09:45 - Peak 1 of 1
Peak Hour for Entire Intersection Begins at 07:30
        07:30       0     23     44        67    103    169     13       285      32     115     45          192      17    368       6         391         935
        07:45       0     18     26        44    132    195      9       336      21     144     53          218      23    317      10         350         948
        08:00       0     29     35        64     98    173     17       288      23     122     44          189      13    294       9         316         857
        08:15       0     25     32        57     88    158     13       259      15      76     53          144      20    255       5         280         740
 Total Volume       0     95    137       232    421    695     52     1168       91     457    195          743      73   1234      30        1337        3480
 % App. Total       0   40.9   59.1               36   59.5    4.5              12.2    61.5   26.2                  5.5   92.3     2.2
          PHF    .000   .819   .778     .866    .797   .891   .765     .869     .711    .793   .920         .852    .793   .838    .750        .855        .918

Peak Hour Analysis From 10:00 to 13:45 - Peak 1 of 1
Peak Hour for Entire Intersection Begins at 12:15
        12:15      3     36     46       85     44    198        23      265      13      42     41           96      27    203       3         233         679
        12:30      3     41     61      105     44    182        25      251       5      41     47           93      38    187       4         229         678
        12:45      3     25     31       59     51    220        28      299       9      44     47          100      38    235       9         282         740
        13:00      0     39     41       80     49    219        31      299      16      42     46          104      26    212       4         242         725
 Total Volume      9    141    179      329    188    819       107     1114      43     169    181          393     129    837      20         986        2822
 % App. Total    2.7   42.9   54.4            16.9   73.5       9.6             10.9      43   46.1                 13.1   84.9       2
          PHF   .750   .860   .734     .783   .922   .931      .863     .931    .672    .960   .963         .945    .849   .890    .556        .874        .953

Peak Hour Analysis From 14:00 to 17:45 - Peak 1 of 1
Peak Hour for Entire Intersection Begins at 17:00
        17:00      3    124     94      221     48    299        31      378      12      23     44           79      27    278       0         305         983
        17:15      5    137     99      241     32    347        62      441      20      31     65          116      30    246       0         276        1074
        17:30      4     96     69      169     43    341        42      426      21      33     53          107      21    218       0         239         941
        17:45      6     57     57      120     43    335        32      410      28      28     77          133      30    216       4         250         913
 Total Volume     18    414    319      751    166   1322       167     1655      81     115    239          435     108    958       4        1070        3911
 % App. Total    2.4   55.1   42.5              10   79.9      10.1             18.6    26.4   54.9                 10.1   89.5     0.4
          PHF   .750   .755   .806     .779   .865   .952      .673     .938    .723    .871   .776         .818    .900   .862    .250        .877        .910
