                                                                City of High Point
                                                           Department of Transportation
                                                               Summer Count Program
                                                                  High Point, NC
Counted By: Alexandria Gordon &                                                                                           File Name      :   MrktCntrSurrt
Brian Smith                                                                                                               Site Code      :   0015
Weather: Clear                                                                                                            Start Date     :   6/13/2007
                                                                                                                          Page No        :   1


                                                        Groups Printed- Cars - Trucks - Freight
                      SURRETT DRIVE                WEST MARKET CENTER DRIVE           SURRETT DRIVE                WEST MARKET CENTER DRIVE
                        Southbound                         Westbound                    Northbound                         Eastbound
  Start Time   Left    Thru Right     App. Total   Left   Thru Right App. Total Left   Thru Right     App. Total   Left   Thru Right App. Total     Int. Total
       06:00      1       7      0            8       7     17      1       25     2      6     19          27        0     13      7       20            80
       06:15      0      14      0           14       9     22      1       32    10     25     15          50        0     16     10       26           122
       06:30      1      19      0           20      18     50      1       69     7     26     31          64        1     38     13       52           205
       06:45      3      22      0           25      37     40      2       79    11     29     33          73        1     30     17       48           225
       Total      5      62      0           67      71    129      5      205    30     86     98         214        2     97     47      146           632

       07:00      0     18      0            18       7     14      1      22     13     35     17          65        0      23     10         33        138
       07:15      3     16      0            19       7     25      3      35      7     43     16          66        0      21      7         28        148
       07:30      0     21      1            22       4     23      2      29     20     55     23          98        0      17      7         24        173
       07:45      1     16      0            17      15     42      2      59     19     64     30         113        0      28     18         46        235
       Total      4     71      1            76      33    104      8     145     59    197     86         342        0      89     42        131        694

       08:00      0     15      0            15      22     13      2      37     12     50     19          81        1      20     12         33        166
       08:15      0     13      1            14      16     18      0      34      3     57     24          84        5      11     13         29        161
       08:30      3     15      1            19       7     17      0      24     13     41     23          77        1      14      6         21        141
       08:45      4     13      2            19       3     24      4      31     11     38     20          69        4      18     11         33        152
       Total      7     56      4            67      48     72      6     126     39    186     86         311       11      63     42        116        620

       09:00      2     16      0            18       6     11      1      18      8     27     13          48        0      14      6         20        104
       09:15      0     17      0            17       9      9      1      19      7     17     17          41        1      19      4         24        101
       09:30      1     19      1            21      10     18      0      28      3     31     16          50        0      25      5         30        129
       09:45      1     21      0            22      14     12      0      26     11     28     10          49        2      19     10         31        128
       Total      4     73      1            78      39     50      2      91     29    103     56         188        3      77     25        105        462

       10:00      5     18      0            23       9     26      2      37      7     33     14          54        0      27      8         35        149
       10:15      2     20      0            22      15     16      1      32      8     24     16          48        3      13      8         24        126
       10:30      2     15      0            17      15     18      2      35      5     20     11          36        0      23      7         30        118
       10:45      3     22      0            25      11     21      0      32     13     28      7          48        3      31      7         41        146
       Total     12     75      0            87      50     81      5     136     33    105     48         186        6      94     30        130        539

       11:00      2     20      2           24       10     21      3      34     10     29      5          44        1      21     11         33        135
       11:15      1     20      1           22       10     20      4      34     14     25     11          50        0      27     11         38        144
       11:30      6     25      0           31        8     22      2      32      8     24     16          48        1      45     10         56        167
       11:45      1     39      1           41       18     22      2      42     18     31     18          67        1      33     15         49        199
       Total     10    104      4          118       46     85     11     142     50    109     50         209        3     126     47        176        645

       12:00      7     33      0           40       21     25      1      47     12     29     12          53        1      17     12         30        170
       12:15      7     25      1           33       12     28      1      41     12     21     14          47        1      31     11         43        164
       12:30      4     32      0           36       17     34      5      56      7     33     24          64        3      27     15         45        201
       12:45      2     23      0           25       18     20      3      41     16     34     22          72        2      40      9         51        189
       Total     20    113      1          134       68    107     10     185     47    117     72         236        7     115     47        169        724

       13:00      1     29      2           32       10     26      6      42     13     21      5          39        0      31     16         47        160
       13:15      2     30      1           33       11     22      2      35     11     37     12          60        1      26     10         37        165
       13:30      2     30      0           32       16     25      2      43     11     26      7          44        0      30      5         35        154
       13:45      2     28      0           30       18     16      1      35     14     27     13          54        0      34     11         45        164
       Total      7    117      3          127       55     89     11     155     49    111     37         197        1     121     42        164        643

       14:00      6     39      1           46       12     24      4      40      9     26     21          56        0      23     12         35        177
       14:15      8     31      0           39       19     20      2      41      7     28      6          41        1      13      5         19        140
       14:30      5     38      1           44       23     21      3      47      8     25     10          43        0      27      7         34        168
       14:45      4     31      0           35        9     31      6      46     11     31      4          46        0      16      3         19        146
       Total     23    139      2          164       63     96     15     174     35    110     41         186        1      79     27        107        631

       15:00      2     40      0           42       11     22      1      34      7     26     24          57        0      35     14         49        182
       15:15      3     41      2           46       20     36      2      58     17     27     12          56        0      32     15         47        207
       15:30      5     42      0           47       30     32      4      66     24     39     28          91        0      63     18         81        285
       15:45      5     54      1           60       18     27      5      50     17     49     33          99        0      49     24         73        282
       Total     15    177      3          195       79    117     12     208     65    141     97         303        0     179     71        250        956

       16:00     11     46      2           59       17     21      3      41     19     31     23          73        0      38     10         48        221
       16:15      8     30      4           42       19     17      6      42     13     31     17          61        3      43      6         52        197
       16:30      8     33      0           41       32     24      4      60     16     42     21          79        1      34      9         44        224
       16:45      1     33      1           35       21     19      4      44     15     28     15          58        0      29     10         39        176
       Total     28    142      7          177       89     81     17     187     63    132     76         271        4     144     35        183        818

       17:00      3     91      2           96       23     30      1      54     14     34     21          69        1      57     18         76        295
       17:15      9     70      0           79       23     31      3      57     16     32      8          56        0      44     15         59        251
       17:30      2     46      1           49       28     22      3      53     13     35     12          60        0      27     13         40        202
       17:45      3     40      0           43       18     30      5      53     10     34     15          59        0      21     12         33        188
       Total     17    247      3          267       92    113     12     217     53    135     56         244        1     149     58        208        936

 Grand Total    152   1376     29         1557      733   1124    114    1971    552   1532    803        2887       39    1333    513       1885       8300
    Apprch %    9.8   88.4    1.9                  37.2     57    5.8           19.1   53.1   27.8                  2.1    70.7   27.2
     Total %    1.8   16.6    0.3         18.8      8.8   13.5    1.4    23.7    6.7   18.5    9.7        34.8      0.5    16.1    6.2       22.7
        Cars    145   1333     27         1505      692   1062    108    1862    500   1494    752        2746       35    1255    452       1742       7855
      % Cars   95.4   96.9   93.1         96.7     94.4   94.5   94.7    94.5   90.6   97.5   93.6        95.1     89.7    94.1   88.1       92.4       94.6
      Trucks      4     21      2           27       23     24      1      48     21     23     32          76        2      37     19         58        209
    % Trucks    2.6    1.5    6.9          1.7      3.1    2.1    0.9     2.4    3.8    1.5      4         2.6      5.1     2.8    3.7        3.1        2.5
     Freight      3     22      0           25       18     38      5      61     31     15     19          65        2      41     42         85        236
   % Freight      2    1.6      0          1.6      2.5    3.4    4.4     3.1    5.6      1    2.4         2.3      5.1     3.1    8.2        4.5        2.8
                                                                 City of High Point
                                                            Department of Transportation
                                                                Summer Count Program
                                                                   High Point, NC
Counted By: Alexandria Gordon &                                                                                  File Name          :   MrktCntrSurrt
Brian Smith                                                                                                      Site Code          :   0015
Weather: Clear                                                                                                   Start Date         :   6/13/2007
                                                                                                                 Page No            :   2

                                                                    SURRETT DRIVE
                                                                  Out     In    Total
                                                                  1637   1505    3142
                                                                    26      27     53
                                                                    22      25     47
                                                                  1685   1557    3242


                                                                      27 1333       145
                                                                       2    21          4
                                                                       0    22          3
                                                                      29 1376       152
                                                                   Right Thru      Left




                                                                                                         WEST MARKET CENTER DRIVE
                    WEST MARKET CENTER DRIVE


                                        105
                                        154
                                       3331


                                       3590
                                      Total




                                                                                                            2288


                                                                                                            2152
                                                                                                            Out
                                                 39
                                                    2
                                                    2
                                                 35




                                                                                            Right Thru




                                                                                                              63
                                                                                                              73
                                               Left




                                                                                              114 1124


                                                                                              108 1062
                                                                          North




                                                                                                5
                                                                                                1
                                                                 6/13/2007 06:00
                                  58
                                  85
                               1742


                               1885




                                                 513 1333
                                                       37
                                                       41
                                                 452 1255



                                               Right Thru
                                In




                                                                 6/13/2007 17:45




                                                                                                                   1971


                                                                                                                   1862
                                                                                                                    In
                                                                                                    38
                                                                                                    24




                                                                                                                      61
                                                                                                                      48
                                                                 Cars
                                                  19
                                                  42




                                                                                            Left
                                                                 Trucks
                          47
                          69
                        1589


                        1705




                                                                                             733


                                                                                             692
                        Out




                                                                                                                          Total
                                                                                              18
                                                                                              23
                                                                 Freight




                                                                                                                          4259


                                                                                                                          4014
                                                                                                                            124
                                                                                                                            121
                                                                    Left Thru Right
                                                                     500 1494   752
                                                                      21   23    32
                                                                      31   15    19
                                                                     552 1532   803


                                                                  2477   2746    5223
                                                                    63      76    139
                                                                    82      65    147
                                                                  2622   2887    5509
                                                                  Out     In    Total
                                                                    SURRETT DRIVE
                                                              City of High Point
                                                         Department of Transportation
                                                             Summer Count Program
                                                                High Point, NC
Counted By: Alexandria Gordon &                                                                                           File Name      :   MrktCntrSurrt
Brian Smith                                                                                                               Site Code      :   0015
Weather: Clear                                                                                                            Start Date     :   6/13/2007
                                                                                                                          Page No        :   3


                       SURRETT DRIVE            WEST MARKET CENTER DRIVE              SURRETT DRIVE                WEST MARKET CENTER DRIVE
                         Southbound                     Westbound                       Northbound                         Eastbound
   Start Time    Left   Thru Right App. Total   Left   Thru Right App. Total   Left    Thru Right     App. Total   Left   Thru Right App. Total     Int. Total
Peak Hour Analysis From 06:00 to 09:45 - Peak 1 of 1
Peak Hour for Entire Intersection Begins at 07:30
        07:30       0     21      1       22       4     23      2       29      20     55     23           98        0      17      7         24        173
        07:45       1     16      0       17      15     42      2       59      19     64     30          113        0      28     18         46        235
        08:00       0     15      0       15      22     13      2       37      12     50     19           81        1      20     12         33        166
        08:15       0     13      1       14      16     18      0       34       3     57     24           84        5      11     13         29        161
 Total Volume       1     65      2       68      57     96      6      159      54    226     96          376        6      76     50        132        735
 % App. Total     1.5   95.6    2.9            35.8   60.4     3.8             14.4   60.1   25.5                   4.5    57.6   37.9
          PHF    .250   .774   .500     .773   .648   .571    .750    .674     .675   .883   .800         .832     .300    .679   .694       .717       .782

Peak Hour Analysis From 10:00 to 13:45 - Peak 1 of 1
Peak Hour for Entire Intersection Begins at 11:45
        11:45      1     39      1       41     18     22        2       42      18     31     18           67        1      33     15         49        199
        12:00      7     33      0       40     21     25        1       47      12     29     12           53        1      17     12         30        170
        12:15      7     25      1       33     12     28        1       41      12     21     14           47        1      31     11         43        164
        12:30      4     32      0       36     17     34        5       56       7     33     24           64        3      27     15         45        201
 Total Volume     19    129      2      150     68    109        9      186      49    114     68          231        6     108     53        167        734
 % App. Total   12.7     86    1.3            36.6   58.6      4.8             21.2   49.4   29.4                   3.6    64.7   31.7
          PHF   .679   .827   .500     .915   .810   .801     .450     .830    .681   .864   .708         .862     .500    .818   .883       .852       .913

Peak Hour Analysis From 14:00 to 17:45 - Peak 1 of 1
Peak Hour for Entire Intersection Begins at 15:15
        15:15      3     41      2       46     20     36        2       58      17     27     12           56        0      32     15         47        207
        15:30      5     42      0       47     30     32        4       66      24     39     28           91        0      63     18         81        285
        15:45      5     54      1       60     18     27        5       50      17     49     33           99        0      49     24         73        282
        16:00     11     46      2       59     17     21        3       41      19     31     23           73        0      38     10         48        221
 Total Volume     24    183      5      212     85    116       14      215      77    146     96          319        0     182     67        249        995
 % App. Total   11.3   86.3    2.4            39.5     54      6.5             24.1   45.8   30.1                     0    73.1   26.9
          PHF   .545   .847   .625     .883   .708   .806     .700     .814    .802   .745   .727         .806     .000    .722   .698       .769       .873
