                                                                                                                      LOCATION:           N.
                                                    CITY OF MCALLEN                                                     BICENTENNIAL & W.
                                                             TRAFFIC OPERATIONS                                              NOLANA

                      `

                                                                                                                       TIME: 24 Hour
                                                                                                                        traffic count



HOUR
OF       BOUND:            NORTH       BOUND:     SOUTH         NORTH AND   BOUND           EAST       BOUND:             WEST           EAST AND
                                                                                                                                                         ALL
DAY      START             12/03/04    START:     12/03/04        SOUTH     START:          12/03/04   START:             12/03/04         WEST       DIRECTION
         counter          TIMEMARK     counter   TIMEMARK        TOTALS     counter        TIMEMARK    counter          TIMEMARK          TOTALS       TOTALS
 TIME     Thru            Thru Total    Thru       Total          NB+SB      Thru            Total       Thru              Total           EB+WB
  0:00           65          65         112         112            177              154       154            196            196             350         527
  1:00           35          35          50         50              85                98      98             126            126             224         309
  2:00           24          24          39         39              63                61      61             102            102             163         226
  3:00           20          20          43         43              63                37      37                 54         54              91          154
  4:00           19          19          21         21              40                73      73                 53         53              126         166
  5:00           55          55          29         29              84              135       135            161            161             296         380
  6:00        136            136         78         78             214              369       369            392            392             761         975
  7:00        401            401        168         168            569          1054         1054           1045           1045             2099        2668
  8:00        498            498        638         638            1136         1178         1178            966            966             2144        3280
  9:00        400            400        600         600            1000             987       987            934            934             1921        2921
 10:00        419            419        443         443            862              928       928           1055           1055             1983        2845
 11:00        496            496        356         356            852          1030         1030           1044           1044             2074        2926
 12:00        561            561        442         442            1003         1049         1049           1333           1333             2382        3385
 13:00        559            559        463         463            1022         1049         1049           1236           1236             2285        3307
 14:00        608            608        452         452            1060             980       980           1250           1250             2230        3290
 15:00        669            669        456         456            1125         1096         1096           1400           1400             2496        3621
 16:00        767            767        516         516            1283         1055         1055           1441           1441             2496        3779
 17:00        918            918        536         536            1454         1105         1105           1795           1795             2900        4354
 18:00        586            586        556         556            1142         1226         1226           1462           1462             2688        3830
 19:00        562            562        413         413            975          1477         1477           1166           1166             2643        3618
 20:00        610            610        358         358            968          1090         1090           1011           1011             2101        3069
 21:00        449            449        228         228            677              684       684           1001           1001             1685        2362
 22:00        278            278        178         178            456              463       463            887            887             1350        1806
 23:00        176            176        152         152            328              281       281            633            633             914         1242
 TOTAL                      9311                   7327          16638                      17659                          20743          38402       55040

                                                                                                                                        GRAND TOTAL   55040
