                                                                        Location: N. Bicen. & Trenton
                                                                        Ave.


                                                                        Time: 24 hour traffic count




HOUR
OF             BOUND              EAST                 BOUND:                         WEST                       Bi-
DAY          START:      10/12/04                      START:                 10/12/04                       directional
             counter    ADR                   1 - Hour counter             ADR                    1 - Hour     totals
   TIME         Thru                Total                 Thru                           Total                 EB+WB
   0:00          76           0          76                      113              0         113                         189
   1:00          56           0          56     132               73              0          73     186                 129
   2:00          32           0          32                       54              0          54                          86
   3:00          33           0          33                       22              0          22                          55
   4:00          59           0          59                       33              0          33                          92
   5:00          95           0          95     219               55              0          55     164                 150
   6:00          370          0        370                       155              0         155                         525
   7:00         1239          0       1239                       702              0         702                         1941
   8:00          731          0        731                       490              0         490                         1221
   9:00          599          0        599     2939              422              0         422    1769                 1021
   10:00         629          0        629                       494              0         494                         1123
   11:00         608          0        608                       627              0         627                         1235
   12:00         664          0        664                       720              0         720                         1384
   13:00         684          0        684     2585              703              0         703    2544                 1387
   14:00         657          0        657                       689              0         689                         1346
   15:00         754          0        754                       949              0         949                         1703
   16:00         774          0        774                       1040             0        1040                         1814
   17:00         857          0        857     3042              1253             0        1253    3931                 2110
   18:00         813          0        813                       1053             0        1053                         1866
   19:00         702          0        702                       831              0         831                         1533
   20:00         499          0        499                       647              0         647                         1146
   21:00         380          0        380     2394              588              0         588    3119                  968
   22:00         292          0        292                       418              0         418                          710
   23:00         248          0        248      540              369              0         369     787                  617

  TOTAL         11851         0      11851                   12500                0       12500                        24351

AL EB + WB      24351                                 GRAND TOTAL                     25841
