                                                                     CITY OF McALLEN
                                                                          TRAFFIC SAFETY
                                                                          VOLUME COUNTS

LOCATION   S. International Parkway. & W. Military Rd.


                      Minor Street: S. International Blvd.                                         Major Street: W. Military Rd.

            BOUND:           NORTH         BOUND:            SOUTH              Bi-       BOUND        EAST        BOUND:          WEST             Bi-        ALL
   OF       START     9/28/2004 @ 1000     START:     9/28/2004 @ 1000      directional        9/28/2004 @ 1000
                                                                                          START:                   START:  9/28/2004 @ 1000 directional directional
MILITARY    counter     ADR                counter      ADR                 Hr./totals counter   ADR               counter   ADR             Hr./totals Hr./totals
  TIME        Thru      Left       Total    Thru        Left      Total      NB+SB      Thru     Left     Total     Thru     Left     Total  EB+WB ALL BN

 00-01        22         0           22      15          0            15        37         36      0          36     116       0       116         152         189
 01-02        6          0            6      17          0            17        23         14      0          14     40        0          40        54          77
 02-03        5          0            5      3           0            3         8          14      0          14     40        0          40        54          62

 03-04        0          0            0      1           0            1         1          18      0          18     45        0          45        63          64

 04-05        1          0            1      1           0            1         2          56      0          56     53        0          53       109         111

 05-06        6          0            6      14          0            14        20         109     0       109       141       0       141         250         270

 06-07        12         0           12      28          0            28        40         399     0       399       353       0       353         752         792

 07-08        36         0           36     105          0           105       141         712     0       712       621       0       621        1333        1474

 08-09        69         0           69     102          0           102       171         62      0          62     624       0       624         686         857

 09-10       132         0           132     69          0            69       201         491     0       491       496       0       496         987        1188

 10-11       114         0           114     86          0            86       200         411     0       411       600       0       600        1011        1211

 11-12       184         0           184     79          0            79       263         389     0       389       586       0       586         975        1238

 12-13       176         0           176     87          0            87       263         433     0       433       629       0       629        1062        1325

 13-14       153         0           153     67          0            67       220         465     0       465       669       0       669        1134        1354

 14-15       174         0           174     75          0            75       249         461     0       461       686       0       686        1147        1396

 15-16       181         0           181     99          0            99       280         493     0       493       793       0       793        1286        1566

 16-17       332         0           332     91          0            91       423         575     0       575       760       0       760        1335        1758

 17-18       234         0           234     99          0            99       333         594     0       594       914       0       914        1508        1841

 18-19       189         0           189     51          0            51       240         472     0       472       773       0       773        1245        1485

 19-20       115         0           115     85          0            85       200         403     0       403       567       0       567         970        1170

 20-21        71         0           71      65          0            65       136         258     0       258       395       0       395         653         789

 21-22        39         0           39      29          0            29        68         216     0       216       273       0       273         489         557
 22-23        17         0           17      18          0            18        35         167     0       167       187       0       187         354         389
 23-24        14         0           14      24          0            24        38         136     0       136       170       0       170         306         344

TOTAL        2282        0        2282      1310         0           1310                 7384     0      7384     10531       0      10531


         TOTAL NB + SB            3592               TOTAL EB + WB                        17915        GRAND TOTAL              21507
                                                                                                                                     N. Ware Rd. @ W. Dove Ave. ]1/17/20085:03 PM
