                                                           City of High Point
                                                      Department of Transportation
Counted by: Aaron Mullins &                               Summer Count Program                                    File Name      :   ALDRMAIN
Travis Russell                                               High Point, NC                                       Site Code      :   00000052
Weather: sunny                                                                                                    Start Date     :   7/10/2003
                                                                                                                  Page No        :   1
                                                         Groups Printed- Cars - Trucks
                      MAIN STREET                   ALDRIDGE ROAD                  MAIN STREET                  RENOLA DRIVE
                       Southbound                     Westbound                     Northbound                    Eastbound
                                      App.                           App.                         App.                          App.     Int.
  Start Time   Left   Thru   Right           Left    Thru Right             Left  Thru Right             Left   Thru   Right
                                     Total                          Total                        Total                         Total    Total
   06:00 AM       4     57       1      62      8       0     16       24      1    132     16     149      2      1       2       5      240
   06:15 AM      11     90       3     104     11       0     17       28      2    191     23     216      4      2       1       7      355
   06:30 AM      12    147       9     168     12       0     20       32      1    292     27     320      7      0       1       8      528
   06:45 AM       8    151      15     174     14       1     18       33      2    226     23     251      5      1       1       7      465
      Total      35    445      28     508     45       1     71      117      6    841     89     936     18      4       5      27     1588

   07:00 AM      11    125       7     143     12      1     19       32      1    209     10      220      7      0       0       7      402
   07:15 AM      14    105       3     122     23      3     26       52      1    232     21      254      4      1       1       6      434
   07:30 AM      21    121       1     143     17      4     35       56      2    310     32      344     18      2       2      22      565
   07:45 AM      15    189       7     211     21      4     35       60      4    276     31      311      5      1       1       7      589
      Total      61    540      18     619     73     12    115      200      8   1027     94     1129     34      4       4      42     1990

   08:00 AM      13    152     10      175     12      0     28       40      1    217     29      247      7      0       1       8      470
   08:15 AM      16    130      7      153     11      1     33       45      3    209     16      228      5      0       1       6      432
   08:30 AM      16    144      8      168     12      2     25       39      6    191     10      207      8      1       2      11      425
   08:45 AM      10    143      8      161      6      0     14       20      5    161     15      181     13      0       2      15      377
      Total      55    569     33      657     41      3    100      144     15    778     70      863     33      1       6      40     1704

   09:00 AM      18    112      8      138      9      0     21       30      2    182     16      200     10      1       2      13      381
   09:15 AM      10    143     10      163      5      1     23       29      2    155     10      167     10      0       1      11      370
   09:30 AM      22    133      7      162     12      1     12       25      1    166     11      178      8      1       1      10      375
   09:45 AM      10     98      7      115      9      1     26       36      4    144     15      163     10      1       0      11      325
      Total      60    486     32      578     35      3     82      120      9    647     52      708     38      3       4      45     1451

   10:00 AM      16    127     15      158      8      0     23       31      2    165     13      180      5      0       2       7      376
   10:15 AM      11    184     13      208     13      2     13       28      2    150      7      159      6      0       2       8      403
   10:30 AM       8    159     12      179     10      2     14       26      1    158      7      166     15      0       3      18      389
   10:45 AM      12    124     15      151     11      1     15       27      4    143     10      157     14      1       2      17      352
      Total      47    594     55      696     42      5     65      112      9    616     37      662     40      1       9      50     1520

   11:00 AM      10    120     25      155      9      3     11       23      7    151     11      169     19      1       4      24      371
   11:15 AM       5    160     20      185     11      1     14       26      6    159      7      172     16      7       6      29      412
   11:30 AM       5    141     24      170     11      2      8       21     13    168      7      188     25      2      13      40      419
   11:45 AM      11    164     25      200     11      1      9       21     20    153     20      193     18      1      24      43      457
      Total      31    585     94      710     42      7     42       91     46    631     45      722     78     11      47     136     1659

   12:00 PM      24    211      28     263     13      3     17       33     18    217     14      249    36       4      24      64      609
   12:15 PM      12    196      28     236     12      7     19       38      5    183     12      200    20       2      15      37      511
   12:30 PM      11    199      48     258     17      4     15       36     15    164     15      194    27       7      21      55      543
   12:45 PM      18    184      29     231     12      3     20       35     16    189      9      214    30       2      14      46      526
      Total      65    790     133     988     54     17     71      142     54    753     50      857   113      15      74     202     2189

   01:00 PM      11    165     28      204     11      1     11       23     15    158     14      187     21      2      18      41      455
   01:15 PM      16    221     26      263      5      1     14       20     13    187     10      210     26      0       5      31      524
   01:30 PM      11    147     18      176     14      1     13       28      6    203      8      217     29      0       7      36      457
   01:45 PM      14    153     17      184     15      1     18       34      9    147     16      172     18      3       8      29      419
      Total      52    686     89      827     45      4     56      105     43    695     48      786     94      5      38     137     1855

   02:00 PM       9    182      26     217     11      2     12       25     12    167      9      188     23      0       9      32      462
   02:15 PM      12    205      30     247     13      2     13       28      7    157     10      174     20      3       8      31      480
   02:30 PM      14    211      30     255     10      5     17       32      8    162     13      183     18      3      16      37      507
   02:45 PM      12    213      18     243     12      2     13       27      7    160     12      179     25      2       7      34      483
      Total      47    811     104     962     46     11     55      112     34    646     44      724     86      8      40     134     1932

   03:00 PM      14    185     24      223      7      1     10       18      8    185     14      207     12      2      12      26      474
   03:15 PM       9    221     17      247     10      4     12       26     12    159      6      177     22      0      10      32      482
   03:30 PM      10    219     18      247     14      2     13       29     12    195     14      221     32      3      13      48      545
   03:45 PM       9    255     17      281     22      0     12       34      5    162     12      179      9      1      13      23      517
      Total      42    880     76      998     53      7     47      107     37    701     46      784     75      6      48     129     2018

   04:00 PM      13    257     15      285     18      3     12       33      8    211     16      235     11      2       5      18      571
   04:15 PM      16    250     28      294     24      5      8       37      8    186      7      201     19      5       6      30      562
   04:30 PM      16    238     25      279     22      6     12       40      7    256     17      280     14      5      14      33      632
   04:45 PM      11    314     21      346     29      5     13       47     13    176      8      197     25      3      16      44      634
      Total      56   1059     89     1204     93     19     45      157     36    829     48      913     69     15      41     125     2399

   05:00 PM      17    313      31     361     26      3     12       41     17    224     22      263    26       5      27      58      723
   05:15 PM      14    328      28     370     31      8     14       53     20    218     16      254    24       5      20      49      726
   05:30 PM      11    321      40     372     22      5     17       44     10    217     11      238    29       2      11      42      696
   05:45 PM      23    259      28     310     23      3     11       37     10    185     10      205    29       3      16      48      600
      Total      65   1221     127    1413    102     19     54      175     57    844     59      960   108      15      74     197     2745

 Grand Total   616    8666    878    10160    671    108    803     1582    354   9008    682    10044    786     88    390    1264     23050
    Apprch %   6.1    85.3    8.6            42.4    6.8   50.8             3.5   89.7    6.8            62.2    7.0   30.9
     Total %   2.7    37.6    3.8     44.1    2.9    0.5    3.5      6.9    1.5   39.1    3.0     43.6    3.4    0.4    1.7     5.5
                                                             City of High Point
                                                        Department of Transportation
Counted by: Aaron Mullins &                                 Summer Count Program                                File Name    :   ALDRMAIN
Travis Russell                                                 High Point, NC                                   Site Code    :   00000052
Weather: sunny                                                                                                  Start Date   :   7/10/2003
                                                                                                                Page No      :   2

                                                                   MAIN STREET
                                                               Out      In     Total
                                                               9998    9539   19537
                                                                599      621   1220
                                                              10597   10160   20757


                                                                  856 8082      601
                                                                   22  584       15
                                                                  878 8666      616
                                                                Right Thru     Left
                                  2538

                                  2604
                                     66
                                  Total




                                                                                                     1386

                                                                                                     1352
                                                                                                     Out
                                           786
                                           763
                                            23




                                                                                       Right Thru
                                          Left




                                                                                                       34


                                                                                                       ALDRIDGE ROAD
                     RENOLA DRIVE




                                                                       North




                                                                                         803

                                                                                         781
                                                                                          22
                          1231

                          1264
                             33




                                                              7/10/2003 6:00:00 AM
                                                  88
                                                  88
                                                    0

                                          Right Thru
                           In




                                                                                                             1582

                                                                                                             1549
                                                              7/10/2003 5:45:00 PM




                                                                                                              In
                                                                                              108

                                                                                              105



                                                                                                                33
                                                                                                 3
                                                              Cars
                                            390
                                            380
                                             10
                   1307

                   1340




                                                                                       Left
                     33




                                                              Trucks




                                                                                        671

                                                                                        663
                   Out




                                                                                                                   Total
                                                                                                                   2968

                                                                                                                   2901
                                                                                           8




                                                                                                                      67
                                                                 Left Thru Right
                                                                  346 8454   663
                                                                     8 554    19
                                                                  354 9008   682


                                                               9125    9463   18588
                                                                602      581   1183
                                                               9727   10044   19771
                                                               Out      In     Total
                                                                   MAIN STREET
                                                                 City of High Point
                                                            Department of Transportation
Counted by: Aaron Mullins &                                     Summer Count Program                                          File Name      :   ALDRMAIN
Travis Russell                                                     High Point, NC                                             Site Code      :   00000052
Weather: sunny                                                                                                                Start Date     :   7/10/2003
                                                                                                                              Page No        :   3


                         MAIN STREET                   ALDRIDGE ROAD                      MAIN STREET                    RENOLA DRIVE
                          Southbound                     Westbound                         Northbound                      Eastbound
                                        App.                               App.                           App.                              App.      Int.
  Start Time    Left     Thru   Right          Left        Thru   Right            Left   Thru   Right            Left      Thru   Right
                                       Total                              Total                          Total                             Total     Total
Peak Hour From 06:00   AM to 09:45 AM - Peak 1 of 1
 Intersection 07:15    AM
       Volume     63       567    21     651     73          11    124      208       8   1035     113   1156       34         4      5       43     2058
      Percent    9.7      87.1   3.2           35.1         5.3   59.6              0.7   89.5     9.8            79.1       9.3   11.6
 07:45 Volume     15       189     7     211     21           4     35       60       4    276      31     311       5         1      1          7     589
  Peak Factor                                                                                                                                        0.874
    High Int. 07:45 AM                          07:45 AM                          07:30 AM                       07:30 AM
       Volume     15   189          7     211      21         4      35      60       2    310      32     344      18         2       2      22
  Peak Factor                           0.771                             0.867                          0.840                             0.489

Peak Hour From 10:00 AM to 01:45 PM - Peak 1 of 1
 Intersection 12:00 PM
       Volume     65    790    133     988     54      17           71      142      54    753      50     857     113        15     74      202     2189
      Percent    6.6   80.0   13.5           38.0    12.0         50.0              6.3   87.9     5.8            55.9       7.4   36.6
 12:00 Volume     24    211     28     263     13       3           17       33      18    217      14     249      36         4     24       64       609
  Peak Factor                                                                                                                                        0.899
    High Int. 12:00 PM                      12:15 PM                              12:00 PM                       12:00 PM
       Volume     24    211     28     263     12       7            19      38      18    217      14     249      36         4      24      64
  Peak Factor                        0.939                                0.934                          0.860                             0.789

Peak Hour From 02:00 PM to 05:45 PM - Peak 1 of 1
 Intersection 04:45 PM
       Volume     53   1276    120    1449    108      21           56      185      60    835      57     952     104        15     74      193     2779
      Percent    3.7   88.1    8.3           58.4    11.4         30.3              6.3   87.7     6.0            53.9       7.8   38.3
 05:15 Volume     14    328     28     370     31       8           14       53      20    218      16     254      24         5     20       49       726
  Peak Factor                                                                                                                                        0.957
    High Int. 05:30 PM                      05:15 PM                              05:00 PM                       05:00 PM
       Volume     11    321     40     372     31       8            14      53      17    224      22     263      26         5      27      58
  Peak Factor                        0.974                                0.873                          0.905                             0.832
