                                                           City of High Point
                                                      Department of Transportation
Counted by: Travis Russell &                              Summer Count Program                                     File Name      :   COLLGREE
Aaron Mullins                                                High Point, NC                                        Site Code      :   00000087
Weather: sunny                                                                                                     Start Date     :   8/20/2003
                                                                                                                   Page No        :   1
                                                         Groups Printed- Cars - Trucks
                      COLLEGE DRIVE                  GREEN DRIVE                  COLLEGE DRIVE                  GREEN DRIVE
                        Southbound                    Westbound                     Northbound                    Eastbound
                                       App.                          App.                          App.                          App.     Int.
  Start Time   Left   Thru   Right            Left   Thru Right             Left   Thru Right             Left   Thru   Right
                                      Total                         Total                         Total                         Total    Total
   06:00 AM       5     37      5        47      7     16     11       34      1     39      2       42      0      4       2       6      129
   06:15 AM      15     72      9        96      5     20      5       30      2     50      6       58      4     14       1      19      203
   06:30 AM      20    126     21       167     20     53      9       82      4     75     14       93      2     14       4      20      362
   06:45 AM      22    137     37       196     20     61     13       94      5     80     15      100      6     20       5      31      421
      Total      62    372     72       506     52    150     38      240     12    244     37      293     12     52      12      76     1115

   07:00 AM      17     71     16      104       8     35     10      53      5    102     10       117      6      6       8      20      294
   07:15 AM      29    103     14      146      10     44     23      77      5    105      5       115      3     15       6      24      362
   07:30 AM      39    115     18      172      11     71     39     121      7    149     11       167     10     21       5      36      496
   07:45 AM      27    162     29      218      16    103     39     158      7    140      6       153      9     22       7      38      567
      Total     112    451     77      640      45    253    111     409     24    496     32       552     28     64      26     118     1719

   08:00 AM      21    103     26      150       9     76     21     106     12    116      5       133      4     12       5      21      410
   08:15 AM      12    102     19      133       6     65     23      94     12    109      6       127     13     25       5      43      397
   08:30 AM      16     78     20      114       4     69     19      92      3     80     11        94     12     23       8      43      343
   08:45 AM      12     71     18      101       3     58     15      76      4     70      6        80     11     19       2      32      289
      Total      61    354     83      498      22    268     78     368     31    375     28       434     40     79      20     139     1439

   09:00 AM      15     59     25       99       9     41     11      61      5     58      8        71      6     20       9      35      266
   09:15 AM       5     63     19       87       5     57     18      80      9     65     10        84      9     26       2      37      288
   09:30 AM       7     58     10       75       5     49     12      66      6     69      9        84      6     23       7      36      261
   09:45 AM      15     53     15       83       3     37     12      52     10     75      9        94      2     16       4      22      251
      Total      42    233     69      344      22    184     53     259     30    267     36       333     23     85      22     130     1066

   10:00 AM      18     43       7      68       8     55      8      71      7     72      6        85     11     27       7      45      269
   10:15 AM      11     51      14      76       3     40      7      50      8     63      7        78     10     29       6      45      249
   10:30 AM      14     53       8      75       6     47     15      68     13     56      5        74      9     30       9      48      265
   10:45 AM      17     64      17      98       5     46     19      70      9     73      6        88      8     19       2      29      285
      Total      60    211      46     317      22    188     49     259     37    264     24       325     38    105      24     167     1068

   11:00 AM      19     66     15      100       7     50     15      72      8     72      9        89      7     23       5      35      296
   11:15 AM      16     69     10       95       5     51     18      74      8     75     12        95     10     31      12      53      317
   11:30 AM      15     57     17       89       3     39     16      58     10     88     16       114     10     29      13      52      313
   11:45 AM      18     85     14      117       7     57     23      87      6     78     20       104      9     31       6      46      354
      Total      68    277     56      401      22    197     72     291     32    313     57       402     36    114      36     186     1280

   12:00 PM      12     56     15       83       6     52     34      92      9     83      6        98     18     29       8      55      328
   12:15 PM      15     79     16      110      11     55     13      79      9     78      9        96     13     44       7      64      349
   12:30 PM      15     75     10      100      12     55     21      88      7     72      4        83      9     35       6      50      321
   12:45 PM      17     78     10      105       8     49     22      79     13     69     14        96      6     29       8      43      323
      Total      59    288     51      398      37    211     90     338     38    302     33       373     46    137      29     212     1321

   01:00 PM      18     90       8     116       9     63     21      93      7     72      9        88      9     23       8      40      337
   01:15 PM      14     96      15     125       5     55     22      82     10     58      6        74     15     36       7      58      339
   01:30 PM      19     71      11     101      10     55     15      80     11     74     15       100     11     22       7      40      321
   01:45 PM      30     87      12     129       8     41     14      63      8     79     15       102     12     39       7      58      352
      Total      81    344      46     471      32    214     72     318     36    283     45       364     47    120      29     196     1349

   02:00 PM      22     72       4      98       5     46     22      73     11     90      9       110     11     24       9      44      325
   02:15 PM      17     73       1      91      10     55     16      81     10     72      7        89      7     32      12      51      312
   02:30 PM      23    100       6     129       7     73     25     105     11     81     16       108     14     40       9      63      405
   02:45 PM      16    100       2     118       8     54     26      88      5    104     12       121     15     21       8      44      371
      Total      78    345      13     436      30    228     89     347     37    347     44       428     47    117      38     202     1413

   03:00 PM      11     73     17      101      16     53     46     115     10     74     22       106      7     30       8      45      367
   03:15 PM      15    107     24      146       5     70     27     102      7     89     18       114      6     28       7      41      403
   03:30 PM      12     92     12      116      14     92     29     135     13    111     13       137     18     37       8      63      451
   03:45 PM      16    114     14      144       8     59     21      88     21    121     21       163     16     54      13      83      478
      Total      54    386     67      507      43    274    123     440     51    395     74       520     47    149      36     232     1699

   04:00 PM      12     89      3      104      16     50     27      93      9    122     22       153     18     38       7      63      413
   04:15 PM      15    102     15      132      14     61     23      98     13    109      8       130     12     31      11      54      414
   04:30 PM      25     99      3      127       7     75     28     110     15    148     14       177     13     40       9      62      476
   04:45 PM      16    130      9      155      18     58     37     113     18    136     18       172     12     46      10      68      508
      Total      68    420     30      518      55    244    115     414     55    515     62       632     55    155      37     247     1811

   05:00 PM      20    142     16      178       5     70     40     115     12    166     21       199     15     81      15     111      603
   05:15 PM      23    143     17      183       6     61     31      98      9    166      6       181     13     64      12      89      551
   05:30 PM      16    120     12      148      11     65     33     109     22    142     13       177     32     47      19      98      532
   05:45 PM      19    128      9      156      10     57     22      89     14    126     16       156     18     36      10      64      465
      Total      78    533     54      665      32    253    126     411     57    600     56       713     78    228      56     362     2151

 Grand Total    823   4214    664     5701     414   2664   1016    4094    440   4401    528     5369     497   1405    365    2267     17431
    Apprch %   14.4   73.9   11.6             10.1   65.1   24.8            8.2   82.0    9.8             21.9   62.0   16.1
     Total %    4.7   24.2    3.8     32.7     2.4   15.3    5.8    23.5    2.5   25.2    3.0     30.8     2.9    8.1    2.1    13.0
                                                           City of High Point
                                                      Department of Transportation
Counted by: Travis Russell &                              Summer Count Program                                File Name    :   COLLGREE
Aaron Mullins                                                High Point, NC                                   Site Code    :   00000087
Weather: sunny                                                                                                Start Date   :   8/20/2003
                                                                                                              Page No      :   2

                                                              COLLEGE DRIVE
                                                            Out     In    Total
                                                            5674   5465   11139
                                                             240     236    476
                                                            5914   5701   11615


                                                                616 4086      763
                                                                 48  128       60
                                                                664 4214      823
                                                              Right Thru     Left
                                 5727

                                 6035
                                  308
                                 Total




                                                                                                  2756

                                                                                                  2607
                                                                                                  Out
                                          497
                                          454
                                           43




                                                                                                   149
                                                                                     Right Thru
                                                                                     1016 2664
                                         Left




                                                                     North




                                                                                       978 2548




                                                                                                      GREEN DRIVE
                     GREEN DRIVE




                                                                                        38
                          2147

                          2267
                            120




                                                            8/20/2003 6:00:00 AM
                                           365 1405
                                           348 1345
                                                 60

                                         Right Thru
                           In




                                                                                                          4094

                                                                                                          3921
                                                            8/20/2003 5:45:00 PM




                                                                                                           In
                                                                                            116




                                                                                                            173
                                                            Cars
                                            17
                   3580

                   3768




                                                                                     Left
                    188




                                                            Trucks




                                                                                      414

                                                                                      395
                   Out




                                                                                                                 Total
                                                                                       19



                                                                                                                  6850

                                                                                                                  6528
                                                                                                                   322
                                                              Left Thru Right
                                                               416 4242   499
                                                                24  159    29
                                                               440 4401   528


                                                            4829   5157    9986
                                                             164     212    376
                                                            4993   5369   10362
                                                            Out     In    Total
                                                              COLLEGE DRIVE
                                                              City of High Point
                                                         Department of Transportation
Counted by: Travis Russell &                                 Summer Count Program                                             File Name      :   COLLGREE
Aaron Mullins                                                   High Point, NC                                                Site Code      :   00000087
Weather: sunny                                                                                                                Start Date     :   8/20/2003
                                                                                                                              Page No        :   3


                        COLLEGE DRIVE                   GREEN DRIVE                    COLLEGE DRIVE                        GREEN DRIVE
                          Southbound                     Westbound                       Northbound                          Eastbound
                                        App.                            App.                              App.                              App.     Int.
  Start Time    Left     Thru   Right          Left     Thru   Right            Left      Thru   Right            Left      Thru   Right
                                       Total                           Total                             Total                             Total    Total
Peak Hour From 06:00   AM to 09:45 AM - Peak 1 of 1
 Intersection 07:30    AM
       Volume     99       482    92     673     42      315    122      479      38       514      28     580      36        80     22      138     1870
      Percent   14.7      71.6  13.7            8.8     65.8   25.5              6.6      88.6     4.8            26.1      58.0   15.9
 07:45 Volume     27       162    29     218     16      103     39      158       7       140       6     153       9        22      7       38      567
  Peak Factor                                                                                                                                       0.825
    High Int. 07:45 AM                          07:45 AM                       07:30 AM                          08:15 AM
       Volume     27   162         29     218      16    103      39     158       7    149         11     167      13        25       5      43
  Peak Factor                           0.772                          0.758                             0.868                             0.802

Peak Hour From 10:00 AM to 01:45 PM - Peak 1 of 1
 Intersection 11:45 AM
       Volume     60    295     55     410     36     219        91      346      31       311     39      381      49       139     27      215     1352
      Percent   14.6   72.0   13.4           10.4    63.3      26.3              8.1      81.6   10.2             22.8      64.7   12.6
 11:45 Volume     18     85     14     117      7      57        23       87       6        78     20      104       9        31      6       46      354
  Peak Factor                                                                                                                                       0.955
    High Int. 11:45 AM                      12:00 PM                           11:45 AM                          12:15 PM
       Volume     18     85     14     117      6      52         34      92       6        78      20     104      13        44       7      64
  Peak Factor                        0.876                             0.940                             0.916                             0.840

Peak Hour From 02:00 PM to 05:45 PM - Peak 1 of 1
 Intersection 04:45 PM
       Volume     75    535     54     664     40     254       141      435      61       610      58     729      72       238     56      366     2194
      Percent   11.3   80.6    8.1            9.2    58.4      32.4              8.4      83.7     8.0            19.7      65.0   15.3
 05:00 Volume     20    142     16     178      5      70        40      115      12       166      21     199      15        81     15      111      603
  Peak Factor                                                                                                                                       0.910
    High Int. 05:15 PM                      05:00 PM                           05:00 PM                          05:00 PM
       Volume     23    143     17     183      5      70         40     115      12    166         21     199      15        81      15     111
  Peak Factor                        0.907                             0.946                             0.916                             0.824
