                                                          City of High Point
                                                     Department of Transportation
Counted by: B Keller, N Alford &                         Summer Count Program                                       File Name         :   EASTWMAIN
S Madden, M Womack                                          High Point, NC                                          Site Code         :   00000082
Weather: sunny                                                                                                      Start Date        :   8/7/2003
                                                                                                                    Page No           :   1
                                                         Groups Printed- Cars - Trucks
                      MAIN STREET                 EASTCHESTER DRIVE                MAIN STREET                  WESTCHESTER DRIVE
                       Southbound                     Westbound                     Northbound                      Eastbound
                                      App.                           App.                         App.                               App.     Int.
  Start Time   Left   Thru   Right           Left    Thru Right             Left  Thru Right             Left     Thru   Right
                                     Total                          Total                        Total                              Total    Total
   06:00 AM       5     73       9      87     13      31      1       45      1     38     10      49     14       44       1         59      240
   06:15 AM       5     95      19     119     18      49      3       70      1     48     12      61     12       56       2         70      320
   06:30 AM       4    178      23     205     29      62      7       98      2     62     20      84     16       95       5        116      503
   06:45 AM       8    148      23     179     36      75      5      116      2     63     21      86     10       90       4        104      485
      Total      22    494      74     590     96     217     16      329      6    211     63     280     52      285      12        349     1548

   07:00 AM      12    128     15      155     31     70      8      109      2     70     18       90    36       101       4        141      495
   07:15 AM      12    140     20      172     33     84     10      127      1     83     11       95    27       112       6        145      539
   07:30 AM      13    226     23      262     54     98     10      162      5    119     14      138    60       153       7        220      782
   07:45 AM      16    262     28      306     54    100      9      163     13    102     21      136    47       102       3        152      757
      Total      53    756     86      895    172    352     37      561     21    374     64      459   170       468      20        658     2573

   08:00 AM      13    214     15      242     79    101      6      186      9    105     29      143    40       126       5        171      742
   08:15 AM      20    230     22      272     74    104     19      197      6    106     35      147    54       135       4        193      809
   08:30 AM      20    193     19      232     69    101     16      186      7    108     43      158    42       112       5        159      735
   08:45 AM      20    189     21      230     56     80     13      149      6    124     40      170    63       125       9        197      746
      Total      73    826     77      976    278    386     54      718     28    443    147      618   199       498      23        720     3032

   09:00 AM      21    151     22      194     49     71     18      138      7    127     46      180    48       111       7        166      678
   09:15 AM      20    131     20      171     62     74     23      159     15    110     67      192    31       106       8        145      667
   09:30 AM      21    164     31      216     50     82     16      148     15    160     40      215    33       110      11        154      733
   09:45 AM      19    148     25      192     64     72     24      160     15    137     55      207    54        96       9        159      718
      Total      81    594     98      773    225    299     81      605     52    534    208      794   166       423      35        624     2796

   10:00 AM      16    195     25      236     84    103     18      205     14    149     73      236    46       110       5        161      838
   10:15 AM      30    165     30      225     78     90     22      190     21    185     61      267    50       113      12        175      857
   10:30 AM      28    163     16      207     77     94     22      193     13    135     59      207    68       107      12        187      794
   10:45 AM      56    175     10      241     67    123     18      208     11    136     76      223    60       150      20        230      902
      Total     130    698     81      909    306    410     80      796     59    605    269      933   224       480      49        753     3391

   11:00 AM      31    166      42     239     58     92     20      170     21    173     71      265    51       111       9        171      845
   11:15 AM      36    182      24     242     65    104     28      197     25    147     82      254    54       116      12        182      875
   11:30 AM      32    179      31     242     77    111     43      231     19    199     75      293    66        99      14        179      945
   11:45 AM      72    164      17     253     77    107     24      208     18    208     74      300    49       139      16        204      965
      Total     171    691     114     976    277    414    115      806     83    727    302     1112   220       465      51        736     3630

   12:00 PM      46    193     20      259     97    119     21      237     27    212     87      326    69       119       8        196     1018
   12:15 PM      19    183     16      218     78    108     23      209     21    223    105      349    64       128      12        204      980
   12:30 PM      42    190     30      262    101     91     23      215     30    231     89      350    74       122      19        215     1042
   12:45 PM      55    197     14      266     73    115     20      208     27    166     92      285    68       132      24        224      983
      Total     162    763     80     1005    349    433     87      869    105    832    373     1310   275       501      63        839     4023

   01:00 PM      35    170     29      234     95    116     25      236     20    226     99      345    59       114      10        183      998
   01:15 PM      39    207     22      268     87    138     30      255     23    174     82      279    57       123      13        193      995
   01:30 PM      37    175     13      225     88    110     32      230     24    178     85      287    48        94      12        154      896
   01:45 PM      34    180     31      245     64    134     22      220     22    182     75      279    57       159      12        228      972
      Total     145    732     95      972    334    498    109      941     89    760    341     1190   221       490      47        758     3861

   02:00 PM      28    165      4      197     94    110     22      226     24    202     88      314    65       112      16        193      930
   02:15 PM      59    186     10      255     86    130     14      230     19    176     66      261    55       131      14        200      946
   02:30 PM      37    191      1      229     89    122     16      227     16    179     86      281    59       119      17        195      932
   02:45 PM      35    167     12      214     75    105     19      199     19    155     90      264    59       128      18        205      882
      Total     159    709     27      895    344    467     71      882     78    712    330     1120   238       490      65        793     3690

   03:00 PM      27    139      32     198     60    129     16      205     10    208     96      314    50       124      12        186      903
   03:15 PM      34    167      32     233     71    134     21      226     11    196     71      278    87       108      12        207      944
   03:30 PM      41    177      32     250     52    159     27      238     17    213     90      320    61       148      12        221     1029
   03:45 PM      32    164      14     210     96    110     15      221     17    245     80      342    86       173       8        267     1040
      Total     134    647     110     891    279    532     79      890     55    862    337     1254   284       553      44        881     3916

   04:00 PM       8    141       2     151     77     96     15      188     16    231     93      340    65       132       7        204      883
   04:15 PM      25    150      33     208     52    140     27      219     25    209     85      319    78       141       7        226      972
   04:30 PM      28    143      45     216     51    156     31      238     18    238     68      324    80       157       7        244     1022
   04:45 PM      29    157      24     210     55    142     27      224     19    246     63      328   104       169       5        278     1040
      Total      90    591     104     785    235    534    100      869     78    924    309     1311   327       599      26        952     3917

   05:00 PM      46    183      15     244     43    152     11      206     13    242     76      331    93       166       8        267     1048
   05:15 PM      36     65      28     129     36     83     25      144     18    287     63      368    89       161       9        259      900
   05:30 PM      24    135      36     195     62    111     26      199     15    274     64      353    84       170       3        257     1004
   05:45 PM      39    142      27     208     50    127     17      194      6    230     55      291    73       148       7        228      921
      Total     145    525     106     776    191    473     79      743     52   1033    258     1343   339       645      27       1011     3873

 Grand Total   1365   8026   1052    10443   3086   5015    908     9009    706   8017   3001    11724   2715     5897     462      9074     40250
    Apprch %   13.1   76.9   10.1            34.3   55.7   10.1             6.0   68.4   25.6            29.9     65.0     5.1
     Total %    3.4   19.9    2.6     25.9    7.7   12.5    2.3     22.4    1.8   19.9    7.5     29.1    6.7     14.7     1.1      22.5
                                                           City of High Point
                                                      Department of Transportation
Counted by: B Keller, N Alford &                          Summer Count Program                               File Name    :   EASTWMAIN
S Madden, M Womack                                           High Point, NC                                  Site Code    :   00000082
Weather: sunny                                                                                               Start Date   :   8/7/2003
                                                                                                             Page No      :   2

                                                                 MAIN STREET
                                                             Out      In     Total
                                                            11119   10009   21128
                                                              521      434    955
                                                            11640   10443   22083


                                                                937 7750      1322
                                                                115  276        43
                                                              1052 8026       1365
                                                              Right Thru      Left
                                 15113
                                   734
                                 15847
                                 Total




                                                                                                  10263
                   WESTCHESTER DRIVE




                                                                                                   EASTCHESTER DRIVE
                                                                                                   9887
                                                                                                   Out
                                         2715
                                         2548
                                          167




                                                                                                    376
                                                                                     Right Thru
                                         Left




                                                                      North




                                                                                       908 5015

                                                                                       887 4834
                                                                                        21
                          8668

                          9074
                            406




                                                            8/7/2003 6:00:00 AM
                                           462 5897
                                           440 5680
                                                217

                                         Right Thru
                           In




                                                                                                          9009

                                                                                                          8733
                                                            8/7/2003 5:45:00 PM




                                                                                                           In
                                                                                            181




                                                                                                            276
                                                             Cars
                                            22




                                                                                     3086

                                                                                     3012
                    6445

                    6773




                                                                                     Left
                     328




                                                             Trucks
                    Out




                                                                                                                19272

                                                                                                                18620
                                                                                                                Total
                                                                                       74




                                                                                                                  652
                                                               Left Thru Right
                                                                674 7684 2885
                                                                 32  333   116
                                                                706 8017 3001


                                                            11202   11243   22445
                                                              372      481    853
                                                            11574   11724   23298
                                                             Out      In     Total
                                                                 MAIN STREET
                                                               City of High Point
                                                          Department of Transportation
Counted by: B Keller, N Alford &                              Summer Count Program                                           File Name         :   EASTWMAIN
S Madden, M Womack                                               High Point, NC                                              Site Code         :   00000082
Weather: sunny                                                                                                               Start Date        :   8/7/2003
                                                                                                                             Page No           :   3


                         MAIN STREET                  EASTCHESTER DRIVE                   MAIN STREET                    WESTCHESTER DRIVE
                          Southbound                      Westbound                        Northbound                        Eastbound
                                        App.                               App.                           App.                                App.     Int.
  Start Time    Left     Thru   Right          Left     Thru   Right               Left   Thru   Right            Left     Thru   Right
                                       Total                              Total                          Total                               Total    Total
Peak Hour From 06:00   AM to 09:45 AM - Peak 1 of 1
 Intersection 07:30    AM
       Volume     62       932    88    1082    261      403      44        708      33    432     99      564     201      516      19        736     3090
      Percent    5.7      86.1   8.1           36.9     56.9     6.2                5.9   76.6   17.6             27.3     70.1     2.6
 08:15 Volume     20       230    22     272     74      104      19        197       6    106     35      147      54      135       4        193      809
  Peak Factor                                                                                                                                         0.955
    High Int. 07:45 AM                          08:15 AM                          08:15 AM                       07:30 AM
       Volume     16   262         28     306      74    104      19        197       6    106      35     147      60    153         7        220
  Peak Factor                           0.884                             0.898                          0.959                               0.836

Peak Hour From 10:00 AM to 01:45 PM - Peak 1 of 1
 Intersection 12:00 PM
       Volume    162    763     80    1005    349     433        87         869     105    832    373    1310      275      501      63        839     4023
      Percent   16.1   75.9    8.0           40.2    49.8      10.0                 8.0   63.5   28.5             32.8     59.7     7.5
 12:30 Volume     42    190     30     262    101      91        23         215      30    231     89      350      74      122      19        215     1042
  Peak Factor                                                                                                                                         0.965
    High Int. 12:45 PM                      12:00 PM                              12:30 PM                       12:45 PM
       Volume     55    197     14     266     97     119         21        237      30    231      89     350      68    132        24        224
  Peak Factor                        0.945                                0.917                          0.936                               0.936

Peak Hour From 02:00 PM to 05:45 PM - Peak 1 of 1
 Intersection 04:15 PM
       Volume    128    633    117     878    201     590        96         887      75    935    292    1302      355      633      27      1015      4082
      Percent   14.6   72.1   13.3           22.7    66.5      10.8                 5.8   71.8   22.4             35.0     62.4     2.7
 05:00 Volume     46    183     15     244     43     152        11         206      13    242     76      331      93      166       8        267     1048
  Peak Factor                                                                                                                                         0.974
    High Int. 05:00 PM                      04:30 PM                              05:00 PM                       04:45 PM
       Volume     46    183     15     244     51     156         31        238      13    242      76     331     104    169         5        278
  Peak Factor                        0.900                                0.932                          0.983                               0.913
