                                                            City of High Point
                                                       Department of Transportation
Counted by: Travis Russell &                               Summer Count Program                                    File Name        :   PENNWEND
Aaron Mullins                                                 High Point, NC                                       Site Code        :   00000037
Weather: Sunny                                                                                                     Start Date       :   6/24/2003
                                                                                                                   Page No          :   1
                                                          Groups Printed- Cars - Trucks
                      PENNY ROAD                    WENDOVER AVENUE                 PENNY ROAD                  WENDOVER AVENUE
                      Southbound                       Westbound                    Northbound                     Eastbound
                                      App.                            App.                        App.                             App.     Int.
  Start Time   Left   Thru   Right           Left     Thru Right             Left  Thru Right            Left    Thru   Right
                                     Total                           Total                       Total                            Total    Total
   06:00 AM       2     11       0      13      8       20      0       28      6    41     13      60      1      52       8        61      162
   06:15 AM       1     11       0      12      6       34      3       43      7    45     31      83      1      67      11        79      217
   06:30 AM       4     14       1      19      8       77      3       88     11    82     42     135      1     131      12       144      386
   06:45 AM       2     16       1      19     18       66      9       93      7    82     49     138      1     157       9       167      417
      Total       9     52       2      63     40      197     15      252     31   250    135     416      4     407      40       451     1182

   07:00 AM      10     40       0     50      19      86      6      111      8     86     57     151      1     186      17       204      516
   07:15 AM       6     34       2     42      32      99     13      144     18    108     72     198      2     233      27       262      646
   07:30 AM      10     53       4     67      23     147     12      182     27    132     89     248      1     303      25       329      826
   07:45 AM       8     43       1     52      23     143     11      177     25    147     95     267      3     267      41       311      807
      Total      34    170       7    211      97     475     42      614     78    473    313     864      7     989     110      1106     2795

   08:00 AM      14     40       2     56      31     159      9      199     15     95     53     163      4     249      21       274      692
   08:15 AM      11     43       4     58      32     154      0      186     19    105     49     173      3     221      29       253      670
   08:30 AM       9     39       1     49      34     155      6      195     24     66     40     130      3     188      13       204      578
   08:45 AM       9     26       5     40      37     156      4      197     19     51     26      96      6     171      24       201      534
      Total      43    148      12    203     134     624     19      777     77    317    168     562     16     829      87       932     2474

   09:00 AM       8     31       2     41      26     103      4      133     24     42     33      99      3     167      21       191      464
   09:15 AM      11     27       3     41      31     118      5      154     26     36     28      90      3     163      17       183      468
   09:30 AM       8     36       7     51      12     128      9      149     18     40     27      85      4     162      14       180      465
   09:45 AM      13     34       2     49      33     133     10      176     10     27     26      63     13     173      14       200      488
      Total      40    128      14    182     102     482     28      612     78    145    114     337     23     665      66       754     1885

   10:00 AM       7     28       0     35      33     123      1      157     25     29     16      70      4     131      22       157      419
   10:15 AM       8     29      11     48      16     122      8      146     20     33     19      72      9     144      12       165      431
   10:30 AM       8     30       6     44      21     121      3      145     18     45     29      92      4     135      23       162      443
   10:45 AM       9     30       3     42      38     107      3      148     30     33     22      85      5     142      14       161      436
      Total      32    117      20    169     108     473     15      596     93    140     86     319     22     552      71       645     1729

   11:00 AM       9     29       6     44      22     140      4      166     27     39     28      94     11     142      16       169      473
   11:15 AM      11     37       4     52      34     136      9      179     25     27     38      90      4     157      16       177      498
   11:30 AM       7     35       8     50      38     155     13      206     23     40     34      97     19     170      23       212      565
   11:45 AM      13     51       7     71      42     170     10      222     27     38     28      93     11     208      17       236      622
      Total      40    152      25    217     136     601     36      773    102    144    128     374     45     677      72       794     2158

   12:00 PM      12     59       6     77      48     170      7      225     35     64     34     133     18     157      30       205      640
   12:15 PM      12     55      12     79      40     158      4      202     26     59     31     116     18     163      22       203      600
   12:30 PM      17     44      12     73      35     177      5      217     29     64     37     130     14     184      17       215      635
   12:45 PM      15     46      12     73      43     209      6      258     27     67     36     130     19     193      20       232      693
      Total      56    204      42    302     166     714     22      902    117    254    138     509     69     697      89       855     2568

   01:00 PM      27     58     19     104      38     179      8      225     26     62     26     114     15     181      14       210      653
   01:15 PM      16     54     12      82      32     173     14      219     25     47     40     112     10     178      20       208      621
   01:30 PM      11     45      9      65      33     160     11      204     20     59     45     124     10     171      33       214      607
   01:45 PM      11     51      7      69      28     186     16      230     28     49     34     111      8     197       6       211      621
      Total      65    208     47     320     131     698     49      878     99    217    145     461     43     727      73       843     2502

   02:00 PM      14     59       8     81      32     151     12      195     24     52     29     105     15     159      16       190      571
   02:15 PM      15     64       7     86      37     154      5      196     24     54     28     106      4     175      30       209      597
   02:30 PM      10     59       6     75      31     181      8      220     33     40     30     103      6     167      23       196      594
   02:45 PM       7     48       8     63      47     188     13      248     24     33     24      81      3     147      27       177      569
      Total      46    230      29    305     147     674     38      859    105    179    111     395     28     648      96       772     2331

   03:00 PM      17     47       8     72      39     177      9      225     18     46     26      90      5     197      18       220      607
   03:15 PM       9     64       8     81      34     179      8      221     28     29     27      84      6     165      29       200      586
   03:30 PM      12     70       5     87      49     205      9      263     30     39     43     112      8     145      12       165      627
   03:45 PM      14     55      10     79      56     174     12      242     26     45     29     100      8     176      18       202      623
      Total      52    236      31    319     178     735     38      951    102    159    125     386     27     683      77       787     2443

   04:00 PM      17     64       7     88      49     216      9      274     25     52     39     116     11     197      23       231      709
   04:15 PM      16     78       6    100      49     216     10      275     31     41     25      97     12     139      14       165      637
   04:30 PM      14     86       5    105      52     203      8      263     25     51     20      96     10     198      15       223      687
   04:45 PM      12    103       7    122      43     222      4      269     43     50     32     125     12     184      11       207      723
      Total      59    331      25    415     193     857     31     1081    124    194    116     434     45     718      63       826     2756

   05:00 PM      12    116     10     138      79     225     13      317     29     61     39     129     17     231      18       266      850
   05:15 PM      20    184     16     220      73     278     13      364     35     86     32     153     11     233      22       266     1003
   05:30 PM      19    127     11     157      68     289     16      373     29     71     34     134     14     245      29       288      952
   05:45 PM       9     92      9     110      71     254     17      342     35     75     43     153      7     242      14       263      868
      Total      60    519     46     625     291    1046     59     1396    128    293    148     569     49     951      83      1083     3673

 Grand Total    536   2495    300    3331    1723    7576    392     9691   1134   2765   1727   5626    378     8543     927     9848     28496
    Apprch %   16.1   74.9    9.0            17.8    78.2    4.0            20.2   49.1   30.7           3.8     86.7     9.4
     Total %    1.9    8.8    1.1    11.7     6.0    26.6    1.4     34.0    4.0    9.7    6.1   19.7    1.3     30.0     3.3     34.6
                                                          City of High Point
                                                     Department of Transportation
Counted by: Travis Russell &                             Summer Count Program                               File Name    :   PENNWEND
Aaron Mullins                                               High Point, NC                                  Site Code    :   00000037
Weather: Sunny                                                                                              Start Date   :   6/24/2003
                                                                                                            Page No      :   2

                                                               PENNY ROAD
                                                           Out      In    Total
                                                           3433    3246   6679
                                                            102       85   187
                                                           3535    3331   6866


                                                               294 2434      518
                                                                 6   61       18
                                                               300 2495      536
                                                             Right Thru     Left
                                18413
                                  445
                                18858
                                Total




                                                                                                 10806

                                                                                                 10572
                                                                                                  Out
                                                                                                  WENDOVER AVENUE
                   WENDOVER AVENUE




                                         378
                                         370
                                            8




                                                                                                   234
                                                                                    Right Thru
                                        Left




                                                                    North




                                                                                      392 7576

                                                                                      379 7382
                                                                                       13
                          9629

                          9848
                            219




                                                           6/24/2003 6:00:00 AM
                                          927 8543
                                          898 8361
                                               182

                                        Right Thru
                           In




                                                                                                        9691

                                                                                                        9431
                                                           6/24/2003 5:45:00 PM




                                                                                                         In
                                                                                           194




                                                                                                          260
                                                           Cars
                                           29




                                                                                    1723

                                                                                    1670
                   8784

                   9010




                                                                                    Left
                    226




                                                           Trucks
                   Out




                                                                                                              20497

                                                                                                              20003
                                                                                                              Total
                                                                                      53




                                                                                                                494
                                                             Left Thru Right
                                                             1108 2684 1693
                                                               26   81    34
                                                             1134 2765 1727


                                                           5002    5485  10487
                                                            143      141   284
                                                           5145    5626  10771
                                                           Out      In    Total
                                                               PENNY ROAD
                                                              City of High Point
                                                         Department of Transportation
Counted by: Travis Russell &                                 Summer Count Program                                            File Name        :   PENNWEND
Aaron Mullins                                                   High Point, NC                                               Site Code        :   00000037
Weather: Sunny                                                                                                               Start Date       :   6/24/2003
                                                                                                                             Page No          :   3


                         PENNY ROAD                   WENDOVER AVENUE                      PENNY ROAD                     WENDOVER AVENUE
                         Southbound                      Westbound                         Northbound                        Eastbound
                                        App.                             App.                              App.                              App.     Int.
  Start Time    Left     Thru   Right          Left     Thru   Right             Left      Thru   Right            Left    Thru   Right
                                       Total                            Total                             Total                             Total    Total
Peak Hour From 06:00   AM to 09:45 AM - Peak 1 of 1
 Intersection 07:30    AM
       Volume     43       179    11     233    109      603      32      744      86       479    286      851      11    1040     116     1167      2995
      Percent   18.5      76.8   4.7           14.7     81.0     4.3             10.1      56.3   33.6              0.9    89.1     9.9
 07:30 Volume     10        53     4      67     23      147      12      182      27       132     89      248       1     303      25       329      826
  Peak Factor                                                                                                                                        0.906
    High Int. 07:30 AM                          08:00 AM                        07:45 AM                          07:30 AM
       Volume     10       53       4      67      31    159       9      199      25    147         95     267       1    303       25       329
  Peak Factor                           0.869                           0.935                             0.797                             0.887

Peak Hour From 10:00 AM to 01:45 PM - Peak 1 of 1
 Intersection 12:30 PM
       Volume     75    202     55     332    148     738         33      919     107       240    139      486      58     736      71       865     2602
      Percent   22.6   60.8   16.6           16.1    80.3        3.6             22.0      49.4   28.6              6.7    85.1     8.2
 12:45 Volume     15     46     12      73     43     209          6      258      27        67     36      130      19     193      20       232      693
  Peak Factor                                                                                                                                        0.939
    High Int. 01:00 PM                      12:45 PM                            12:30 PM                          12:45 PM
       Volume     27     58     19     104     43     209          6      258      29        64      37     130      19    193       20       232
  Peak Factor                        0.798                              0.891                             0.935                             0.932

Peak Hour From 02:00 PM to 05:45 PM - Peak 1 of 1
 Intersection 05:00 PM
       Volume     60    519     46     625    291    1046         59    1396      128       293    148      569      49     951      83     1083      3673
      Percent    9.6   83.0    7.4           20.8    74.9        4.2             22.5      51.5   26.0              4.5    87.8     7.7
 05:15 Volume     20    184     16     220     73     278         13      364      35        86     32      153      11     233      22       266     1003
  Peak Factor                                                                                                                                        0.916
    High Int. 05:15 PM                      05:30 PM                            05:15 PM                          05:30 PM
       Volume     20    184     16     220     68     289         16      373      35        86      32     153      14    245       29       288
  Peak Factor                        0.710                              0.936                             0.930                             0.940
