                                                                           Chittenden County MPO
                                                                                   30 Kimball Ave., Suite 206
                                                                                 South Burlington, Vermont 05403
Station ID : BURL-35 12-Hour Weekday                                                 http://www.ccmpo.org                                                                      File Name          : burl35_final
Location : S. WINOOSKI AVE & MAIN ST                                                                                                                                           Site Code          : 00000035
Town : BURLINGTON ~AGGREGATE COUNT                                                                                                                                             Start Date         : 7/18/2007
Counters: Taylor, Courtney, Matt, Ryan                                                                                                                                         Page No            :1


                                                                                   Groups Printed- Autos - Trucks - Buses
                        South Winooski Ave.                               Main St. (US 2)                              South Winooski Ave.                               Main St. (US 2)
                             From North                                     From East                                       From South                                     From West
Start Time      Right   Thru     Left Bike/Peds   App. Total   Right   Thru     Left Bike/Peds App. Total    Right    Thru      Left Bike/Peds   App. Total   Right   Thru     Left Bike/Peds   App. Total   Int. Total
   07:00 AM        11     22      15          5          53       26     98      20          5       149         1        8       0          5          14        1     46        5         3          55          271
   07:15 AM        12     35      13          7          67       20     78      14          5       117         1        3       3          4          11        1     58        8         5          72          267
   07:30 AM        14     27      16          6          63       37    119      13          6       175         3        0       4        13           20        7     60      11          7          85          343
   07:45 AM        23     48      31          5         107       54    125      24        15        218         3        8       1        10           22        3     59      10          0          72          419
        Total      60    132      75        23          290     137     420      71        31        659         8       19       8        32           67       12    223      34        15          284         1300

   08:00 AM       16     34         6        5           61      42    100        20       15        177         0        5        4        7           16       4     47         5       11           67         321
   08:15 AM       13     50        18        8           89      39    105        27       11        182         2        9        2       13           26       5     49        13       11           78         375
   08:30 AM       18     62        27        8          115      49    102        23       12        186         3        7        1       12           23       7     52        16       14           89         413
   08:45 AM       23     70        32       10          135      37     81        22       14        154         7       15        2       17           41       6     69         7        8           90         420
        Total     70    216        83       31          400     167    388        92       52        699        12       36        9       49          106      22    217        41       44          324        1529

   09:00 AM       23     46        26        6          101      32     81         8        6        127         5       13        2       12           32       4     66        15       12           97         357
   09:15 AM       19     48        37       10          114      31     86        17       17        151         1        4        3       10           18       6     57         6       11           80         363
   09:30 AM       24     47        27        5          103      42     84        12       13        151         1        6        2        7           16       8     58        14       21          101         371
   09:45 AM       18     46        29       13          106      41    100        22       12        175         2       17        2       13           34       2     59        14       18           93         408
        Total     84    187       119       34          424     146    351        59       48        604         9       40        9       42          100      20    240        49       62          371        1499

   10:00 AM       30     41        39        1          111      28     88        15       11        142         2        7        4        8           21       5     60        11       16           92         366
   10:15 AM       27     54        28       12          121      33     73         9        9        124         4       13        3       11           31       8     62        20       20          110         386
   10:30 AM       20     48        39        2          109      43     71         8       19        141         6       11        0        7           24       7     60        15       16           98         372
   10:45 AM       38     53        37        3          131      42     91        16       13        162         1       10        0        7           18       2     55        20       23          100         411
        Total    115    196       143       18          472     146    323        48       52        569        13       41        7       33           94      22    237        66       75          400        1535

   11:00 AM       22     43        32        3          100      36     87        14        9        146         2        7        2        6           17       4     71        18       10          103         366
   11:15 AM       20     50        52        7          129      40     94        17        8        159         3       15        2       12           32       9     64        17       14          104         424
   11:30 AM       30     54        35        6          125      53     87        16       14        170         1       10        3        9           23       5     65        27       25          122         440
   11:45 AM       25     61        49        5          140      51     92        21       34        198         8       16        2       15           41      10     81        28       10          129         508
        Total     97    208       168       21          494     180    360        68       65        673        14       48        9       42          113      28    281        90       59          458        1738

   12:00 PM       26     58        34        4          122      49     69        21       35        174         3       15        1        8           27      16     86        11       29          142         465
   12:15 PM       25     52        37        8          122      43     84        22        7        156         2       16        3        3           24      17     81        29       33          160         462
   12:30 PM       23     57        40       12          132      66     81        18       15        180         3       13        0       16           32       9     79        20       25          133         477
   12:45 PM       18     52        38        8          116      74     92        32       13        211         7       21        0        5           33      13     82        23       32          150         510
        Total     92    219       149       32          492     232    326        93       70        721        15       65        4       32          116      55    328        83      119          585        1914

   01:00 PM       29     57        37        5          128      54     83        16        7        160         7       15        2       11           35      10     84        19       25          138         461
   01:15 PM       37     67        37        5          146      40     79         9       17        145         8       18        2       20           48      11     80        26       19          136         475
   01:30 PM       28     62        51       10          151      52     85        14        7        158         6       16        4       25           51      14     93        18       26          151         511
   01:45 PM       35     66        45        9          155      44     68        15        9        136         8       13        4       18           43      13     81        21       23          138         472
        Total    129    252       170       29          580     190    315        54       40        599        29       62       12       74          177      48    338        84       93          563        1919
                                                                             Chittenden County MPO
                                                                                    30 Kimball Ave., Suite 206
                                                                                  South Burlington, Vermont 05403
Station ID : BURL-35 12-Hour Weekday                                                  http://www.ccmpo.org                                                                      File Name          : burl35_final
Location : S. WINOOSKI AVE & MAIN ST                                                                                                                                            Site Code          : 00000035
Town : BURLINGTON ~AGGREGATE COUNT                                                                                                                                              Start Date         : 7/18/2007
Counters: Taylor, Courtney, Matt, Ryan                                                                                                                                          Page No            :2

                                                                                    Groups Printed- Autos - Trucks - Buses
                         South Winooski Ave.                               Main St. (US 2)                              South Winooski Ave.                               Main St. (US 2)
                              From North                                     From East                                       From South                                     From West
Start Time       Right   Thru     Left Bike/Peds   App. Total   Right   Thru     Left Bike/Peds App. Total    Right    Thru      Left Bike/Peds   App. Total   Right   Thru     Left Bike/Peds   App. Total   Int. Total
    02:00 PM        32     51      48        16          147       54     78      15        13        160         9       13       4        27           53       14    101      13        19          147          507
    02:15 PM        34     50      47          3         134       34     86      14        20        154         6       15       2        13           36       15     89      22        34          160          484
    02:30 PM        23     61      56        13          153       37    100      16        18        171         5       20       3          8          36        5     99      21        49          174          534
    02:45 PM        24     63      54        13          154       45     81      11        11        148         5       11       2        11           29       16    109      24        25          174          505
         Total    113     225     205        45          588     170     345      56        62        633        25       59      11        59          154       50    398      80       127          655         2030

    03:00 PM       24      72       44        8          148      44      70       16       12        142         6       10        1       18           35       2     112       25       30          169         494
    03:15 PM       33      68       63        8          172      43      97       14       24        178         8       14        0        9           31      14     107       19       26          166         547
    03:30 PM       34      68       53        3          158      51      87       10       11        159         7       19        4        6           36       5     120       25       39          189         542
    03:45 PM       34      87       63       13          197      43     115       25       19        202         4        9        1        6           20       6      93       26       43          168         587
         Total    125     295      223       32          675     181     369       65       66        681        25       52        6       39          122      27     432       95      138          692        2170

    04:00 PM       22      74       50       14          160      48      93       17       27        185        10       19        1       17           47       3     112       29       54          198         590
    04:15 PM       26      65       52        6          149      44      94       13       18        169         7       11        2       13           33       7     112       21       50          190         541
    04:30 PM       13      44       21        8           86      51      81       25       27        184         4       15        1       11           31       5     127       23       49          204         505
    04:45 PM       34      86       56       19          195      59      93       12       21        185        10       19        2       15           46       4      96       13       37          150         576
         Total     95     269      179       47          590     202     361       67       93        723        31       64        6       56          157      19     447       86      190          742        2212

    05:00 PM       29      82       55        2          168      54      80       21       11        166         4       20        3       12           39       8      97       21       35          161         534
    05:15 PM       29      80       51        5          165      61     103       21       21        206         5       25        0        6           36      16      72       25       24          137         544
    05:30 PM       28      64       56        9          157      48     109       15       25        197         6       16        0       20           42      10      85       28       33          156         552
    05:45 PM       26      69       43        5          143      47      92       17       17        173         5       26        4        7           42      12      73       23       29          137         495
         Total    112     295      205       21          633     210     384       74       74        742        20       87        7       45          159      46     327       97      121          591        2125

    06:00 PM       26      74       53        6          159      46      95       21       14        176         1       12        1       16           30       8      81       24       34          147         512
    06:15 PM       29      57       47        8          141      44      86       15       41        186         2       16        2       18           38      13      65       37       31          146         511
    06:30 PM       28      52       47        5          132      44      81       14       27        166         2       11        1        8           22       7      67       22       22          118         438
    06:45 PM       25      49       36        8          118      38      74       11       23        146         6       17        0       13           36       4      47       22       22           95         395
         Total    108     232      183       27          550     172     336       61      105        674        11       56        4       55          126      32     260      105      109          506        1856

  Grand Total    1200    2726    1902       360        6188     2133    4278      808      758       7977       212      629       92      558        1491      381    3728      910     1152        6171       21827
   Apprch %       19.4    44.1    30.7       5.8                 26.7    53.6    10.1       9.5                14.2     42.2      6.2     37.4                   6.2    60.4    14.7      18.7
      Total %      5.5    12.5     8.7       1.6        28.4      9.8    19.6      3.7      3.5       36.5         1      2.9     0.4       2.6         6.8      1.7    17.1      4.2      5.3        28.3
        Autos    1154    2628    1831       295        5908     2102    4089      793      720       7704       210      620       91      509        1430      369    3593      877     1080        5919       20961
     % Autos      96.2    96.4    96.3     81.9         95.5     98.5    95.6    98.1        95       96.6     99.1     98.6     98.9     91.2         95.9    96.9     96.4    96.4      93.8        95.9          96
      Trucks        31      30      45        65         171       31     120       15       37        203         2        8       1        49          60       12     123       32       72         239        673
    % Trucks       2.6     1.1     2.4     18.1           2.8     1.5      2.8     1.9      4.9         2.5      0.9      1.3     1.1       8.8           4      3.1      3.3     3.5      6.2          3.9        3.1
       Buses        15      68      26         0         109        0       69       0        1          70        0        1       0         0           1        0       12       1        0           13       193
    % Buses        1.2     2.5     1.4         0          1.8       0      1.6       0      0.1         0.9        0      0.2       0         0         0.1        0      0.3     0.1        0          0.2        0.9
                                                                      Chittenden County MPO
                                                                                30 Kimball Ave., Suite 206
                                                                              South Burlington, Vermont 05403
Station ID : BURL-35 12-Hour Weekday                                              http://www.ccmpo.org                                                          File Name    : burl35_final
Location : S. WINOOSKI AVE & MAIN ST                                                                                                                            Site Code    : 00000035
Town : BURLINGTON ~AGGREGATE COUNT                                                                                                                              Start Date   : 7/18/2007
Counters: Taylor, Courtney, Matt, Ryan                                                                                                                          Page No      :3

                                                                                       South Winooski Ave.
                                                                                      Out      In      Total
                                                                                      3599    5908      9507
                                                                                        71      171      242
                                                                                          2     109      111
                                                                                      3672    6188      9860


                                                                                     1154 2628    1831     295
                                                                                       31    30     45       65
                                                                                       15    68     26        0
                                                                                     1200 2726    1902     360
                                                                                    Right Thru    Left Bike/Peds

                                                  97




                                                            1
                                                         32
                                                391




                                                        910
                                                        877
                                              11253


                                              11741




                                                                                                                   Right Thru
                                               Total




                                                                                                                   2133 4278


                                                                                                                   2102 4089
                                                       Left




                                                                                                                                    5842


                                                                                                                                    5634
                                                                                                                                    Out
                                                                                                                      31




                                                                                                                                     170
                                                                                                                       0




                                                                                                                                      38



                                                                                                                                        Main St. (US 2)
                                                                                               North
                              Main St. (US 2)




                                                                         12
                                                                        123
                                                                   369 3593


                                                                   381 3728
                                                       Bike/Peds Right Thru




                                                                                                                          120
                                                                                     7/18/2007 07:00 AM
                                        13
                                       239
                                    5919


                                    6171




                                                                                                                           69
                                      In




                                                                                                                                             7977


                                                                                                                                             7704
                                                                                     7/18/2007 06:45 PM




                                                                                                                                              In
                                                                                                                                               203
                                                                                                                                                 70
                                                                     0
                                                                    12




                                                                                                                   Left Bike/Peds
                                                                                                                    808


                                                                                                                    793
                                                                                     Autos




                                                                                                                     15
                                                                                                                       0
                                                                                     Trucks
                             84
                            152
                           5334


                           5570




                                                                                                                                                       13819


                                                                                                                                                       13338
                           Out




                                                                                                                                                        Total
                                                                                     Buses
                                                              0
                                                             72

                                                          1152
                                                          1080




                                                                                                                                                         108
                                                                                                                                                         373
                                                                                                                            758


                                                                                                                            720
                                                                                                                              37
                                                                                                                               1
                                                                                     Left   Thru Right Bike/Peds
                                                                                       91     620  210     509
                                                                                          1     8    2       49
                                                                                          0     1    0        0
                                                                                       92     629  212      558


                                                                                      3790    1430      5220
                                                                                        57       60      117
                                                                                        68        1        69
                                                                                      3915    1491      5406
                                                                                      Out      In      Total
                                                                                       South Winooski Ave.
