                                                                                   Town of Cary                                                   Count Name: Aviation Pkwy at
                                                                           316 N. Academy St.                                                     Gateway Center Blvd
                                                                             P.O. Box 8005                                                        Site Code:
                                                                Cary, North Carolina, United States 27513                                         Start Date: 05/09/2012
                                                                              919.469.4030                                                        Page No: 1



                                                                     Turning Movement Data
                            Aviation Pkwy                        Lake Crabtree Park                           Aviation Pkwy                         Gateway Center Blvd
                             Southbound                                Westbound                                Northbound                                 Eastbound
Start Time                                       App.                                     App.                                     App.                                       App.     Int.
               Left   Thru      Right   U-Turn           Left   Thru     Right   U-Turn           Left   Thru     Right   U-Turn           Left     Thru     Right   U-Turn
                                                 Total                                    Total                                    Total                                      Total   Total
 6:00 AM        1      95        1          0     97      0      0         1        0      1       1     77         0         0     78      0        0        2        0       2      178
 6:15 AM        0     129        4          0    133      0      0         0        0      0       3     84         0         0     87      0        0        0        0       0      220
 6:30 AM        0     149        3          0    152      0      0         0        0      0       1     130        0         0    131      3        0        0        0       3      286
 6:45 AM        0     208        6          0    214      0      0         0        0      0       9     161        0         0    170      0        0        0        0       0      384
Hourly Total    1     581        14         0    596      0      0         1        0      1      14     452        0         0    466      3        0        2        0       5      1068
 7:00 AM        1     193        8          0    202      0      0         1        0      1       5     227        1         0    233      4        0        2        0       6      442
 7:15 AM        4     277        14         1    296      0      0         1        0      1       8     275        3         0    286      2        0        0        0       2      585
 7:30 AM        2     302        18         1    323      0      0         2        0      2      14     309        0         0    323      7        0        2        0       9      657
 7:45 AM        0     356        9          0    365      0      0         0        0      0      20     281        0         0    301      2        0        3        0       5      671
Hourly Total    7     1128       49         2    1186     0      0         4        0      4      47     1092       4         0    1143    15        0        7        0       22     2355
 8:00 AM        3     365        16         0    384      1      0         2        0      3      22     302        0         0    324      6        0        2        0       8      719
 8:15 AM        5     315        27         0    347      1      0         2        0      3      12     266        2         0    280     10        1        1        0       12     642
 8:30 AM        3     333        18         1    355      0      1         2        0      3      17     283        2         0    302     12        0        1        0       13     673
 8:45 AM        5     362        9          1    377      4      0         5        0      9      11     240        1         0    252      8        0        2        0       10     648
Hourly Total   16     1375       70         2    1463     6      1        11        0      18     62     1091       5         0    1158    36        1        6        0       43     2682
 9:00 AM        6     330        23         1    360      1      0         6        0      7      18     217        2         0    237      8        0        2        0       10     614
 9:15 AM        3     294        11         3    311      1      0         3        0      4      11     216        2         0    229      6        0        4        0       10     554
 9:30 AM        2     167        13         3    185      0      0         1        0      1       7     196        1         0    204      6        0        4        0       10     400
 9:45 AM        7     191        13         2    213      1      0         4        0      5      10     153        5         0    168     14        0        2        0       16     402
Hourly Total   18     982        60         9    1069     3      0        14        0      17     46     782       10         0    838     34        0        12       0       46     1970
 10:00 AM       2     134        4          1    141      0      0         2        0      2       4     156        0         0    160     10        0        3        0       13     316
 10:15 AM       5     122        8          2    137      3      0         7        0      10      6     170        1         0    177      7        0        5        0       12     336
 10:30 AM       3     123        6          1    133      0      1         4        0      5       3     138        3         0    144     23        0        3        0       26     308
 10:45 AM       6     126        12         1    145      0      0         4        0      4       4     133        1         0    138     17        0        5        0       22     309
Hourly Total   16     505        30         5    556      3      1        17        0      21     17     597        5         0    619     57        0        16       0       73     1269
 11:00 AM       6     119        10         0    135      2      0         3        0      5       8     177        3         0    188     16        0        7        0       23     351
 11:15 AM       4     128        12         1    145      3      0         7        0      10      2     152        2         0    156     14        0        7        0       21     332
 11:30 AM       3     132        7          1    143      1      0         5        0      6       3     186        0         0    189     30        0        16       0       46     384
 11:45 AM       6     157        8          0    171      1      0         7        0      8       5     163        7         0    175     30        0        18       0       48     402
Hourly Total   19     536        37         2    594      7      0        22        0      29     18     678       12         0    708     90        0        48       0      138     1469
 12:00 PM       5     172        14         0    191      0      0         6        0      6       9     173        4         0    186     33        1        19       0       53     436
 12:15 PM       5     147        11         1    164      1      1         2        0      4      16     171        5         0    192     27        0        14       0       41     401
 12:30 PM       6     170        11         1    188      7      0         3        0      10     11     161        2         0    174     37        0        15       0       52     424
 12:45 PM       5     174        13         1    193      6      1        11        0      18     27     139        4         0    170     26        0        15       0       41     422
Hourly Total   21     663        49         3    736     14      2        22        0      38     63     644       15         0    722     123       1        63       0      187     1683
 1:00 PM        7     158        16         1    182      4      0         7        0      11     17     177        6         0    200     24        0        17       0       41     434
 1:15 PM        6     169        10         1    186      2      1         3        0      6      17     160        1         0    178     17        0        4        0       21     391
 1:30 PM        8     131        4          0    143      8      1         4        1      14     10     166        6         0    182     20        1        6        0       27     366
 1:45 PM        3     172        8          0    183      3      1         2        0      6      11     148        1         0    160     17        3        6        0       26     375
Hourly Total   24     630        38         2    694     17      3        16        1      37     55     651       14         0    720     78        4        33       0      115     1566
 2:00 PM        6     149        7          2    164      3      1         5        0      9       7     160        1         0    168     14        2        4        0       20     361
 2:15 PM        4     168        8          1    181      3      1         6        0      10      7     165        3         0    175     21        0        5        0       26     392
 2:30 PM        6     170        16         3    195      3      0         4        0      7       5     160        1         0    166     20        0        5        0       25     393
 2:45 PM        4     179        11         0    194      3      1         3        0      7       4     166        2         0    172     19        0        5        0       24     397
Hourly Total   20     666        42         6    734     12      3        18        0      33     23     651        7         0    681     74        2        19       0       95     1543
 3:00 PM        1     165        5          0    171      5      1         2        0      8       2     187        0         0    189     30        1        4        1       36     404
 3:15 PM        1     192        4          0    197      5      0         2        0      7       6     167        1         0    174     16        0        4        0       20     398
 3:30 PM        2     176        8          1    187      1      0         2        0      3       7     224        1         0    232     28        0        4        0       32     454
 3:45 PM        2     205        3          1    211      1      0         5        0      6       3     196        1         0    200     17        0        10       0       27     444
Hourly Total    6     738        20         2    766     12      1        11        0      24     18     774        3         0    795     91        1        22       1      115     1700
 4:00 PM        4     194        8          0    206      3      0         9        0      12      3     272        2         0    277     42        1        16       0       59     554
 4:15 PM        2     214        2          1    219      0      2         3        0      5       3     250        1         0    254     33        1        6        0       40     518
 4:30 PM        1     202        6          0    209      2      0         3        0      5       3     284        1         0    288     42        0        17       0       59     561
 4:45 PM        3     279        12         0    294      0      0         4        0      4       1     312        0         0    313     54        1        23       0       78     689
Hourly Total   10     889        28         1    928      5      2        19        0      26     10     1118       4         0    1132    171       3        62       0      236     2322
 5:00 PM       10     259        8          2    279      2      0        22        0      24      0     279        0         0    279     79        14       27       0      120     702
 5:15 PM        3     215        2          1    221      0      0         8        0      8       4     305        1         0    310     74        4        27       0      105     644
 5:30 PM        3     278        3          0    284      0      1         4        0      5       2     311        1         0    314     48        0        22       0       70     673
 5:45 PM        3     341        5          0    349      0      0         8        0      8       0     298        0         0    298     34        0        18       0       52     707
Hourly Total   19     1093       18         3    1133     2      1        42        0      45      6     1193       2         0    1201    235       18       94       0      347     2726
 6:00 PM        3     315        5          0    323      0      1         3        0      4       1     243        0         0    244     37        0        3        0       40     611
 6:15 PM        2     253        8          2    265      0      0         2        0      2       0     219        0         0    219     25        0        8        0       33     519
 6:30 PM        2      234      2       0       238     0       0       1       0       1       0      182      0      0     182      31      0       4       0       35      456
 6:45 PM        0      181      0       0       181     1       0       0       0       1       0      166      0      0     166      7       0       6       0       13      361
Hourly Total    7      983      15      2      1007     1       1       6       0       8       1      810      0      0     811     100      0       21      0      121     1947
 7:00 PM        2      146      4       1       153     1       0       2       0       3       2      142      0      0     144      23      0       2       0       25      325
 7:15 PM        2      148      5       1       156     1       0       2       0       3       0      120      0      0     120      12      0       0       0       12      291
 7:30 PM        4      127      4       1       136     1       0       4       0       5       2      121      2      0     125      8       0       3       0       11      277
 7:45 PM        0      122      1       2       125     0       0       0       0       0       0       90      0      0      90      4       0       0       0       4       219
Hourly Total    8      543      14      5       570     3       0       8       0       11      4      473      2      0     479      47      0       5       0       52     1112
 8:00 PM        1       93      2       0       96      1       0       1       0       2       1       96      1      0      98      6       0       1       0       7       203
 8:15 PM        2       84      3       2       91      0       0       2       0       2       0       87      0      0      87      5       0       1       0       6       186
 8:30 PM        0       90      4       0       94      0       0       2       0       2       4       87      1      0      92      9       0       3       0       12      200
 8:45 PM        0      105      3       0       108     0       0       0       0       0       1       81      0      0      82      8       0       2       0       10      200
Hourly Total    3      372      12      2       389     1       0       5       0       6       6      351      2      0     359      28      0       7       0       35      789
 9:00 PM        0       90      0       0       90      0       0       0       0       0       0       82      0      0      82      13      0       0       0       13      185
 9:15 PM        0       96      0       0       96      0       0       0       0       0       0       70      0      0      70      3       0       2       0       5       171
 9:30 PM        0       78      1       0       79      0       0       0       0       0       0       70      0      0      70      3       0       2       0       5       154
 9:45 PM        0       75      3       0       78      0       0       0       0       0       0       58      0      0      58      2       0       1       0       3       139
Hourly Total    0      339      4       0       343     0       0       0       0       0       0      280      0      0     280      21      0       5       0       26      649
Grand Total    195     12023   500      46     12764    86      15     216      1      318     390     11637    85     0     12112   1203     30     422      1      1656    26850
Approach %      1.5    94.2     3.9     0.4      -     27.0     4.7    67.9     0.3      -      3.2    96.1     0.7    0.0     -     72.6     1.8    25.5     0.1      -       -
  Total %       0.7    44.8     1.9     0.2    47.5     0.3     0.1     0.8     0.0     1.2     1.5    43.3     0.3    0.0   45.1     4.5     0.1     1.6     0.0     6.2      -
    Car        195     12023   500      46     12764    86      15     216      1      318     390     11637    85     0     12112   1203     30     422      1      1656    26850
  % Car        100.0   100.0   100.0   100.0   100.0   100.0   100.0   100.0   100.0   100.0   100.0   100.0   100.0    -    100.0   100.0   100.0   100.0   100.0   100.0   100.0
                                                                      Town of Cary                         Count Name: Aviation Pkwy at
                                                                  316 N. Academy St.                       Gateway Center Blvd
                                                                    P.O. Box 8005                          Site Code:
                                                       Cary, North Carolina, United States 27513           Start Date: 05/09/2012
                                                                     919.469.4030                          Page No: 3




                                                                      Aviation Pkwy [N]
                                                                    Out         In          Total
                                                                   13102       12764       25866
                                                                   13102       12764       25866


                                                              500      12023          195           46
                                                              500      12023          195           46
                                                               R           T           L            U




                                                                                                         216
                                                                                                         216
                                                U




                                                                                                          R
                                                1
                                                1
Gateway Center Blvd [W]
                          Total
                                  2562
                                         2562




                                                                                                                                   Lake Crabtree Park [E]
                                                                                                               311
                                                                                                                     311
                                                                                                                           Out
                                                1203
                                                1203




                                                                                                         15
                                                                                                         15
                                                                                                         T
                                                 L
                                  1656
                                         1656




                                                                05/09/2012 6:00 AM




                                                                                                               318
                                                                                                                     318
                          In




                                                                                                                           In
                                                                Ending At
                                                                05/09/2012 10:00 PM
                                                30
                                                30




                                                                                                         86
                                                                                                         86
                                                T




                                                                                                          L
                                                                Car




                                                                                                                           Total
                                  906
                                         906




                                                                                                               629
                                                                                                                     629
                          Out




                                                422
                                                422
                                                 R




                                                                                                         U
                                                                                                         1
                                                                                                         1




                                                               U           L           T            R
                                                               0          390        11637          85
                                                               0          390        11637          85


                                                                   12531       12112       24643
                                                                   12531       12112       24643
                                                                    Out         In          Total
                                                                      Aviation Pkwy [S]


                                                       Turning Movement Data Plot
                                                                                   Town of Cary                                                     Count Name: Aviation Pkwy at
                                                                          316 N. Academy St.                                                        Gateway Center Blvd
                                                                            P.O. Box 8005                                                           Site Code:
                                                               Cary, North Carolina, United States 27513                                            Start Date: 05/09/2012
                                                                             919.469.4030                                                           Page No: 4




                                               Turning Movement Peak Hour Data (7:45 AM)
                        Aviation Pkwy                           Lake Crabtree Park                            Aviation Pkwy                           Gateway Center Blvd
                            Southbound                                 Westbound                                  Northbound                                  Eastbound
Start Time                                     App.                                        App.                                      App.                                         App.     Int.
             Left    Thru     Right   U-Turn           Left    Thru      Right   U-Turn            Left    Thru     Right   U-Turn           Left     Thru      Right   U-Turn
                                               Total                                       Total                                     Total                                        Total   Total
 7:45 AM      0      356        9        0     365      0       0          0        0       0       20     281        0        0     301      2        0         3         0       5      671
 8:00 AM      3      365       16        0     384      1       0          2        0       3       22     302        0        0     324      6        0         2         0       8      719
 8:15 AM      5      315       27        0     347      1       0          2        0       3       12     266        2        0     280      10       1         1         0       12     642
 8:30 AM      3      333       18        1     355      0       1          2        0       3       17     283        2        0     302      12       0         1         0       13     673
  Total       11     1369      70        1     1451     2       1          6        0       9       71     1132       4        0     1207     30       1         7         0       38     2705
Approach %    0.8    94.3      4.8       0.1     -     22.2    11.1      66.7       0.0      -      5.9    93.8      0.3       0.0     -     78.9      2.6      18.4       0.0      -       -
 Total %      0.4    50.6      2.6       0.0   53.6     0.1     0.0       0.2       0.0     0.3     2.6    41.8      0.1       0.0   44.6     1.1      0.0       0.3       0.0     1.4      -
   PHF       0.550   0.938    0.648   0.250    0.945   0.500   0.250     0.750     0.000   0.750   0.807   0.937    0.500   0.000    0.931   0.625    0.250     0.583     0.000   0.731   0.941
   Car        11     1369      70        1     1451     2       1          6        0       9       71     1132       4        0     1207     30       1         7         0       38     2705
  % Car      100.0   100.0    100.0   100.0    100.0   100.0   100.0     100.0       -     100.0   100.0   100.0    100.0       -    100.0   100.0    100.0     100.0       -     100.0   100.0
                                                                      Town of Cary                      Count Name: Aviation Pkwy at
                                                                  316 N. Academy St.                    Gateway Center Blvd
                                                                    P.O. Box 8005                       Site Code:
                                                       Cary, North Carolina, United States 27513        Start Date: 05/09/2012
                                                                     919.469.4030                       Page No: 5




                                                                      Aviation Pkwy [N]
                                                                    Out          In         Total
                                                                    1169        1451        2620
                                                                    1169        1451        2620


                                                               70         1369         11           1
                                                               70         1369         11           1
                                                               R           T           L            U
                                              U




                                                                                                        R
                                              0
                                              0




                                                                                                        6
                                                                                                        6
                                                             Peak Hour Data
Gateway Center Blvd [W]
                          Total




                                                                                                                              Lake Crabtree Park [E]
                                  180
                                        180




                                                                                                                      Out
                                                                                                            16
                                                                                                                 16
                                              30
                                              30




                                                                                                        T
                                               L




                                                                                                        1
                                                                                                        1
                                                                05/09/2012 7:45 AM
                                  38
                                        38
                          In




                                                                                                                      In
                                                                                                            9
                                                                                                                 9
                                                                Ending At
                                                                05/09/2012 8:45 AM
                                              T
                                              1
                                              1




                                                                                                        L
                                                                                                        2
                                                                                                        2
                                                                Car




                                                                                                                      Total
                                  142
                                        142
                          Out




                                                                                                            25
                                                                                                                 25
                                              R




                                                                                                        U
                                              7
                                              7




                                                                                                        0
                                                                                                        0




                                                               U           L           T            R
                                                               0           71         1132          4
                                                               0           71         1132          4


                                                                    1378        1207        2585
                                                                    1378        1207        2585
                                                                    Out          In         Total
                                                                      Aviation Pkwy [S]


                                              Turning Movement Peak Hour Data Plot (7:45 AM)
                                                                                   Town of Cary                                                     Count Name: Aviation Pkwy at
                                                                          316 N. Academy St.                                                        Gateway Center Blvd
                                                                            P.O. Box 8005                                                           Site Code:
                                                               Cary, North Carolina, United States 27513                                            Start Date: 05/09/2012
                                                                             919.469.4030                                                           Page No: 6




                                               Turning Movement Peak Hour Data (5:00 PM)
                        Aviation Pkwy                           Lake Crabtree Park                            Aviation Pkwy                           Gateway Center Blvd
                            Southbound                                 Westbound                                  Northbound                                  Eastbound
Start Time                                     App.                                        App.                                      App.                                         App.     Int.
             Left    Thru     Right   U-Turn           Left    Thru      Right   U-Turn            Left    Thru     Right   U-Turn           Left     Thru      Right   U-Turn
                                               Total                                       Total                                     Total                                        Total   Total
 5:00 PM      10     259        8        2     279      2       0         22        0       24      0      279        0        0     279      79       14        27        0      120     702
 5:15 PM      3      215        2        1     221      0       0          8        0       8       4      305        1        0     310      74       4         27        0      105     644
 5:30 PM      3      278        3        0     284      0       1          4        0       5       2      311        1        0     314      48       0         22        0       70     673
 5:45 PM      3      341        5        0     349      0       0          8        0       8       0      298        0        0     298      34       0         18        0       52     707
  Total       19     1093      18        3     1133     2       1         42        0       45      6      1193       2        0     1201    235       18        94        0      347     2726
Approach %    1.7    96.5      1.6       0.3     -      4.4     2.2      93.3       0.0      -      0.5    99.3      0.2       0.0     -     67.7      5.2      27.1       0.0      -       -
 Total %      0.7    40.1      0.7       0.1   41.6     0.1     0.0       1.5       0.0     1.7     0.2    43.8      0.1       0.0   44.1     8.6      0.7       3.4       0.0    12.7      -
   PHF       0.475   0.801    0.563   0.375    0.812   0.250   0.250     0.477     0.000   0.469   0.375   0.959    0.500   0.000    0.956   0.744    0.321     0.870     0.000   0.723   0.964
   Car        19     1093      18        3     1133     2       1         42        0       45      6      1193       2        0     1201    235       18        94        0      347     2726
  % Car      100.0   100.0    100.0   100.0    100.0   100.0   100.0     100.0       -     100.0   100.0   100.0    100.0       -    100.0   100.0    100.0     100.0       -     100.0   100.0
                                                                       Town of Cary                      Count Name: Aviation Pkwy at
                                                                   316 N. Academy St.                    Gateway Center Blvd
                                                                     P.O. Box 8005                       Site Code:
                                                        Cary, North Carolina, United States 27513        Start Date: 05/09/2012
                                                                      919.469.4030                       Page No: 7




                                                                       Aviation Pkwy [N]
                                                                     Out          In        Total
                                                                     1473       1133        2606
                                                                     1473       1133        2606


                                                                18         1093        19           3
                                                                18         1093        19           3
                                                                R           T           L           U




                                                                                                        42
                                                                                                        42
                                              U




                                                                                                        R
                                              0
                                              0




                                                              Peak Hour Data
Gateway Center Blvd [W]
                          Total




                                                                                                                               Lake Crabtree Park [E]
                                  372
                                        372




                                                                                                                       Out
                                                                                                             39
                                                                                                                  39
                                              235
                                              235




                                                                                                        T
                                               L




                                                                                                        1
                                                                                                        1
                                                                 05/09/2012 5:00 PM
                                  347
                                        347




                                                                                                             45
                                                                                                                  45
                          In




                                                                                                                       In
                                                                 Ending At
                                                                 05/09/2012 6:00 PM
                                              18
                                              18
                                              T




                                                                                                        L
                                                                                                        2
                                                                                                        2
                                                                 Car




                                                                                                                       Total
                          Out
                                  25
                                        25




                                                                                                             84
                                                                                                                  84
                                              94
                                              94
                                              R




                                                                                                        U
                                                                                                        0
                                                                                                        0




                                                                U           L           T           R
                                                                0           6          1193         2
                                                                0           6          1193         2


                                                                     1189       1201        2390
                                                                     1189       1201        2390
                                                                     Out          In        Total
                                                                       Aviation Pkwy [S]


                                               Turning Movement Peak Hour Data Plot (5:00 PM)
            Town of Cary                    Count Name: Aviation Pkwy at
           316 N. Academy St.               Gateway Center Blvd
             P.O. Box 8005                  Site Code:
Cary, North Carolina, United States 27513   Start Date: 05/09/2012
              919.469.4030                  Page No: 8
