                                                                                                              Town of Cary                                                        Count Name: Carpenter Fire Station Rd at
Day light savings: Shift all times down by 1 hour                                                       316 N. Academy St.                                                        Cameron Pond Dr
                                                                                                          P.O. Box 8005                                                           Site Code:
                                                                                             Cary, North Carolina, United States 27513                                            Start Date: 11/02/2011
                                                                                                           919.469.4030                                                           Page No: 1



                                                                                                Turning Movement Data
                                 Cameron Pond Dr                                 Carpenter Fire Station Rd                                Cameron Pond Dr                                   Carpenter Fire Station Rd
                                    Southbound                                         Westbound                                            Northbound                                             Eastbound
   Start Time                                              App.                                                     App.                                           App.                                                        App.
                  Left    Thru    Right   U-Turn    Peds           Left   Thru       Right     U-Turn        Peds           Left   Thru   Right    U-Turn   Peds           Left      Thru       Right     U-Turn        Peds           Int. Total
                                                           Total                                                    Total                                          Total                                                       Total
    6:00 AM        0       0        0       0        0      0       0      0           0          0           0      0       0      0       0        0       0      0       0         0           0          0           0      0          0
    6:15 AM        0       0        0       0        0      0       0      0           0          0           0      0       0      0       0        0       0      0       0         0           0          0           0      0          0
    6:30 AM        0       0        0       0        0      0       0      0           0          0           0      0       0      0       0        0       0      0       0         0           0          0           0      0          0
    6:45 AM        0       0        0       0        0      0       0      0           0          0           0      0       0      0       0        0       0      0       0         0           0          0           0      0          0
  Hourly Total     0       0        0       0        0      0       0      0           0          0           0      0       0      0       0        0       0      0       0         0           0          0           0      0          0
    7:00 AM        1       0        0       0        0      1       0     10           0          0           0      10      1      0       2        0       0      3       0         20          0          0           0      20        34
    7:15 AM        0       0        0       0        0      0       0     15           0          0           0      15      3      0       2        0       0      5       0         33          2          0           0      35        55
    7:30 AM        6       0        3       0        0      9       2     23           3          0           0      28      1      0       1        0       0      2       0         42          0          0           0      42        81
    7:45 AM        1       0        1       0        0      2      11     38           2          1           0      52      2      0       4        0       0      6       1         77          1          0           0      79       139
  Hourly Total     8       0        4       0        0      12     13     86           5          1           0     105      7      0       9        0       0      16      1        172          3          0           0     176       309
    8:00 AM        3       0        6       0        0      9       8     41           0          0           0      49      7      0       7        0       1      14      3         71          3          0           0      77       149
    8:15 AM        8       0        8       0        0      16      0     42           2          0           0      44      1      0       8        0       0      9       2         92          2          0           0      96       165
    8:30 AM        8       0        5       0        0      13     11     65           2          1           0      79      8      0       11       0       1      19      1        136          3          0           0     140       251
    8:45 AM        6       0        1       0        0      7       7     76           0          0           0      83      9      0       8        0       0      17      0        120          6          0           0     126       233
  Hourly Total     25      0       20       0        0      45     26     224          4          1           0     255     25      0       34       0       2      59      6        419          14         0           0     439       798
    9:00 AM        8       0        5       0        0      13      7     60           0          0           0      67      3      0       8        0       0      11      1        127          7          0           0     135       226
    9:15 AM        9       0        1       0        0      10      8     61           1          0           0      70      5      1       10       1       0      17      0        125          1          0           0     126       223
    9:30 AM        4       2        3       0        0      9       4     55           5          1           0      65      6      1       9        0       0      16      2        131          5          0           0     138       228
    9:45 AM        6       0        2       0        1      8       8     73           4          0           0      85      8      0       14       0       0      22      0        154          7          0           0     161       276
  Hourly Total     27      2       11       0        1      40     27     249          10         1           0     287     22      2       41       1       0      66      3        537          20         0           0     560       953
   10:00 AM        4       1        2       0        0      7      13     74           3          0           0      90      4      0       8        0       0      12      1        106          5          0           1     112       221
   10:15 AM        4       0        1       0        0      5       3     67           4          1           0      75      2      1       5        0       0      8       1         93          3          0           1      97       185
   10:30 AM        4       0        2       0        0      6       6     57           2          0           0      65      1      1       8        0       1      10      0         74          2          0           2      76       157
   10:45 AM        4       0        2       0        0      6       7     51           3          0           0      61      2      0       6        0       0      8       3         97          1          0           2     101       176
  Hourly Total     16      1        7       0        0      24     29     249          12         1           0     291      9      2       27       0       1      38      5        370          11         0           6     386       739
   11:00 AM        2       0        1       0        0      3       8     63           3          0           0      74      0      0       3        0       0      3       0         85          2          0           0      87       167
   11:15 AM        3       0        1       0        0      4       1     53           1          0           0      55      3      0       5        0       0      8       0         68          3          0           0      71       138
   11:30 AM        5       0        0       0        0      5       6     66           2          0           0      74      4      0       2        0       0      6       1         73          1          0           0      75       160
   11:45 AM        1       0        0       0        0      1       4     70           3          0           0      77      2      0       3        0       0      5       0         67          1          0           0      68       151
  Hourly Total     11      0        2       0        0      13     19     252          9          0           0     280      9      0       13       0       0      22      1        293          7          0           0     301       616
   12:00 PM        5       0        3       0        2      8       7     53           2          0           0      62      3      1       8        1       0      13      1         66          3          0           0      70       153
   12:15 PM        2       0        3       0        2      5       8     68           0          1           0      77      4      1       4        0       0      9       2         78          1          0           0      81       172
   12:30 PM        2       0        2       0        0      4       6     73           2          0           0      81      5      0       8        0       0      13      1         67          3          0           0      71       169
   12:45 PM        6       0        2       0        0      8       7     66           2          2           0      77      2      1       7        0       0      10      0         71          1          0           0      72       167
  Hourly Total     15      0       10       0        4      25     28     260          6          3           0     297     14      3       27       1       0      45      4        282          8          0           0     294       661
    1:00 PM        0       1        4       0        0      5       5     88           4          1           0      98      2      0       7        0       0      9       4         89          1          0           0      94       206
    1:15 PM        0       0        0       0        0      0       8     79           4          0           0      91      4      0       5        0       1      9       0         72          8          0           0      80       180
 1:30 PM        0     1      0     0     0    1     7     74     2    1     0   84      3     0     10     0     0   13    1     74      4    1     0    80     178
 1:45 PM        5     0      1     0     0    6     5     72     2    1     0   80      1     0      3     0     0   4     2     77      3    0     0    82     172
Hourly Total    5     2      5     0     0   12    25    313    12    3     0   353    10     0     25     0     1   35    7     312    16    1     0   336     736
 2:00 PM        2     0      2     0     0    4    12     75     1    0     0   88      4     1      5     0     0   10    0     65      6    0     0    71     173
 2:15 PM        2     0      2     0     0    4    10     66     5    0     0   81      4     0      7     0     0   11    1     63      2    0     0    66     162
 2:30 PM        2     0      1     0     0    3     7     64     7    0     0   78      1     0      2     0     0   3     0     61      3    0     0    64     148
 2:45 PM        2     0      0     0     0    2     8     70     5    1     0   84      2     0      3     0     0   5     1     68      2    0     0    71     162
Hourly Total    8     0      5     0     0   13    37    275    18    1     0   331    11     1     17     0     0   29    2     257    13    0     0   272     645
 3:00 PM        4     0      1     0     0    5     6     62     2    1     0   71      2     0      3     0     2   5     1     59      1    0     0    61     142
 3:15 PM        3     0      0     0     0    3     5     73     1    0     0   79      3     0     10     0     0   13    0     68      1    0     0    69     164
 3:30 PM        2     1      3     0     0    6    10     61     1    0     0   72      3     0      2     0     0   5     7     79      7    0     0    93     176
 3:45 PM        1     0      4     0     0    5     4     73     4    3     0   84      2     0      1     0     0   3     4     66      3    0     0    73     165
Hourly Total   10     1      8     0     0   19    25    269     8    4     0   306    10     0     16     0     2   26    12    272    12    0     0   296     647
 4:00 PM        3     0      1     0     0    4     9     88     2    1     0   100     3     0      2     0     0   5     4     90      3    0     0    97     206
 4:15 PM        7     1      0     0     0    8    10     87     0    5     0   102     6     0      6     0     0   12    4     85      2    0     0    91     213
 4:30 PM        3     0      1     0     0    4     7     99     4    0     0   110     6     0      4     0     0   10    2     59      5    0     0    66     190
 4:45 PM        1     0      3     0     0    4     7    106     4    0     0   117     1     0      8     0     0   9     1     90     11    0     0   102     232
Hourly Total   14     1      5     0     0   20    33    380    10    6     0   429    16     0     20     0     0   36    11    324    21    0     0   356     841
 5:00 PM        1     0      1     0     0    2     5     92     5    0     0   102     8     0      1     0     0   9     3     86      3    0     0    92     205
 5:15 PM        6     0      1     0     0    7     4    100     6    2     0   112     4     0      9     0     0   13    4     62      3    0     0    69     201
 5:30 PM        1     0      1     0     0    2     8    103     6    0     0   117     3     0      5     0     0   8     2     92      9    0     0   103     230
 5:45 PM        1     0      0     0     0    1    10    102     0    0     0   112     4     0      6     0     0   10    1     80      3    0     0    84     207
Hourly Total    9     0      3     0     0   12    27    397    17    2     0   443    19     0     21     0     0   40    10    320    18    0     0   348     843
 6:00 PM        2     0      1     0     0    3     6    101     4    2     0   113     5     0      5     0     0   10    5     81      8    0     0    94     220
 6:15 PM        1     0      1     0     0    2     7    117     4    1     0   129     7     1      4     0     0   12    3     93     10    0     0   106     249
 6:30 PM        3     0      5     0     0    8    12    113     8    1     0   134     8     0      4     0     0   12    6     100     7    0     0   113     267
 6:45 PM        1     0      7     0     0    8    10    132     4    0     0   146     2     2     16     0     0   20    10    109     9    1     0   129     303
Hourly Total    7     0     14     0     0   21    35    463    20    4     0   522    22     3     29     0     0   54    24    383    34    1     0   442    1039
 7:00 PM        4     0      3     0     1    7     9    125     4    1     0   139     2     0      4     0     0   6     4     95      7    0     0   106     258
 7:15 PM        4     0      1     0     0    5     9    143     8    1     0   161     4     0      1     0     0   5     3     84      5    0     0    92     263
 7:30 PM        5     0      0     0     0    5     9    109     7    1     0   126     6     0      8     0     0   14    3     111     3    0     0   117     262
 7:45 PM        1     0      3     0     0    4     7    110     5    1     0   123     3     0     11     0     0   14    2     90      2    0     0    94     235
Hourly Total   14     0      7     0     1   21    34    487    24    4     0   549    15     0     24     0     0   39    12    380    17    0     0   409    1018
 8:00 PM        6     0      3     0     0    9     7    116     7    0     0   130     2     0      2     0     0   4     1     82      1    0     0    84     227
 8:15 PM        0     0      1     0     0    1     4     87     5    1     0   97      0     0      0     0     0   0     4     55      3    0     0    62     160
 8:30 PM        0     0      0     0     0    0     7     87     3    3     0   100     5     0     10     0     0   15    3     45      2    0     0    50     165
 8:45 PM        2     0      2     0     0    4     4     90     3    1     0   98      3     0      1     0     0   4     5     31      3    0     0    39     145
Hourly Total    8     0      6     0     0   14    22    380    18    5     0   425    10     0     13     0     0   23    13    213     9    0     0   235     697
 9:00 PM        1     0      2     0     0    3    10     63     4    0     0   77      1     0      0     0     0   1     2     34      6    0     0    42     123
 9:15 PM        2     0      1     0     0    3     3     86     1    0     0   90      1     0      0     0     0   1     0     45      2    0     0    47     141
 9:30 PM        0     0      0     0     0    0     8     66     2    1     0   77      2     0      0     0     0   2     0     28      2    0     0    30     109
 9:45 PM        1     0      3     0     0    4     2     47     2    0     0   51      1     0      0     0     0   1     2     31      6    0     0    39     95
Hourly Total    4     0      6     0     0   10    23    262     9    1     0   295     5     0      0     0     0   5     4     138    16    0     0   158     468
 10:00 PM       2     0      1     0     0    3     3     44     2    1     0   50      3     0      0     0     0   3     1     19      1    0     0    21     77
 10:15 PM       0     0      0     0     0    0     5     62     3    0     0   70      0     0      0     0     0   0     1     23      4    0     0    28     98
 10:30 PM       0     0      0     0     0    0     5     46     1    0     0   52      0     0      1     0     0   1     1     16      0    0     0    17     70
 10:45 PM       1     0      0     0     0    1     1     32     1    1     0   35      0     0      0     0     0   0     0     20      0    0     0    20     56
Hourly Total    3     0      1     0     0    4    14    184     7    2     0   207     3     0      1     0     0   4     3     78      5    0     0    86     301
Grand Total    184    7     114    0     6   305   417   4730   189   39    0   5375   207    11    317    2     6   537   118   4750   224   2     6   5094   11311
Approach %     60.3   2.3   37.4   0.0   -    -    7.8   88.0   3.5   0.7   -    -     38.5   2.0   59.0   0.4   -    -    2.3   93.2   4.4   0.0   -    -       -
  Total %      1.6    0.1   1.0    0.0   -   2.7   3.7   41.8   1.7   0.3   -   47.5   1.8    0.1   2.8    0.0   -   4.7   1.0   42.0   2.0   0.0   -   45.0     -
    Car        184    7     114    0     -   305   417   4730   189   39    -   5375   207    11    317    2     -   537   118   4750   224   2     -   5094   11311
% Car   100.0   100.0   100.0   -     -     100.0   100.0   100.0   100.0   100.0   -   100.0   100.0   100.0   100.0   100.0     -     100.0   100.0   100.0   100.0   100.0     -     100.0   100.0
Ped       -       -       -     -    6        -       -       -       -       -     0     -       -       -       -       -      6        -       -       -       -       -      6        -       -
% Ped     -       -       -     -   100.0     -       -       -       -       -     -     -       -       -       -       -     100.0     -       -       -       -       -     100.0     -       -
                                                                                                                                  Town of Cary                                                                                           Count Name: Carpenter Fire Station Rd at
Day light savings: Shift all times down by 1 hour                                                                               316 N. Academy St.                                                                                       Cameron Pond Dr
                                                                                                                                  P.O. Box 8005                                                                                          Site Code:
                                                                                                                     Cary, North Carolina, United States 27513                                                                           Start Date: 11/02/2011
                                                                                                                                   919.469.4030                                                                                          Page No: 4




                                                                                                                                    Cameron Pond Dr [N]
                                                                                                                                   Out      In     Total
                                                                                                                                   318     305         623
                                                                                                                                       0     0         0
                                                                                                                                   318     305         623


                                                                                                                           114         7   184         0     0
                                                                                                                            0          0     0         0     6
                                                                                                                           114         7   184         0     6
                                                                                                                            R          T     L         U     P




                                                                                                                                                                 189


                                                                                                                                                                        189
                                                                                                              U




                                                                                                                                                                  R
                                                                                                              2
                                                                                                              0
                                                                                                              2




                                                                                                                                                                  0
                                                    Carpenter Fire Station Rd [




                                                                                                                                                                                                           Carpenter Fire Station Rd [
                                                                                          10147


                                                                                                      10147
                                                                                  Total




                                                                                                                                                                 4730


                                                                                                                                                                        4730


                                                                                                                                                                               5290


                                                                                                                                                                                           5290
                                                                                                              118


                                                                                                              118




                                                                                                                                                                                                   Out
                                                                                                                                                                  T
                                                                                                  0




                                                                                                               0


                                                                                                               L




                                                                                                                                                                  0




                                                                                                                                                                                       0
                                                                                          5094


                                                                                                      5094


                                                                                                              4750


                                                                                                              4750




                                                                                                                                                                               5375


                                                                                                                                                                                           5375
                                                                                                                                 11/02/2011 6:00 AM




                                                                                                                                                                 417


                                                                                                                                                                        417
                                                                                  In




                                                                                                                                                                                                   In
                                                                                                               T
                                                                                                  0




                                                                                                               0




                                                                                                                                                                  L

                                                                                                                                                                  0




                                                                                                                                                                                       0
                                                                                                                                 Ending At
                                                                                                                                 11/02/2011 11:00 PM




                                                                                                                                                                               10665


                                                                                                                                                                                           10665
                                                                                                                                 Car
                                                                                          5053


                                                                                                      5053




                                                                                                                                                                                                   Total
                                                                                                              224


                                                                                                              224
                                                                                  Out




                                                                                                                                                                 39


                                                                                                                                                                        39
                                                                                                               R




                                                                                                                                                                 U
                                                                                                  0




                                                                                                               0




                                                                                                                                                                  0




                                                                                                                                                                                       0
                                                                                                                                 Ped
                                                                                                              P




                                                                                                                                                                 P
                                                                                                              0
                                                                                                              6
                                                                                                              6




                                                                                                                                                                 0
                                                                                                                                                                 0
                                                                                                                                                                        0
                                                                                                                            U          L    T          R     P
                                                                                                                            2      207      11         317   0
                                                                                                                            0          0     0         0     6
                                                                                                                            2      207      11         317   6


                                                                                                                                   650     537     1187
                                                                                                                                       0     0         0
                                                                                                                                   650     537     1187
                                                                                                                                   Out      In     Total
                                                                                                                                    Cameron Pond Dr [S]



                                                                                                                     Turning Movement Data Plot
                                                                                                                 Town of Cary                                                           Count Name: Carpenter Fire Station Rd at
Day light savings: Shift all times down by 1 hour                                                          316 N. Academy St.                                                           Cameron Pond Dr
                                                                                                             P.O. Box 8005                                                              Site Code:
                                                                                                Cary, North Carolina, United States 27513                                               Start Date: 11/02/2011
                                                                                                              919.469.4030                                                              Page No: 5




                                                                            Turning Movement Peak Hour Data (6:30 PM)
                                  Cameron Pond Dr                                   Carpenter Fire Station Rd                                  Cameron Pond Dr                                     Carpenter Fire Station Rd
                                    Southbound                                            Westbound                                              Northbound                                               Eastbound
   Start Time                                               App.                                                       App.                                             App.                                                          App.
                  Left    Thru    Right    U-Turn   Peds            Left    Thru        Right     U-Turn        Peds           Left    Thru    Right    U-Turn   Peds           Left       Thru        Right     U-Turn        Peds           Int. Total
                                                            Total                                                      Total                                            Total                                                         Total
    6:30 PM        3       0        5        0       0       8       12     113           8          1           0     134      8       0        4        0       0      12      6         100           7          0           0     113       267
    6:45 PM        1       0        7        0       0       8       10     132           4          0           0     146      2       2        16       0       0      20      10        109           9          1           0     129       303
    7:00 PM        4       0        3        0       1       7       9      125           4          1           0     139      2       0        4        0       0      6       4          95           7          0           0     106       258
    7:15 PM        4       0        1        0       0       5       9      143           8          1           0     161      4       0        1        0       0      5       3          84           5          0           0      92       263
     Total         12      0        16       0       1       28      40     513           24         3           0     580      16      2        25       0       0      43      23        388           28         1           0     440       1091
  Approach %      42.9     0.0     57.1     0.0       -       -      6.9    88.4         4.1        0.5          -       -     37.2     4.7     58.1     0.0      -       -      5.2       88.2         6.4        0.2          -       -         -
    Total %       1.1      0.0     1.5      0.0       -      2.6     3.7    47.0         2.2        0.3          -     53.2     1.5     0.2     2.3      0.0      -      3.9     2.1       35.6         2.6        0.1          -     40.3        -
     PHF         0.750    0.000   0.571    0.000      -     0.875   0.833   0.897       0.750      0.750         -     0.901   0.500   0.250   0.391    0.000     -     0.538   0.575      0.890       0.778     0.250          -     0.853    0.900
      Car          12      0        16       0        -      28      40     513           24         3           -     580      16      2        25       0       -      43      23        388           28         1           -     440       1091
     % Car       100.0      -     100.0      -        -     100.0   100.0   100.0       100.0      100.0         -     100.0   100.0   100.0   100.0      -       -     100.0   100.0      100.0       100.0     100.0          -     100.0    100.0
      Ped          -        -       -        -       1        -       -       -           -          -           0       -       -       -       -        -       0       -       -          -           -          -           0       -         -
     % Ped         -        -       -        -      100.0     -       -       -           -          -           -       -       -       -       -        -       -       -       -          -           -          -           -       -         -
                                                                                                                             Town of Cary                                                                                        Count Name: Carpenter Fire Station Rd at
Day light savings: Shift all times down by 1 hour                                                                          316 N. Academy St.                                                                                    Cameron Pond Dr
                                                                                                                             P.O. Box 8005                                                                                       Site Code:
                                                                                                                Cary, North Carolina, United States 27513                                                                        Start Date: 11/02/2011
                                                                                                                              919.469.4030                                                                                       Page No: 6




                                                                                                                               Cameron Pond Dr [N]
                                                                                                                              Out      In        Total
                                                                                                                               49      28         77
                                                                                                                                  0     0         0
                                                                                                                               49      28         77


                                                                                                                       16         0    12         0      0
                                                                                                                       0          0     0         0      1
                                                                                                                       16         0    12         0      1
                                                                                                                       R          T     L         U      P




                                                                                                                                                             24


                                                                                                                                                                   24
                                                                                                          U




                                                                                                                                                             R
                                                                                                          1
                                                                                                          0
                                                                                                          1




                                                                                                                                                              0
                                                                                                                           Peak Hour Data
                                                    Carpenter Fire Station Rd [




                                                                                                                                                                                                   Carpenter Fire Station Rd [
                                                                                  Total
                                                                                          986


                                                                                                    986




                                                                                                                                                             513


                                                                                                                                                                   513


                                                                                                                                                                         428


                                                                                                                                                                                    428
                                                                                                                                                                                           Out
                                                                                                          23


                                                                                                          23




                                                                                                                                                              T
                                                                                                0




                                                                                                           0


                                                                                                           L




                                                                                                                                                              0




                                                                                                                                                                                0
                                                                                                                            11/02/2011 6:30 PM
                                                                                          440


                                                                                                    440


                                                                                                          388


                                                                                                          388




                                                                                                                                                                         580


                                                                                                                                                                                    580
                                                                                                                                                             40


                                                                                                                                                                   40
                                                                                  In




                                                                                                                                                                                           In
                                                                                                           T
                                                                                                0




                                                                                                           0




                                                                                                                                                              L

                                                                                                                                                              0




                                                                                                                                                                                0
                                                                                                                            Ending At
                                                                                                                            11/02/2011 7:30 PM

                                                                                                                            Car




                                                                                                                                                                         1008


                                                                                                                                                                                    1008
                                                                                                                                                                                           Total
                                                                                          546


                                                                                                    546
                                                                                  Out




                                                                                                          28


                                                                                                          28
                                                                                                          R




                                                                                                                                                             U
                                                                                                0




                                                                                                           0




                                                                                                                                                             3
                                                                                                                                                             0
                                                                                                                                                                   3



                                                                                                                                                                                0
                                                                                                                            Ped
                                                                                                          P




                                                                                                                                                             P
                                                                                                          0
                                                                                                          0
                                                                                                          0




                                                                                                                                                             0
                                                                                                                                                             0
                                                                                                                                                                   0
                                                                                                                       U          L     T         R      P
                                                                                                                       0       16       2         25     0
                                                                                                                       0          0     0         0      0
                                                                                                                       0       16       2         25     0


                                                                                                                               68      43        111
                                                                                                                                  0     0         0
                                                                                                                               68      43        111
                                                                                                                              Out      In        Total
                                                                                                                               Cameron Pond Dr [S]



                                                                                                    Turning Movement Peak Hour Data Plot (6:30 PM)
                                                                                                                 Town of Cary                                                           Count Name: Carpenter Fire Station Rd at
Day light savings: Shift all times down by 1 hour                                                          316 N. Academy St.                                                           Cameron Pond Dr
                                                                                                             P.O. Box 8005                                                              Site Code:
                                                                                                Cary, North Carolina, United States 27513                                               Start Date: 11/02/2011
                                                                                                              919.469.4030                                                              Page No: 7




                                                                            Turning Movement Peak Hour Data (9:00 AM)
                                  Cameron Pond Dr                                   Carpenter Fire Station Rd                                  Cameron Pond Dr                                     Carpenter Fire Station Rd
                                    Southbound                                            Westbound                                              Northbound                                               Eastbound
   Start Time                                               App.                                                       App.                                             App.                                                          App.
                  Left    Thru    Right    U-Turn   Peds            Left    Thru        Right     U-Turn        Peds           Left    Thru    Right    U-Turn   Peds           Left       Thru        Right     U-Turn        Peds           Int. Total
                                                            Total                                                      Total                                            Total                                                         Total
    9:00 AM        8       0        5        0       0       13      7       60           0          0           0      67      3       0        8        0       0      11      1         127           7          0           0     135       226
    9:15 AM        9       0        1        0       0       10      8       61           1          0           0      70      5       1        10       1       0      17      0         125           1          0           0     126       223
    9:30 AM        4       2        3        0       0       9       4       55           5          1           0      65      6       1        9        0       0      16      2         131           5          0           0     138       228
    9:45 AM        6       0        2        0       1       8       8       73           4          0           0      85      8       0        14       0       0      22      0         154           7          0           0     161       276
     Total         27      2        11       0       1       40      27     249           10         1           0     287      22      2        41       1       0      66      3         537           20         0           0     560       953
  Approach %      67.5     5.0     27.5     0.0       -       -      9.4    86.8         3.5        0.3          -       -     33.3     3.0     62.1     1.5      -       -      0.5       95.9         3.6        0.0          -       -         -
    Total %       2.8      0.2     1.2      0.0       -      4.2     2.8    26.1         1.0        0.1          -     30.1     2.3     0.2     4.3      0.1      -      6.9     0.3       56.3         2.1        0.0          -     58.8        -
     PHF         0.750    0.250   0.550    0.000      -     0.769   0.844   0.853       0.500      0.250         -     0.844   0.688   0.500   0.732    0.250     -     0.750   0.375      0.872       0.714     0.000          -     0.870    0.863
      Car          27      2        11       0        -      40      27     249           10         1           -     287      22      2        41       1       -      66      3         537           20         0           -     560       953
     % Car       100.0    100.0   100.0      -        -     100.0   100.0   100.0       100.0      100.0         -     100.0   100.0   100.0   100.0    100.0     -     100.0   100.0      100.0       100.0        -           -     100.0    100.0
      Ped          -        -       -        -       1        -       -       -           -          -           0       -       -       -       -        -       0       -       -          -           -          -           0       -         -
     % Ped         -        -       -        -      100.0     -       -       -           -          -           -       -       -       -       -        -       -       -       -          -           -          -           -       -         -
                                                                                                                             Town of Cary                                                                                     Count Name: Carpenter Fire Station Rd at
Day light savings: Shift all times down by 1 hour                                                                          316 N. Academy St.                                                                                 Cameron Pond Dr
                                                                                                                             P.O. Box 8005                                                                                    Site Code:
                                                                                                                Cary, North Carolina, United States 27513                                                                     Start Date: 11/02/2011
                                                                                                                              919.469.4030                                                                                    Page No: 8




                                                                                                                               Cameron Pond Dr [N]
                                                                                                                              Out      In     Total
                                                                                                                               15      40         55
                                                                                                                                  0     0         0
                                                                                                                               15      40         55


                                                                                                                       11         2    27         0     0
                                                                                                                       0          0     0         0     1
                                                                                                                       11         2    27         0     1
                                                                                                                       R          T     L         U     P




                                                                                                                                                            10


                                                                                                                                                                  10
                                                                                                          U




                                                                                                                                                            R
                                                                                                          0
                                                                                                          0
                                                                                                          0




                                                                                                                                                             0
                                                                                                                           Peak Hour Data
                                                    Carpenter Fire Station Rd [




                                                                                                                                                                                                Carpenter Fire Station Rd [
                                                                                  Total
                                                                                          842


                                                                                                    842




                                                                                                                                                            249


                                                                                                                                                                  249


                                                                                                                                                                        606


                                                                                                                                                                                  606
                                                                                                                                                                                        Out
                                                                                                                                                             T
                                                                                                0



                                                                                                          3
                                                                                                          0
                                                                                                          3
                                                                                                          L




                                                                                                                                                             0




                                                                                                                                                                              0
                                                                                                                            11/02/2011 9:00 AM
                                                                                          560


                                                                                                    560


                                                                                                          537


                                                                                                          537




                                                                                                                                                                        287


                                                                                                                                                                                  287
                                                                                                                                                            27


                                                                                                                                                                  27
                                                                                  In




                                                                                                                                                                                        In
                                                                                                           T
                                                                                                0




                                                                                                           0




                                                                                                                                                             L

                                                                                                                                                             0




                                                                                                                                                                              0
                                                                                                                            Ending At
                                                                                                                            11/02/2011 10:00 AM

                                                                                                                            Car




                                                                                                                                                                                        Total
                                                                                          282


                                                                                                    282




                                                                                                                                                                        893


                                                                                                                                                                                  893
                                                                                  Out




                                                                                                          20


                                                                                                          20
                                                                                                          R




                                                                                                                                                            U
                                                                                                0




                                                                                                           0




                                                                                                                                                            1
                                                                                                                                                            0
                                                                                                                                                                  1



                                                                                                                                                                              0
                                                                                                                            Ped
                                                                                                          P




                                                                                                                                                            P
                                                                                                          0
                                                                                                          0
                                                                                                          0




                                                                                                                                                            0
                                                                                                                                                            0
                                                                                                                                                                  0
                                                                                                                       U          L    T          R     P
                                                                                                                       1       22       2         41    0
                                                                                                                       0          0     0         0     0
                                                                                                                       1       22       2         41    0


                                                                                                                               50      66         116
                                                                                                                                  0     0         0
                                                                                                                               50      66         116
                                                                                                                              Out      In     Total
                                                                                                                               Cameron Pond Dr [S]



                                                                                                    Turning Movement Peak Hour Data Plot (9:00 AM)
                                                                Town of Cary                    Count Name: Carpenter Fire Station Rd at
Day light savings: Shift all times down by 1 hour              316 N. Academy St.               Cameron Pond Dr
                                                                 P.O. Box 8005                  Site Code:
                                                    Cary, North Carolina, United States 27513   Start Date: 11/02/2011
                                                                  919.469.4030                  Page No: 9
