                                                                                  Town of Cary                                                    Count Name: Cary Pkwy at
School: in session                                                       316 N. Academy St.                                                       Tryon Rd-16hr-2011
Weather: sunny & hot                                                       P.O. Box 8005                                                          Site Code: 00000008
Signal ID: 05-1592                                            Cary, North Carolina, United States 27513                                           Start Date: 06/07/2011
Pedestrians: counted                                                        919.469.4030                                                          Page No: 1



                                                                    Turning Movement Data
                            Cary Parkway                             Tryon Road                              Cary Parkway                                  Tryon Road
                              Southbound                             Westbound                                 Northbound                                  Eastbound
 Start Time                                    App.                                      App.                                      App.                                        App.     Int.
                Left   Thru     Right   Peds           Left   Thru     Right      Peds           Left   Thru     Right      Peds           Left     Thru     Right      Peds
                                               Total                                     Total                                     Total                                       Total   Total
  6:00 AM        3      4         1        1    8       0      20       15         1      35      1      2         0         0      3      11        13        0         0      24      70
  6:15 AM        8      5         7        0    20      1      29       25         1      55      2      5         0         0      7       8        16        0         1      24     106
  6:30 AM       10     12         5        0    27      3      41       29         1      73      7     35         0         0      42     14        39        2         1      55     197
  6:45 AM       14     14        14        0    42      4      79       43         0     126      3     32         1         0      36     23        38        4         1      65     269
 Hourly Total   35     35        27        1    97      8     169       112        3     289     13     74         1         0      88     56       106        6         3     168     642
  7:00 AM       20     16        13        0    49      3      77       53         0     133      7     55         0         0      62     28        69        2         2      99     343
  7:15 AM       22     15        25        2    62      4      86       45         1     135     12     83         5         1     100     25        60        2         0      87     384
  7:30 AM       38     46        36        1   120      6      96       45         2     147     12     77         4         1      93     41        79       12         2     132     492
  7:45 AM       51     42        42        0   135      9     196       89         1     294     16     113        4         1     133     37       108        9         1     154     716
 Hourly Total   131    119       116       3   366     22     455       232        4     709     47     328       13         3     388     131      316       25         5     472     1935
  8:00 AM       43     44        39        0   126     13     175       72         2     260     13     58         1         0      72     33       106       19         3     158     616
  8:15 AM       35     40        41        4   116      5     141       57         4     203     12     111        2         0     125     28        87        2         0     117     561
  8:30 AM       59     38        48        1   145      5     150       50         1     205     11     63         3         0      77     23        81       10         0     114     541
  8:45 AM       54     50        47        0   151     10     117       61         0     188     20     98         6         0     124     33        87        9         3     129     592
 Hourly Total   191    172       175       5   538     33     583       240        7     856     56     330       12         0     398     117      361       40         6     518     2310
  9:00 AM       51     51        37        0   139      9     125       73         2     207     17     80         5         1     102     39        77       10         2     126     574
  9:15 AM       41     54        31        0   126      9     115       44         0     168     14     62         3         2      79     44        67       12         0     123     496
  9:30 AM       40     48        27        1   115      9     116       43         2     168     13     81         4         0      98     25        82       13         0     120     501
  9:45 AM       38     42        22        1   102      9     116       42         3     167     18     56         4         0      78     24        70       15         0     109     456
 Hourly Total   170    195       117       2   482     36     472       202        7     710     62     279       16         3     357     132      296       50         2     478     2027
  10:00 AM      49     45        20        1   114     10     106       56         3     172     11     44         1         0      56     45        93        9         1     147     489
  10:15 AM      31     45        28        2   104      8      87       41         0     136     15     53         5         0      73     37        75       13         4     125     438
  10:30 AM      42     44        27        0   113      7      91       37         1     135      9     50         1         0      60     34        89       15         1     138     446
  10:45 AM      41     37        36        0   114     12     115       48         3     175     17     28         2         1      47     45        98       11         0     154     490
 Hourly Total   163    171       111       3   445     37     399       182        7     618     52     175        9         1     236     161      355       48         6     564     1863
  11:00 AM      42     47        34        1   123     11      97       48         0     156     20     47         1         0      68     47       100        9         0     156     503
  11:15 AM      43     45        36        0   124      9      98       43         1     150     21     57         5         0      83     34       111        9         2     154     511
  11:30 AM      47     53        35        1   135     16     120       47         1     183     16     64         3         0      83     33       106        3         1     142     543
  11:45 AM      52     43        30        0   125     10     119       52         1     181     15     42         1         0      58     36       103        4         1     143     507
 Hourly Total   184    188       135       2   507     46     434       190        3     670     72     210       10         0     292     150      420       25         4     595     2064
  12:00 PM      49     56        36        1   141     20     135       59         1     214     21     45         6         1      72     58       154       10         0     222     649
  12:15 PM      62     51        31        2   144      8     128       56         1     192     18     42         0         0      60     37       113       19         0     169     565
  12:30 PM      40     67        31        2   138     21     138       62         0     221     13     58         2         1      73     41        96        8         1     145     577
  12:45 PM      48     68        39        2   155     21     156       68         1     245     20     43         2         1      65     51       101       15         1     167     632
 Hourly Total   199    242       137       7   578     70     557       245        3     872     72     188       10         3     270     187      464       52         2     703     2423
  1:00 PM       55     68        47        0   170     21     174       74         1     269     26     28         2         0      56     61       105       22         0     188     683
  1:15 PM       30     60        43        1   133     20     161       64         0     245     17     61         5         0      83     55       128       15         1     198     659
  1:30 PM       39     50        31        1   120     13     174       69         1     256     19     48         1         1      68     41       125        9         0     175     619
  1:45 PM       44     52        36        0   132     20     152       71         0     243     17     44         6         0      67     28        98       16         3     142     584
 Hourly Total   168    230       157       2   555     74     661       278        2     1013    79     181       14         1     274     185      456       62         4     703     2545
  2:00 PM       41     53        25        1   119     10     162       62         0     234     15     45         3         0      63     50       106       16         2     172     588
  2:15 PM       41     62        47        1   150     15     140       49         1     204     20     53         7         0      80     28       102       14         1     144     578
  2:30 PM       31     63        48        0   142     10     128       57         2     195     19     58         8         0      85     51        92       24         1     167     589
  2:45 PM       48     53        32        1   133      9     146       47         0     202     25     51         8         1      84     33       111       20         2     164     583
 Hourly Total   161    231       152       3   544     44     576       215        3     835     79     207       26         1     312     162      411       74         6     647     2338
  3:00 PM       45     61        30        1   136     12     141       71         1     224     12     43         1         0      56     30       133       16         4     179     595
  3:15 PM       45     66        36        0   147     11     117       59         0     187     19     62         7         0      88     28       111       14         4     153     575
  3:30 PM       48     88        32        0   168      9     120       57         3     186     17     57         7         1      81     55       117       16         0     188     623
  3:45 PM       48     68        35        0   151      6     113       43         1     162     22     45         2         0      69     25       121       22         0     168     550
 Hourly Total   186    283       133       1   602     38     491       230        5     759     70     207       17         1     294     138      482       68         8     688     2343
  4:00 PM       50     62        39        0   151     12     164       65         1     241     12     47         8         0      67     35       123       13         1     171     630
  4:15 PM       67     90        30        0   187     13     116       78         0     207     16     56         7         0      79     45       126       16         2     187     660
  4:30 PM       67     64        44        1   175     15     134       64         1     213     19     65         6         0      90     55       129       18         3     202     680
  4:45 PM       71     82        39        1   192     19     129       65         1     213     28     64         5         0      97     62       158        9         1     229     731
 Hourly Total   255    298       152       2   705     59     543       272        3     874     75     232       26         0     333     197      536       56         7     789     2701
  5:00 PM       75     99        34        0   208     23     123       65         1     211     21     81        10         1     112     74       178       15         1     267     798
  5:15 PM       65     76        40        1   181     14     169       77         0     260     17     54         5         0      76     73       207       16         1     296     813
  5:30 PM       86     125       33        1   244     15     170       89         0     274      9     83         5         0      97     59       181       15         2     255     870
  5:45 PM       75     96        43        0   214     18     154       80         0     252     16     60         3         0      79     54       120       14         1     188     733
 Hourly Total   301    396       150       2   847     70     616       311        1     997     63     278       23         1     364     260      686       60         5     1006    3214
  6:00 PM       66     95        27        0   188     24     154       84         0     262      4     37         0         0      41     36       139       13         2     188     679
  6:15 PM       71     92        23        0   186     18     153       71         0     242      3     48         1         0      52     38       125       11         0     174     654
  6:30 PM        52      62     23      0      137     14     132     52      0       198     7      47      2       0       56     36      90     9       0      135      526
  6:45 PM        47      53     15      0      115     27     104     68      0       199     12     18      0       0       30     38      77     14      0      129      473
Hourly Total    236     302     88      0      626     83     543    275      0       901     26     150     3       0      179    148     431     47      2      626     2332
  7:00 PM        40      62     15      0      117     23     105     65      0       193     7       0      0       0       7      39      54     6       0       99      416
  7:15 PM        44      37     24      0      105     12      92     61      0       165     2      10      0       0       12     32      60     4       1       96      378
  7:30 PM        42      63     22      0      127     15      67     57      0       139     8       1      0       0       9      23      88     9       2      120      395
  7:45 PM        45      58     14      0      117     16      87     62      0       165     5       5      0       0       10     15      45     19      0       79      371
Hourly Total    171     220     75      0      466     66     351    245      0       662     22     16      0       0       38    109     247     38      3      394     1560
  8:00 PM        30      39     15      0       84     9       76     46      0       131     4       0      0       0       4      24      99     4       0      127      346
  8:15 PM        28      41     14      0       83     10      73     35      0       118     1       3      0       0       4      14      37     0       0       51      256
  8:30 PM        23      43     17      0       83     8       49     45      0       102     2       0      0       0       2      16      44     14      0       74      261
  8:45 PM        32      47     17      0       96     10      79     42      0       131     3       0      0       0       3      17      41     16      0       74      304
Hourly Total    113     170     63      0      346     37     277    168      0       482     10      3      0       0       13     71     221     34      0      326     1167
  9:00 PM        30      48     14      0       92     10      70     26      0       106     2       0      0       0       2      2       21     9       0       32      232
  9:15 PM        17      28     16      0       61     6       54     32      0       92      1       0      0       0       1      5       17     8       0       30      184
  9:30 PM        18      32     14      0       64     6       53     22      0       81      1       2      0       0       3      8       37     2       0       47      195
  9:45 PM        9       15     7       0       31     3       21     13      1       37      0       0      0       0       0      5       18     3       0       26      94
Hourly Total     74     123     51      0      248     25     198     93      1       316     4       2      0       0       6      20      93     22      0      135      705
 Grand Total    2738    3375   1839     33     7952   748     7325   3490     49     11563   802     2860   180      14     3842   2224    5881   707      63     8812    32169
Approach %      34.4    42.4   23.1      -      -      6.5    63.3   30.2      -       -     20.9    74.4    4.7      -      -     25.2    66.7    8.0      -       -       -
   Total %       8.5    10.5    5.7      -     24.7    2.3    22.8   10.8      -     35.9     2.5    8.9     0.6      -     11.9    6.9    18.3    2.2      -     27.4      -
Cars & Trucks   2738    3369   1839     33     7946   748     7312   3490     49     11550   802     2854   180      14     3836   2224    5878   707      63     8809    32141
  % Cars &      100.0   99.8   100.0   100.0   99.9   100.0   99.8   100.0   100.0   99.9    100.0   99.8   100.0   100.0   99.8   100.0   99.9   100.0   100.0   100.0   99.9
   Trucks
    Peds         0       6      0       0       6      0       13     0       0       13      0       6      0       0       6      0       3      0       0       3       28
  % Peds         0.0    0.2     0.0     0.0    0.1     0.0    0.2     0.0     0.0     0.1     0.0    0.2     0.0     0.0    0.2     0.0    0.1     0.0     0.0     0.0     0.1
   Bank 2        0       0      0       0       0      0       0      0       0       0       0       0      0       0       0      0       0      0       0       0       0
  % Bank 2       0.0    0.0     0.0     0.0    0.0     0.0    0.0     0.0     0.0     0.0     0.0    0.0     0.0     0.0    0.0     0.0    0.0     0.0     0.0     0.0     0.0
                                                                                                          Town of Cary                                                     Count Name: Cary Pkwy at
School: in session                                                                                    316 N. Academy St.                                                   Tryon Rd-16hr-2011
Weather: sunny & hot                                                                                    P.O. Box 8005                                                      Site Code: 00000008
Signal ID: 05-1592                                                                         Cary, North Carolina, United States 27513                                       Start Date: 06/07/2011
Pedestrians: counted                                                                                     919.469.4030                                                      Page No: 3




                                                                                                               Cary Parkway [N]
                                                                                                          Out          In          Total
                                                                                                          8568        7946       16514
                                                                                                           6           6            12
                                                                                                           0           0            0
                                                                                                          8574        7952       16526


                                                                                                   1839         3369        2738           33
                                                                                                     0            6          0             0
                                                                                                     0            0          0             0
                                                                                                   1839         3375        2738           33
                                                                                                    R             T          L             P
                                                                 2224



                                                                                2224




                                                                                                                                                    3490



                                                                                                                                                                    3490
                                                                                                                                                R
                                                                        0
                                                                            0


                                                                                       L




                                                                                                                                                           0
                                                                                                                                                               0
                                        18762




                                                         18778
                                Total




                                                                                                                                                                           8799




                                                                                                                                                                                            8796
                                                                                                                                                                                                    Out
                                                16
                                                     0




                                                                                                                                                                                   0
                                                                                                                                                                                       3
               Tryon Road [W]




                                                                                                                                                                                                            Tryon Road [E]
                                                                 5878



                                                                                5881




                                                                                                                                                    7325



                                                                                                                                                                    7312
                                                                                                                                                               13
                                                                                       T




                                                                                                                                                T
                                                                        3
                                                                            0




                                                                                                                                                           0




                                                                                                                                                                           11563




                                                                                                                                                                                            11550
                                        8809




                                                         8812




                                                                                                     06/07/2011 6:00 AM




                                                                                                                                                                                       13
                                In




                                                                                                                                                                                                    In
                                                3
                                                     0




                                                                                                                                                                                   0
                                                                                                     Ending At
                                                                                                     06/07/2011 10:00 PM
                                                                 707



                                                                                707




                                                                                                                                                    748



                                                                                                                                                                    748
                                                                                       R
                                                                        0
                                                                            0




                                                                                                                                                L


                                                                                                                                                           0
                                                                                                                                                               0



                                                                                                                                                                           20362




                                                                                                                                                                                            20346
                                                                                                     Cars & Trucks
                                        9953




                                                         9966




                                                                                                                                                                                                    Total
                                Out


                                                13




                                                                                                                                                                                       16
                                                     0




                                                                                                                                                                                   0
                                                                                                     Peds
                                                                                                     Bank 2
                                                                 63



                                                                                63




                                                                                                                                                    49



                                                                                                                                                                    49
                                                                                       P




                                                                                                                                                P
                                                                        0
                                                                            0




                                                                                                                                                           0
                                                                                                                                                               0




                                                                                                     L            T          R             P
                                                                                                    802         2854         180           14
                                                                                                     0            6          0             0
                                                                                                     0            0          0             0
                                                                                                    802         2860         180           14


                                                                                                          4824        3836         8660
                                                                                                           6           6            12
                                                                                                           0           0            0
                                                                                                          4830        3842         8672
                                                                                                          Out          In          Total
                                                                                                               Cary Parkway [S]


                                                                                           Turning Movement Data Plot
                                                                                      Town of Cary                                                      Count Name: Cary Pkwy at
School: in session                                                           316 N. Academy St.                                                         Tryon Rd-16hr-2011
Weather: sunny & hot                                                           P.O. Box 8005                                                            Site Code: 00000008
Signal ID: 05-1592                                                Cary, North Carolina, United States 27513                                             Start Date: 06/07/2011
Pedestrians: counted                                                            919.469.4030                                                            Page No: 4




                                                  Turning Movement Peak Hour Data (7:45 AM)
                              Cary Parkway                               Tryon Road                                 Cary Parkway                                 Tryon Road
                               Southbound                                 Westbound                                  Northbound                                   Eastbound
 Start Time                                       App.                                        App.                                       App.                                         App.     Int.
                Left    Thru     Right   Peds             Left    Thru      Right     Peds            Left    Thru     Right      Peds           Left     Thru      Right     Peds
                                                  Total                                       Total                                      Total                                        Total   Total
  7:45 AM        51      42       42         0    135      9      196        89        1      294      16     113        4         1     133      37      108        9         1      154     716
  8:00 AM        43      44       39         0    126      13     175        72        2      260      13      58        1         0      72      33      106        19        3      158     616
  8:15 AM        35      40       41         4    116      5      141        57        4      203      12     111        2         0     125      28       87        2         0      117     561
  8:30 AM        59      38       48         1    145      5      150        50        1      205      11      63        3         0      77      23       81        10        0      114     541
    Total       188     164       170        5    522      32     662        268       8      962      52     345       10         1     407     121      382        40        4      543     2434
 Approach %     36.0    31.4      32.6       -      -      3.3    68.8      27.9        -       -     12.8    84.8      2.5        -       -     22.3     70.3       7.4        -       -       -
   Total %       7.7     6.7      7.0        -    21.4     1.3    27.2      11.0        -     39.5     2.1    14.2      0.4        -     16.7     5.0     15.7       1.6        -     22.3      -
    PHF         0.797   0.932    0.885       -    0.900   0.615   0.844     0.753       -     0.818   0.813   0.763    0.625       -     0.765   0.818    0.884     0.526       -     0.859   0.850
Cars & Trucks   188     164       170        5    522      32     660        268       8      960      52     345       10         1     407     121      382        40        4      543     2432
  % Cars &      100.0   100.0    100.0   100.0    100.0   100.0   99.7      100.0     100.0   99.8    100.0   100.0    100.0   100.0     100.0   100.0    100.0     100.0     100.0   100.0   99.9
   Trucks
    Peds         0       0         0         0     0       0       2          0        0       2       0       0         0         0      0       0        0         0         0       0       2
  % Peds         0.0     0.0      0.0       0.0    0.0     0.0     0.3       0.0       0.0     0.2     0.0     0.0      0.0       0.0     0.0     0.0      0.0       0.0       0.0     0.0     0.1
   Bank 2        0       0         0         0     0       0       0          0        0       0       0       0         0         0      0       0        0         0         0       0       0
  % Bank 2       0.0     0.0      0.0       0.0    0.0     0.0     0.0       0.0       0.0     0.0     0.0     0.0      0.0       0.0     0.0     0.0      0.0       0.0       0.0     0.0     0.0
                                                                                                      Town of Cary                                                Count Name: Cary Pkwy at
School: in session                                                                                316 N. Academy St.                                              Tryon Rd-16hr-2011
Weather: sunny & hot                                                                                P.O. Box 8005                                                 Site Code: 00000008
Signal ID: 05-1592                                                                     Cary, North Carolina, United States 27513                                  Start Date: 06/07/2011
Pedestrians: counted                                                                                 919.469.4030                                                 Page No: 5




                                                                                                          Cary Parkway [N]
                                                                                                      Out         In          Total
                                                                                                      734         522         1256
                                                                                                      0           0            0
                                                                                                      0           0            0
                                                                                                      734         522         1256


                                                                                                170         164         188           5
                                                                                                 0           0          0             0
                                                                                                 0           0          0             0
                                                                                                170         164         188           5
                                                                                                R            T          L             P
                                                               121



                                                                             121




                                                                                                                                              268



                                                                                                                                                            268
                                                                                                                                          R
                                                                     0
                                                                         0


                                                                                   L




                                                                                                                                                    0
                                                                                                                                                        0
                                                                                              Peak Hour Data
                                Total
                                        1425




                                                       1427




                                                                                                                                                                  580




                                                                                                                                                                                 580
                                                                                                                                                                                        Out
                                               2
                                                   0




                                                                                                                                                                         0
                                                                                                                                                                             0
               Tryon Road [W]




                                                                                                                                                                                                Tryon Road [E]
                                                               382



                                                                             382




                                                                                                                                              662



                                                                                                                                                            660
                                                                                   T




                                                                                                                                          T
                                                                     0
                                                                         0




                                                                                                                                                    0
                                                                                                                                                        2
                                                                                                 06/07/2011 7:45 AM
                                        543




                                                       543




                                                                                                                                                                  962




                                                                                                                                                                                 960
                                In




                                                                                                                                                                                        In
                                               0
                                                   0




                                                                                                                                                                         0
                                                                                                                                                                             2
                                                                                                 Ending At
                                                                                                 06/07/2011 8:45 AM
                                                               40



                                                                             40




                                                                                                                                              32



                                                                                                                                                            32
                                                                                   R
                                                                     0
                                                                         0




                                                                                                                                          L


                                                                                                                                                    0
                                                                                                                                                        0
                                                                                                 Cars & Trucks




                                                                                                                                                                  1542




                                                                                                                                                                                 1540
                                                                                                                                                                                        Total
                                        882




                                                       884
                                Out


                                               2
                                                   0




                                                                                                                                                                         0
                                                                                                                                                                             2
                                                                                                 Peds
                                                                                                 Bank 2
                                                                                   P




                                                                                                                                          P
                                                               4
                                                                     0
                                                                         0
                                                                             4




                                                                                                                                              8
                                                                                                                                                    0
                                                                                                                                                        0
                                                                                                                                                            8



                                                                                                 L           T          R             P
                                                                                                52          345         10            1
                                                                                                 0           0          0             0
                                                                                                 0           0          0             0
                                                                                                52          345         10            1


                                                                                                      236         407         643
                                                                                                      0           0            0
                                                                                                      0           0            0
                                                                                                      236         407         643
                                                                                                      Out         In          Total
                                                                                                          Cary Parkway [S]


                                                              Turning Movement Peak Hour Data Plot (7:45 AM)
                                                                                      Town of Cary                                                      Count Name: Cary Pkwy at
School: in session                                                           316 N. Academy St.                                                         Tryon Rd-16hr-2011
Weather: sunny & hot                                                           P.O. Box 8005                                                            Site Code: 00000008
Signal ID: 05-1592                                                Cary, North Carolina, United States 27513                                             Start Date: 06/07/2011
Pedestrians: counted                                                            919.469.4030                                                            Page No: 6




                                                  Turning Movement Peak Hour Data (5:00 PM)
                              Cary Parkway                               Tryon Road                                 Cary Parkway                                 Tryon Road
                               Southbound                                 Westbound                                  Northbound                                   Eastbound
 Start Time                                       App.                                        App.                                       App.                                         App.     Int.
                Left    Thru     Right   Peds             Left    Thru      Right     Peds            Left    Thru     Right      Peds           Left     Thru      Right     Peds
                                                  Total                                       Total                                      Total                                        Total   Total
  5:00 PM        75      99       34         0    208      23     123        65        1      211      21      81       10         1     112      74      178        15        1      267     798
  5:15 PM        65      76       40         1    181      14     169        77        0      260      17      54        5         0      76      73      207        16        1      296     813
  5:30 PM        86     125       33         1    244      15     170        89        0      274      9       83        5         0      97      59      181        15        2      255     870
  5:45 PM        75      96       43         0    214      18     154        80        0      252      16      60        3         0      79      54      120        14        1      188     733
    Total       301     396       150        2    847      70     616        311       1      997      63     278       23         1     364     260      686        60        5      1006    3214
 Approach %     35.5    46.8      17.7       -      -      7.0    61.8      31.2        -       -     17.3    76.4      6.3        -       -     25.8     68.2       6.0        -       -       -
   Total %       9.4    12.3      4.7        -    26.4     2.2    19.2       9.7        -     31.0     2.0     8.6      0.7        -     11.3     8.1     21.3       1.9        -     31.3      -
    PHF         0.875   0.792    0.872       -    0.868   0.761   0.906     0.874       -     0.910   0.750   0.837    0.575       -     0.813   0.878    0.829     0.938       -     0.850   0.924
Cars & Trucks   301     396       150        2    847      70     614        311       1      995      63     278       23         1     364     260      686        60        5      1006    3212
  % Cars &      100.0   100.0    100.0   100.0    100.0   100.0   99.7      100.0     100.0   99.8    100.0   100.0    100.0   100.0     100.0   100.0    100.0     100.0     100.0   100.0   99.9
   Trucks
    Peds         0       0         0         0     0       0       2          0        0       2       0       0         0         0      0       0        0         0         0       0       2
  % Peds         0.0     0.0      0.0       0.0    0.0     0.0     0.3       0.0       0.0     0.2     0.0     0.0      0.0       0.0     0.0     0.0      0.0       0.0       0.0     0.0     0.1
   Bank 2        0       0         0         0     0       0       0          0        0       0       0       0         0         0      0       0        0         0         0       0       0
  % Bank 2       0.0     0.0      0.0       0.0    0.0     0.0     0.0       0.0       0.0     0.0     0.0     0.0      0.0       0.0     0.0     0.0      0.0       0.0       0.0     0.0     0.0
                                                                                                      Town of Cary                                                Count Name: Cary Pkwy at
School: in session                                                                                316 N. Academy St.                                              Tryon Rd-16hr-2011
Weather: sunny & hot                                                                                P.O. Box 8005                                                 Site Code: 00000008
Signal ID: 05-1592                                                                     Cary, North Carolina, United States 27513                                  Start Date: 06/07/2011
Pedestrians: counted                                                                                 919.469.4030                                                 Page No: 7




                                                                                                          Cary Parkway [N]
                                                                                                      Out         In          Total
                                                                                                      849         847         1696
                                                                                                      0           0            0
                                                                                                      0           0            0
                                                                                                      849         847         1696


                                                                                                150         396         301           2
                                                                                                 0           0          0             0
                                                                                                 0           0          0             0
                                                                                                150         396         301           2
                                                                                                R            T          L             P
                                                               260



                                                                             260




                                                                                                                                              311



                                                                                                                                                            311
                                                                                                                                          R
                                                                     0
                                                                         0


                                                                                   L




                                                                                                                                                    0
                                                                                                                                                        0
                                                                                              Peak Hour Data
                                Total
                                        1833




                                                       1835




                                                                                                                                                                  1010




                                                                                                                                                                                 1010
                                                                                                                                                                                        Out
                                               2
                                                   0




                                                                                                                                                                         0
                                                                                                                                                                             0
               Tryon Road [W]




                                                                                                                                                                                                Tryon Road [E]
                                                               686



                                                                             686




                                                                                                                                              616



                                                                                                                                                            614
                                                                                   T




                                                                                                                                          T
                                                                     0
                                                                         0




                                                                                                                                                    0
                                                                                                                                                        2
                                        1006




                                                       1006




                                                                                                 06/07/2011 5:00 PM




                                                                                                                                                                  997




                                                                                                                                                                                 995
                                In




                                                                                                                                                                                        In
                                               0
                                                   0




                                                                                                                                                                         0
                                                                                                                                                                             2
                                                                                                 Ending At
                                                                                                 06/07/2011 6:00 PM
                                                               60



                                                                             60




                                                                                                                                              70



                                                                                                                                                            70
                                                                                   R
                                                                     0
                                                                         0




                                                                                                                                          L


                                                                                                                                                    0
                                                                                                                                                        0
                                                                                                 Cars & Trucks




                                                                                                                                                                  2007




                                                                                                                                                                                 2005
                                                                                                                                                                                        Total
                                        827




                                                       829
                                Out


                                               2
                                                   0




                                                                                                                                                                         0
                                                                                                                                                                             2
                                                                                                 Peds
                                                                                                 Bank 2
                                                                                   P




                                                                                                                                          P
                                                               5
                                                                     0
                                                                         0
                                                                             5




                                                                                                                                              1
                                                                                                                                                    0
                                                                                                                                                        0
                                                                                                                                                            1



                                                                                                 L           T          R             P
                                                                                                63          278         23            1
                                                                                                 0           0          0             0
                                                                                                 0           0          0             0
                                                                                                63          278         23            1


                                                                                                      526         364         890
                                                                                                      0           0            0
                                                                                                      0           0            0
                                                                                                      526         364         890
                                                                                                      Out         In          Total
                                                                                                          Cary Parkway [S]


                                                              Turning Movement Peak Hour Data Plot (5:00 PM)
                                   Town of Cary                    Count Name: Cary Pkwy at
School: in session                316 N. Academy St.               Tryon Rd-16hr-2011
Weather: sunny & hot                P.O. Box 8005                  Site Code: 00000008
Signal ID: 05-1592     Cary, North Carolina, United States 27513   Start Date: 06/07/2011
Pedestrians: counted                 919.469.4030                  Page No: 8
