                                                                                  Town of Cary                                                   Count Name: Cary Pkwy at
                                                                          316 N. Academy St.                                                     Huntsmoor Ln
                                                                            P.O. Box 8005                                                        Site Code:
                                                               Cary, North Carolina, United States 27513                                         Start Date: 10/24/2013
                                                                             919.469.4030                                                        Page No: 1



                                                                    Turning Movement Data
                             Cary Pkwy                              Huntsmoor Ln                               Cary Pkwy                             Town Village Dr
                             Southbound                               Westbound                                Northbound                                 Eastbound
Start Time                                      App.                                     App.                                     App.                                       App.     Int.
               Left   Thru     Right   U-Turn           Left   Thru     Right   U-Turn           Left   Thru     Right   U-Turn           Left     Thru     Right   U-Turn
                                                Total                                    Total                                    Total                                      Total   Total
 12:00 AM       0     16         0        0      16      0      0         0        0      0       0      7         0        0      7       0        0        0        0       0       23
 12:15 AM       0      5         0        0      5       0      0         0        0      0       0      3         0        0      3       0        0        0        0       0       8
 12:30 AM       0      8         0        0      8       1      0         0        0      1       0      3         0        0      3       0        0        0        0       0       12
 12:45 AM       1      6         0        0      7       0      0         0        0      0       0      2         1        0      3       0        0        0        0       0       10
Hourly Total    1     35         0        0      36      1      0         0        0      1       0     15         1        0      16      0        0        0        0       0       53
 1:00 AM        0      6         0        0      6       0      0         0        0      0       0      6         0        0      6       0        0        0        0       0       12
 1:15 AM        0      5         0        0      5       0      0         0        0      0       0      3         0        0      3       0        0        0        0       0       8
 1:30 AM        0      2         1        0      3       0      0         0        0      0       0      2         0        0      2       0        0        0        0       0       5
 1:45 AM        0      4         0        0      4       0      0         0        0      0       0      3         0        0      3       0        0        0        0       0       7
Hourly Total    0     17         1        0      18      0      0         0        0      0       0     14         0        0      14      0        0        0        0       0       32
 2:00 AM        0      1         0        0      1       0      0         0        0      0       0      2         0        0      2       0        0        0        0       0       3
 2:15 AM        0      7         1        0      8       0      0         0        0      0       0      2         0        0      2       0        0        0        0       0       10
 2:30 AM        0      1         0        0      1       0      0         0        0      0       0      2         0        0      2       0        0        0        0       0       3
 2:45 AM        0      5         0        0      5       0      0         0        0      0       0      2         0        0      2       0        0        0        0       0       7
Hourly Total    0     14         1        0      15      0      0         0        0      0       0      8         0        0      8       0        0        0        0       0       23
 3:00 AM        0      2         0        0      2       0      0         0        0      0       0      1         0        0      1       0        0        0        0       0       3
 3:15 AM        0      1         0        0      1       0      0         0        0      0       0      1         0        0      1       0        0        0        0       0       2
 3:30 AM        0      2         0        0      2       0      0         0        0      0       0      2         0        0      2       0        0        0        0       0       4
 3:45 AM        0      0         0        0      0       0      0         0        0      0       0      4         0        0      4       0        0        0        0       0       4
Hourly Total    0      5         0        0      5       0      0         0        0      0       0      8         0        0      8       0        0        0        0       0       13
 4:00 AM        0      1         0        0      1       0      0         0        0      0       0      2         0        0      2       0        0        0        0       0       3
 4:15 AM        0      0         0        0      0       0      0         1        0      1       0      6         0        0      6       0        0        0        0       0       7
 4:30 AM        0      3         0        0      3       0      0         0        0      0       0      5         0        0      5       0        0        0        0       0       8
 4:45 AM        0      6         1        0      7       0      0         0        0      0       0     13         0        0      13      0        0        0        0       0       20
Hourly Total    0     10         1        0      11      0      0         1        0      1       0     26         0        0      26      0        0        0        0       0       38
 5:00 AM        0      5         0        0      5       0      1         0        0      1       0     13         0        0      13      0        0        0        0       0       19
 5:15 AM        0     11         0        0      11      0      1         0        0      1       0     20         0        0      20      0        0        0        0       0       32
 5:30 AM        0     12         0        0      12      3      0         1        0      4       0     41         0        0      41      1        0        1        0       2       59
 5:45 AM        0     22         0        0      22      0      0         1        0      1       0     34         0        0      34      0        0        0        0       0       57
Hourly Total    0     50         0        0      50      3      2         2        0      7       0     108        0        0     108      1        0        1        0       2      167
 6:00 AM        0     28         1        0      29      3      0         3        0      6       0     53         3        0      56      0        0        0        0       0       91
 6:15 AM        1     26         1        0      28      1      0         1        0      2       0     76         0        0      76      0        0        0        0       0      106
 6:30 AM        2     52         4        0      58      0      0         2        0      2       0     126        0        0     126      1        0        0        0       1      187
 6:45 AM        0     70         4        0      74      2      0         5        0      7       2     168        1        0     171      1        0        0        0       1      253
Hourly Total    3     176       10        0     189      6      0        11        0      17      2     423        4        0     429      2        0        0        0       2      637
 7:00 AM        0     79         9        0      88      3      1         5        0      9       3     179        1        0     183      3        0        0        0       3      283
 7:15 AM        0     100        5        0     105      0      0         2        0      2       7     245        1        0     253      4        0        1        0       5      365
 7:30 AM        1     135       13        0     149      7      0         6        0      13      3     289        3        0     295     10        1        1        0       12     469
 7:45 AM        0     115       15        0     130      2      0         7        0      9      12     332        1        1     346     12        0        2        0       14     499
Hourly Total    1     429       42        0     472     12      1        20        0      33     25     1045       6        1     1077    29        1        4        0       34     1616
 8:00 AM        0     129       14        0     143      0      1         1        0      2       5     340        2        0     347     10        0        3        0       13     505
 8:15 AM        1     98        30        1     130      1      0         9        0      10     15     288        2        1     306     22        0        3        0       25     471
 8:30 AM        0     95        12        0     107      1      1         3        0      5       2     305        2        0     309     18        0        1        0       19     440
 8:45 AM        1     134       10        0     145      4      0         6        0      10      3     262        0        1     266     11        0        1        0       12     433
Hourly Total    2     456       66        1     525      6      2        19        0      27     25     1195       6        2     1228    61        0        8        0       69     1849
 9:00 AM        1     157       15        0     173      0      0         4        0      4       3     220        4        0     227      5        1        0        0       6      410
 9:15 AM        0     140       14        0     154      4      0         1        0      5       4     172        2        0     178      9        0        1        0       10     347
 9:30 AM        0     145        7        0     152      1      0         1        0      2       2     162        0        1     165      5        0        1        0       6      325
 9:45 AM        1     105        5        0     111      2      1         1        0      4       4     143        0        0     147      8        0        0        0       8      270
Hourly Total    2     547       41        0     590      7      1         7        0      15     13     697        6        1     717     27        1        2        0       30     1352
 10:00 AM       1     104        2        0     107      1      0         1        0      2       1     119        3        1     124      6        0        2        0       8      241
 10:15 AM       2     128       10        0     140      0      0         2        0      2       0     112        3        0     115      6        0        0        0       6      263
 10:30 AM       1     125        8        0     134      0      0         1        0      1       3     148        1        0     152      6        0        2        0       8      295
 10:45 AM       0     118        9        1     128      1      0         2        0      3       3     138        1        1     143      8        0        0        0       8      282
Hourly Total    4     475       29        1     509      2      0         6        0      8       7     517        8        2     534     26        0        4        0       30     1081
 11:00 AM       0     108        5        0     113      0      0         1        0      1       0     119        3        0     122      6        0        1        0       7      243
 11:15 AM       1     120        5        0     126      1      0         2        0      3       4     154        0        2     160      6        0        0        0       6      295
 11:30 AM       2     114        9        0     125      1      0         5        0      6       0     138        1        0     139     17        0        0        0       17     287
 11:45 AM       3     155        8        0     166      3      1         1        0      5       3     157        3        0     163      8        1        0        0       9      343
Hourly Total    6     497       27        0     530      5      1         9        0      15      7     568        7        2     584     37        1        1        0       39     1168
 12:00 PM       2     136        6        0     144      1      1         0        0      2       3     149        1        1     154     12        0        3        0       15     315
 12:15 PM       2     147       12        0     161      0      0         1        0      1       4     152        2        0     158      8        0        0        0       8      328
 12:30 PM       2      136      9       0       147     1       0       1      0      2       2      149      2       0      153      11      0       0       0       11      313
 12:45 PM       3      151      13      0       167     3       0       4      0      7       5      135      1       3      144      21      0       1       0       22      340
Hourly Total    9      570      40      0       619     5       1       6      0      12      14     585      6       4      609      52      0       4       0       56     1296
 1:00 PM        2      151      4       0       157     0       0       0      0      0       1      153      2       0      156      16      0       0       0       16      329
 1:15 PM        1      170      7       0       178     1       0       2      0      3       1      132      3       0      136      13      0       1       0       14      331
 1:30 PM        3      155      8       0       166     2       0       0      0      2       2      129      1       0      132      9       0       0       0       9       309
 1:45 PM        0      165      13      0       178     1       0       0      0      1       2      125      0       0      127      8       0       4       0       12      318
Hourly Total    6      641      32      0       679     4       0       2      0      6       6      539      6       0      551      46      0       5       0       51     1287
 2:00 PM        1      160      6       0       167     0       0       2      0      2       5      159      2       0      166      9       1       0       0       10      345
 2:15 PM        2      163      12      0       177     0       0       2      0      2       4      150      2       0      156      12      0       0       0       12      347
 2:30 PM        1      164      10      0       175     0       0       1      0      1       0      151      3       0      154      16      0       0       0       16      346
 2:45 PM        3      163      10      0       176     5       0       2      0      7       2      157      0       2      161      8       0       1       0       9       353
Hourly Total    7      650      38      0       695     5       0       7      0      12      11     617      7       2      637      45      1       1       0       47     1391
 3:00 PM        3      189      15      0       207     1       1       0      0      2       4      138      4       1      147      12      0       4       0       16      372
 3:15 PM        1      226      18      0       245     0       0       2      0      2       8      162      3       1      174      17      0       3       0       20      441
 3:30 PM        0      228      14      0       242     1       0       2      0      3       3      163      5       0      171      26      3       2       0       31      447
 3:45 PM        0      230      10      0       240     4       1       3      0      8       7      171      1       0      179      11      0       2       0       13      440
Hourly Total    4      873      57      0       934     6       2       7      0      15      22     634      13      2      671      66      3       11      0       80     1700
 4:00 PM        2      211      17      0       230     2       0       1      0      3       6      144      2       2      154      16      0       5       0       21      408
 4:15 PM        2      242      20      0       264     2       1       0      0      3       2      162      7       0      171      15      0       7       0       22      460
 4:30 PM        5      270      16      0       291     1       0       0      0      1       4      165      2       0      171      21      1       3       0       25      488
 4:45 PM        1      241      25      0       267     2       0       0      0      2       4      181      4       0      189      15      0       3       0       18      476
Hourly Total    10     964      78      0      1052     7       1       1      0      9       16     652      15      2      685      67      1       18      0       86     1832
 5:00 PM        1      340      12      0       353     2       0       1      0      3       7      158      7       1      173      24      0       4       0       28      557
 5:15 PM        2      326      17      0       345     2       0       1      0      3       4      213      4       0      221      22      1       1       0       24      593
 5:30 PM        4      323      15      0       342     1       0       4      0      5       3      194      4       1      202      25      0       3       0       28      577
 5:45 PM        6      307      22      0       335     1       0       1      0      2       4      243      7       0      254      19      1       1       0       21      612
Hourly Total    13     1296     66      0      1375     6       0       7      0      13      18     808      22      2      850      90      2       9       0      101     2339
 6:00 PM        4      262      15      0       281     2       1       2      0      5       2      194      5       0      201      20      2       4       0       26      513
 6:15 PM        1      291      15      0       307     3       1       0      0      4       5      171      3       1      180      20      0       0       1       21      512
 6:30 PM        0      245      6       0       251     3       0       1      0      4       2      145      2       0      149      10      1       1       0       12      416
 6:45 PM        7      185      8       0       200     2       0       1      0      3       1      169      5       0      175      11      0       0       0       11      389
Hourly Total    12     983      44      0      1039     10      2       4      0      16      10     679      15      1      705      61      3       5       1       70     1830
 7:00 PM        3      200      5       1       209     0       1       2      0      3       3      149      3       0      155      11      0       2       0       13      380
 7:15 PM        0      172      2       1       175     1       0       0      0      1       2      120      2       0      124      7       1       1       0       9       309
 7:30 PM        1      159      4       0       164     1       0       0      0      1       2      112      4       0      118      9       0       1       0       10      293
 7:45 PM        0      134      3       0       137     1       0       2      0      3       1       96      6       1      104      5       0       3       0       8       252
Hourly Total    4      665      14      2       685     3       1       4      0      8       8      477      15      1      501      32      1       7       0       40     1234
 8:00 PM        4      129      4       0       137     1       0       1      0      2       2       90      1       0       93      6       0       0       0       6       238
 8:15 PM        4      148      4       0       156     0       0       0      0      0       1       78      0       2       81      7       0       0       0       7       244
 8:30 PM        2      120      4       0       126     0       0       1      0      1       1       69      4       0       74      3       0       0       0       3       204
 8:45 PM        1      115      2       0       118     1       0       0      0      1       0       60      2       0       62      2       1       1       0       4       185
Hourly Total    11     512      14      0       537     2       0       2      0      4       4      297      7       2      310      18      1       1       0       20      871
 9:00 PM        1      103      0       0       104     1       0       0      0      1       0       58      2       0       60      2       0       0       0       2       167
 9:15 PM        0       99      0       0       99      1       0       0      0      1       0       50      0       0       50      3       0       1       0       4       154
 9:30 PM        0       64      0       0       64      1       0       1      0      2       0       37      1       0       38      0       0       0       0       0       104
 9:45 PM        2       73      0       0       75      1       0       1      0      2       0       45      6       0       51      1       0       0       0       1       129
Hourly Total    3      339      0       0       342     4       0       2      0      6       0      190      9       0      199      6       0       1       0       7       554
 10:00 PM       1       64      0       0       65      1       0       0      0      1       0       41      2       0       43      0       0       0       0       0       109
 10:15 PM       0       47      1       0       48      0       0       1      0      1       0       21      0       0       21      0       0       0       0       0       70
 10:30 PM       0       32      1       0       33      0       0       0      0      0       0       32      0       0       32      1       0       0       0       1       66
 10:45 PM       1       34      0       0       35      0       0       1      0      1       0       14      0       0       14      0       0       0       0       0       50
Hourly Total    2      177      2       0       181     1       0       2      0      3       0      108      2       0      110      1       0       0       0       1       295
 11:00 PM       0       35      0       0       35      0       0       0      0      0       0       14      0       0       14      0       0       0       0       0       49
 11:15 PM       0       20      0       0       20      0       0       0      0      0       0       13      0       0       13      0       0       0       0       0       33
 11:30 PM       1       26      0       1       28      0       0       0      0      0       0       10      2       0       12      0       0       0       0       0       40
 11:45 PM       0       15      1       0       16      0       0       0      0      0       0       17      0       0       17      0       0       0       0       0       33
Hourly Total    1       96      1       1       99      0       0       0      0      0       0       54      2       0       56      0       0       0       0       0       155
Grand Total    101     10477   604      5      11187    95      14     119     0     228     188     10264   157      24     10633   667      15      82      1      765     22813
Approach %      0.9    93.7     5.4     0.0      -     41.7     6.1    52.2    0.0     -      1.8    96.5     1.5     0.2      -     87.2     2.0    10.7     0.1      -       -
  Total %       0.4    45.9     2.6     0.0    49.0     0.4     0.1     0.5    0.0    1.0     0.8    45.0     0.7     0.1    46.6     2.9     0.1     0.4     0.0     3.4      -
    Car        101     10477   604      5      11187    95      14     119     0     228     188     10264   157      24     10633   667      15      82      1      765     22813
  % Car        100.0   100.0   100.0   100.0   100.0   100.0   100.0   100.0    -    100.0   100.0   100.0   100.0   100.0   100.0   100.0   100.0   100.0   100.0   100.0   100.0
                                                                 Town of Cary                           Count Name: Cary Pkwy at
                                                             316 N. Academy St.                         Huntsmoor Ln
                                                               P.O. Box 8005                            Site Code:
                                                  Cary, North Carolina, United States 27513             Start Date: 10/24/2013
                                                                919.469.4030                            Page No: 3




                                                                      Cary Pkwy [N]
                                                                Out         In          Total
                                                               11055       11187       22242
                                                               11055       11187       22242


                                                         604      10477           101           5
                                                         604      10477           101           5
                                                          R            T           L            U




                                                                                                      119
                                                                                                      119
                                            U




                                                                                                       R
                                            1
                                            1
                      Total
                              1572
                                     1572




                                                                                                            273
                                                                                                                  273
                                                                                                                        Out
Town Village Dr [W]




                                                                                                                                Huntsmoor Ln [E]
                                            667
                                            667




                                                                                                      14
                                                                                                      14
                                                                                                      T
                                             L




                                                           10/24/2013 12:00 AM
                              765
                                     765




                                                                                                            228
                                                                                                                  228
                      In




                                                                                                                        In
                                                           Ending At
                                                           10/25/2013 12:00 AM
                                            15
                                            15




                                                                                                      95
                                                                                                      95
                                            T




                                                                                                       L
                                                           Car




                                                                                                                        Total
                              807
                                     807




                                                                                                            501
                                                                                                                  501
                      Out




                                            82
                                            82
                                            R




                                                                                                      U
                                                                                                      0
                                                                                                      0




                                                          U            L           T            R
                                                          24          188        10264          157
                                                          24          188        10264          157


                                                               10678       10633       21311
                                                               10678       10633       21311
                                                                Out         In          Total
                                                                      Cary Pkwy [S]


                                                  Turning Movement Data Plot
                                                                                     Town of Cary                                                       Count Name: Cary Pkwy at
                                                                            316 N. Academy St.                                                          Huntsmoor Ln
                                                                              P.O. Box 8005                                                             Site Code:
                                                                 Cary, North Carolina, United States 27513                                              Start Date: 10/24/2013
                                                                               919.469.4030                                                             Page No: 4




                                                 Turning Movement Peak Hour Data (7:30 AM)
                             Cary Pkwy                                Huntsmoor Ln                                   Cary Pkwy                               Town Village Dr
                            Southbound                                   Westbound                                  Northbound                                    Eastbound
Start Time                                       App.                                        App.                                        App.                                         App.     Int.
             Left    Thru      Right   U-Turn            Left    Thru      Right   U-Turn            Left    Thru      Right   U-Turn            Left     Thru      Right   U-Turn
                                                 Total                                       Total                                       Total                                        Total   Total
 7:30 AM      1      135        13        0      149      7       0          6        0       13      3      289        3         0      295      10       1         1         0       12     469
 7:45 AM      0      115        15        0      130      2       0          7        0       9       12     332        1         1      346      12       0         2         0       14     499
 8:00 AM      0      129        14        0      143      0       1          1        0       2       5      340        2         0      347      10       0         3         0       13     505
 8:15 AM      1       98        30        1      130      1       0          9        0       10      15     288        2         1      306      22       0         3         0       25     471
  Total       2      477        72        1      552      10      1         23        0       34      35     1249       8         2      1294     54       1         9         0       64     1944
Approach %    0.4    86.4      13.0       0.2      -     29.4     2.9      67.6       0.0      -      2.7    96.5       0.6       0.2      -     84.4      1.6      14.1       0.0      -       -
 Total %      0.1    24.5       3.7       0.1    28.4     0.5     0.1       1.2       0.0     1.7     1.8    64.2       0.4       0.1    66.6     2.8      0.1       0.5       0.0     3.3      -
   PHF       0.500   0.883     0.600     0.250   0.926   0.357   0.250     0.639     0.000   0.654   0.583   0.918     0.667     0.500   0.932   0.614    0.250     0.750     0.000   0.640   0.962
   Car        2      477        72        1      552      10      1         23        0       34      35     1249       8         2      1294     54       1         9         0       64     1944
  % Car      100.0   100.0     100.0     100.0   100.0   100.0   100.0     100.0       -     100.0   100.0   100.0     100.0     100.0   100.0   100.0    100.0     100.0       -     100.0   100.0
                                                                  Town of Cary                       Count Name: Cary Pkwy at
                                                              316 N. Academy St.                     Huntsmoor Ln
                                                                P.O. Box 8005                        Site Code:
                                                   Cary, North Carolina, United States 27513         Start Date: 10/24/2013
                                                                 919.469.4030                        Page No: 5




                                                                      Cary Pkwy [N]
                                                                Out           In        Total
                                                                1327         552        1879
                                                                1327         552        1879


                                                           72          477          2           1
                                                           72          477          2           1
                                                           R           T            L           U




                                                                                                    23
                                                                                                    23
                                          U




                                                                                                    R
                                          0
                                          0




                                                         Peak Hour Data
                      Total
                              172
                                    172




                                                                                                                   Out
                                                                                                         11
                                                                                                              11
Town Village Dr [W]




                                                                                                                           Huntsmoor Ln [E]
                                          54
                                          54




                                                                                                    T
                                           L




                                                                                                    1
                                                                                                    1
                                                            10/24/2013 7:30 AM
                              64
                                    64




                                                                                                         34
                                                                                                              34
                      In




                                                                                                                   In
                                                            Ending At
                                                            10/24/2013 8:30 AM




                                                                                                    10
                                                                                                    10
                                          T
                                          1
                                          1




                                                                                                     L
                                                            Car




                                                                                                                   Total
                              108
                                    108
                      Out




                                                                                                         45
                                                                                                              45
                                          R




                                                                                                    U
                                          9
                                          9




                                                                                                    0
                                                                                                    0




                                                           U           L            T           R
                                                           2           35          1249         8
                                                           2           35          1249         8


                                                                498          1294       1792
                                                                498          1294       1792
                                                                Out           In        Total
                                                                      Cary Pkwy [S]


                                          Turning Movement Peak Hour Data Plot (7:30 AM)
                                                                                     Town of Cary                                                       Count Name: Cary Pkwy at
                                                                            316 N. Academy St.                                                          Huntsmoor Ln
                                                                              P.O. Box 8005                                                             Site Code:
                                                                 Cary, North Carolina, United States 27513                                              Start Date: 10/24/2013
                                                                               919.469.4030                                                             Page No: 6




                                                 Turning Movement Peak Hour Data (5:00 PM)
                             Cary Pkwy                                 Huntsmoor Ln                                  Cary Pkwy                               Town Village Dr
                            Southbound                                   Westbound                                  Northbound                                    Eastbound
Start Time                                       App.                                        App.                                        App.                                         App.     Int.
             Left    Thru      Right   U-Turn            Left    Thru      Right   U-Turn            Left    Thru      Right   U-Turn            Left     Thru      Right   U-Turn
                                                 Total                                       Total                                       Total                                        Total   Total
 5:00 PM      1      340        12        0      353      2       0          1        0       3       7      158        7         1      173      24       0         4         0       28     557
 5:15 PM      2      326        17        0      345      2       0          1        0       3       4      213        4         0      221      22       1         1         0       24     593
 5:30 PM      4      323        15        0      342      1       0          4        0       5       3      194        4         1      202      25       0         3         0       28     577
 5:45 PM      6      307        22        0      335      1       0          1        0       2       4      243        7         0      254      19       1         1         0       21     612
  Total       13     1296       66        0      1375     6       0          7        0       13      18     808        22        2      850      90       2         9         0      101     2339
Approach %    0.9    94.3       4.8       0.0      -     46.2     0.0      53.8       0.0      -      2.1    95.1       2.6       0.2      -     89.1      2.0       8.9       0.0      -       -
 Total %      0.6    55.4       2.8       0.0    58.8     0.3     0.0       0.3       0.0     0.6     0.8    34.5       0.9       0.1    36.3     3.8      0.1       0.4       0.0     4.3      -
   PHF       0.542   0.953     0.750     0.000   0.974   0.750   0.000     0.438     0.000   0.650   0.643   0.831     0.786     0.500   0.837   0.900    0.500     0.563     0.000   0.902   0.955
   Car        13     1296       66        0      1375     6       0          7        0       13      18     808        22        2      850      90       2         9         0      101     2339
  % Car      100.0   100.0     100.0       -     100.0   100.0     -       100.0       -     100.0   100.0   100.0     100.0     100.0   100.0   100.0    100.0     100.0       -     100.0   100.0
                                                                  Town of Cary                        Count Name: Cary Pkwy at
                                                              316 N. Academy St.                      Huntsmoor Ln
                                                                P.O. Box 8005                         Site Code:
                                                   Cary, North Carolina, United States 27513          Start Date: 10/24/2013
                                                                 919.469.4030                         Page No: 7




                                                                      Cary Pkwy [N]
                                                                Out          In          Total
                                                                905         1375         2280
                                                                905         1375         2280


                                                           66         1296         13            0
                                                           66         1296         13            0
                                                           R           T           L             U
                                          U




                                                                                                      R
                                          0
                                          0




                                                                                                      7
                                                                                                      7
                                                         Peak Hour Data
                      Total
                              185
                                    185




                                                                                                                    Out
                                                                                                          37
                                                                                                               37
Town Village Dr [W]




                                                                                                                            Huntsmoor Ln [E]
                                          90
                                          90




                                                                                                      T
                                           L




                                                                                                      0
                                                                                                      0
                                                            10/24/2013 5:00 PM
                              101
                                    101




                                                                                                          13
                                                                                                               13
                      In




                                                                                                                    In
                                                            Ending At
                                                            10/24/2013 6:00 PM
                                          T
                                          2
                                          2




                                                                                                      L
                                                                                                      6
                                                                                                      6
                                                            Car




                                                                                                                    Total
                      Out
                              84
                                    84




                                                                                                          50
                                                                                                               50
                                          R




                                                                                                      U
                                          9
                                          9




                                                                                                      0
                                                                                                      0




                                                           U           L           T             R
                                                           2           18          808           22
                                                           2           18          808           22


                                                                1313         850         2163
                                                                1313         850         2163
                                                                Out          In          Total
                                                                      Cary Pkwy [S]


                                          Turning Movement Peak Hour Data Plot (5:00 PM)
            Town of Cary                    Count Name: Cary Pkwy at
           316 N. Academy St.               Huntsmoor Ln
             P.O. Box 8005                  Site Code:
Cary, North Carolina, United States 27513   Start Date: 10/24/2013
              919.469.4030                  Page No: 8
