                                                                                  Town of Cary                                                   Count Name: Cary Pkwy at
                                                                          316 N. Academy St.                                                     Lochmere Dr_Piney Plains Rd
                                                                            P.O. Box 8005                                                        Site Code:
                                                               Cary, North Carolina, United States 27513                                         Start Date: 09/12/2012
                                                                             919.469.4030                                                        Page No: 1



                                                                     Turning Movement Data
                        Piney Plains Rd                               Cary Pkwy                               Lochmere Dr                                 Cary Pkwy
                             Southbound                               Westbound                                Northbound                                 Eastbound
Start Time                                      App.                                     App.                                     App.                                       App.     Int.
               Left   Thru     Right   U-Turn           Left   Thru     Right   U-Turn           Left   Thru     Right   U-Turn           Left     Thru     Right   U-Turn
                                                Total                                    Total                                    Total                                      Total   Total
 6:00 AM        1      1         1        0      3       0      17        0        0      17      7      3         1        0      11      1        7        1        0       9       40
 6:15 AM        1      1         7        0      9       0      20        1        0      21      7      4         2        0      13      0        8        0        0       8       51
 6:30 AM        0      2        11        0      13      0      23        1        0      24     17     10         9        0      36      2        5        0        0       7       80
 6:45 AM        2      4         9        0      15      1      38        4        0      43     13     10         7        0      30      2        11       3        0       16     104
Hourly Total    4      8        28        0      40      1      98        6        0     105     44     27        19        0      90      5        31       4        0       40     275
 7:00 AM        0      4        14        0      18      1      53        5        1      60     25     16        14        0      55      4        12       0        1       17     150
 7:15 AM        4      9        16        0      29      2      58        6        0      66     31     35         7        0      73      1        7        1        0       9      177
 7:30 AM        3      7        13        0      23      7      63        6        0      76     29     22        21        0      72      5        24       3        0       32     203
 7:45 AM        1     10        11        0      22      9      82       15        0     106     27     42        14        0      83      5        16       9        0       30     241
Hourly Total    8     30        54        0      92     19     256       32        1     308     112    115       56        0     283     15        59       13       1       88     771
 8:00 AM        4      6         7        0      17      9      48        8        0      65     26     27        16        0      69      2        17       10       0       29     180
 8:15 AM        4     15        23        0      42      6      68        7        0      81     22     19        15        0      56      6        15       8        0       29     208
 8:30 AM        1     14        13        0      28      4      57        9        0      70     17     33         9        0      59      5        21       8        1       35     192
 8:45 AM        2     15         8        0      25      4      56        9        0      69     16     16        10        0      42      4        20       9        0       33     169
Hourly Total   11     50        51        0     112     23     229       33        0     285     81     95        50        0     226     17        73       35       1      126     749
 9:00 AM        6     14         7        0      27      7      43        8        0      58     40     12         8        0      60      4        22       8        0       34     179
 9:15 AM        1     12         5        0      18      3      48        3        0      54     12     15        14        0      41      6        24       12       0       42     155
 9:30 AM        3     10         2        0      15      4      39        3        0      46     15     12         6        0      33      5        23       10       0       38     132
 9:45 AM        1     12         2        1      16      2      36        5        0      43     13     20         4        0      37      3        20       9        0       32     128
Hourly Total   11     48        16        1      76     16     166       19        0     201     80     59        32        0     171     18        89       39       0      146     594
 10:00 AM       0     13         9        0      22      5      36        2        0      43      6     12         1        0      19      3        25       16       0       44     128
 10:15 AM       0     10         6        0      16      7      26        2        0      35     17     18         4        0      39      5        19       4        0       28     118
 10:30 AM       3     19         5        0      27      4      28        5        0      37     18     21         4        0      43      1        26       6        1       34     141
 10:45 AM       3     13         3        0      19      7      30        1        0      38     16      9         2        0      27      1        28       10       1       40     124
Hourly Total    6     55        23        0      84     23     120       10        0     153     57     60        11        0     128     10        98       36       2      146     511
 11:00 AM       1     11         7        0      19      2      29        2        0      33     13     21         4        0      38      3        20       11       0       34     124
 11:15 AM       1     12         3        0      16      6      28        3        0      37      9     18         6        0      33      4        20       12       0       36     122
 11:30 AM       3     12        11        0      26      4      27        0        0      31     14     21         1        0      36      1        30       16       1       48     141
 11:45 AM       1     14         3        0      18      8      29        3        0      40     12     16         7        0      35      7        22       15       0       44     137
Hourly Total    6     49        24        0      79     20     113        8        0     141     48     76        18        0     142     15        92       54       1      162     524
 12:00 PM       4     26         8        0      38      2      29        3        0      34     13     10         3        0      26      8        35       14       0       57     155
 12:15 PM       6     21         5        0      32      4      30        2        0      36      9     14         7        0      30      9        43       21       1       74     172
 12:30 PM       3     22         7        0      32      5      34        5        0      44      8     15         7        0      30      8        41       19       0       68     174
 12:45 PM       4     23         5        0      32      4      39        4        0      47     12     19         4        0      35     10        30       16       1       57     171
Hourly Total   17     92        25        0     134     15     132       14        0     161     42     58        21        0     121     35       149       70       2      256     672
 1:00 PM        1     20        12        1      34      2      36        8        0      46      9     13         1        0      23      6        36       11       1       54     157
 1:15 PM        9     28        11        0      48      4      31        4        0      39     13     19         5        1      38      8        42       16       0       66     191
 1:30 PM        4     21         6        0      31      1      28        3        0      32      7     19         8        0      34      2        27       4        0       33     130
 1:45 PM        4     15        11        0      30      1      31        3        0      35     18     17         6        0      41      4        45       12       0       61     167
Hourly Total   18     84        40        1     143      8     126       18        0     152     47     68        20        1     136     20       150       43       1      214     645
 2:00 PM        1     25         5        0      31      8      32        1        0      41     11     15         7        0      33      5        27       8        2       42     147
 2:15 PM        3     21         8        0      32      6      29        3        0      38      7     13         4        0      24      3        41       7        1       52     146
 2:30 PM        3     28         9        1      41      6      32        5        0      43     19     19         4        0      42      3        26       9        0       38     164
 2:45 PM        5     28         8        0      41      5      34        5        0      44     14     26         6        0      46      5        50       22       0       77     208
Hourly Total   12     102       30        1     145     25     127       14        0     166     51     73        21        0     145     16       144       46       3      209     665
 3:00 PM        6     38         6        0      50      3      38        3        0      44      9     18         6        0      33      7        40       18       1       66     193
 3:15 PM        4     35        12        0      51      5      38        7        0      50     10     17         5        1      33      8        63       22       0       93     227
 3:30 PM        1     30        13        0      44      2      46        5        1      54     13     14        14        0      41      7        59       19       0       85     224
 3:45 PM        7     29         8        0      44     11      29        6        0      46     10      8        10        0      28      6        45       22       0       73     191
Hourly Total   18     132       39        0     189     21     151       21        1     194     42     57        35        1     135     28       207       81       1      317     835
 4:00 PM        5     27         8        0      40     10      33        1        0      44     13     23         6        0      42      7        59       22       0       88     214
 4:15 PM        6     18         7        0      31      4      35        2        0      41      8     17         7        0      32      7        72       21       0      100     204
 4:30 PM        8     30         8        0      46      9      29        5        0      43     14     20        11        0      45      6        56       26       0       88     222
 4:45 PM        5     35        16        0      56      3      28        9        0      40      7     15         9        0      31      6        72       23       2      103     230
Hourly Total   24     110       39        0     173     26     125       17        0     168     42     75        33        0     150     26       259       92       2      379     870
 5:00 PM        9     40         6        0      55      6      47        4        0      57     21     17         6        0      44      9        75       32       0      116     272
 5:15 PM        8     53         8        0      69      4      33        1        0      38     10     24        11        0      45     10        94       23       0      127     279
 5:30 PM        7     39         8        0      54     10      31        7        1      49      9     24         9        0      42     10        82       30       0      122     267
 5:45 PM        5     42        14        0      61      2      30        6        0      38     13     24         8        0      45      7        67       31       0      105     249
Hourly Total   29     174       36        0     239     22     141       18        1     182     53     89        34        0     176     36       318      116       0      470     1067
 6:00 PM        6     31        16        0      53      4      34        2        0      40     11     18         9        0      38     12        95       32       0      139     270
 6:15 PM        7     34         9        0      50      9      34        6        0      49     14     18         9        0      41      5        57       27       1       90     230
 6:30 PM        4       40      4       0       48      9       41      6       0       56      12      17      9       0       38      9       43      18      0       70      212
 6:45 PM        5       23      10      0       38      12      30      3       0       45      6       20      5       0       31      4       47      23      0       74      188
Hourly Total    22     128      39      0      189      34     139      17      0      190      43      73      32      0      148      30     242     100      1      373      900
 7:00 PM        7       25      14      0       46      5       33      3       0       41      9       12      3       0       24      10      35      23      0       68      179
 7:15 PM        1       28      3       0       32      2       14      0       0       16      7       22      8       0       37      8       42      14      1       65      150
 7:30 PM        11      17      8       0       36      5       15      5       0       25      5       11      4       0       20      1       43      18      0       62      143
 7:45 PM        4       18      6       0       28      2       17      5       0       24      8       12      8       0       28      7       44      14      0       65      145
Hourly Total    23      88      31      0      142      14      79      13      0      106      29      57      23      0      109      26     164      69      1      260      617
 8:00 PM        3       20      5       0       28      3       28      4       0       35      6       13      9       0       28      8       33      12      0       53      144
 8:15 PM        8       27      5       0       40      5       16      1       0       22      9       8       2       0       19      12      43      7       0       62      143
 8:30 PM        2       16      4       0       22      1       17      7       0       25      2       13      4       0       19      2       43      18      0       63      129
 8:45 PM        4       21      7       0       32      4       16      2       0       22      7       6       3       0       16      5       45      14      0       64      134
Hourly Total    17      84      21      0      122      13      77      14      0      104      24      40      18      0       82      27     164      51      0      242      550
 9:00 PM        5       10      6       0       21      3       10      0       0       13      7       9       4       0       20      5       25      7       0       37      91
 9:15 PM        2       6       2       0       10      2       13      1       1       17      3       2       2       0       7       6       33      6       0       45      79
 9:30 PM        4       6       4       0       14      2       9       2       0       13      3       1       2       0       6       4       20      3       0       27      60
 9:45 PM        1       11      2       0       14      0       6       2       0       8       3       4       0       0       7       5       19      6       0       30      59
Hourly Total    12      33      14      0       59      7       38      5       1       51      16      16      8       0       40      20      97      22      0      139      289
Grand Total    238     1267    510      3      2018    287     2117    259      4      2667    811     1038    431      2      2282    344     2336    871      16     3567    10534
Approach %     11.8    62.8    25.3     0.1      -     10.8    79.4     9.7     0.1      -     35.5    45.5    18.9     0.1      -      9.6    65.5    24.4     0.4      -       -
  Total %       2.3    12.0     4.8     0.0    19.2     2.7    20.1     2.5     0.0    25.3     7.7     9.9     4.1     0.0    21.7     3.3    22.2     8.3     0.2    33.9      -
    Car        238     1267    510      3      2018    287     2117    259      4      2667    811     1038    431      2      2282    344     2336    871      16     3567    10534
  % Car        100.0   100.0   100.0   100.0   100.0   100.0   100.0   100.0   100.0   100.0   100.0   100.0   100.0   100.0   100.0   100.0   100.0   100.0   100.0   100.0   100.0
                                                            Town of Cary                             Count Name: Cary Pkwy at
                                                        316 N. Academy St.                           Lochmere Dr_Piney Plains Rd
                                                          P.O. Box 8005                              Site Code:
                                             Cary, North Carolina, United States 27513               Start Date: 09/12/2012
                                                           919.469.4030                              Page No: 3




                                                            Piney Plains Rd [N]
                                                          Out           In          Total
                                                          1644         2018         3662
                                                          1644         2018         3662


                                                    510         1267          238           3
                                                    510         1267          238           3
                                                     R           T            L             U




                                                                                                  259
                                                                                                  259
                                      16
                                      16
                                      U




                                                                                                   R
                Total
                        7021
                               7021




                                                                                                         3009
                                                                                                                3009
                                                                                                                       Out
Cary Pkwy [W]




                                                                                                  2117
                                                                                                  2117




                                                                                                                               Cary Pkwy [E]
                                      344
                                      344




                                                                                                   T
                                       L
                        3567
                               3567




                                                                                                         2667
                                                                                                                2667
                                                      09/12/2012 6:00 AM
                In




                                                                                                                       In
                                                      Ending At
                                                      09/12/2012 10:00 PM
                                      2336
                                      2336




                                                                                                  287
                                                                                                  287
                                       T




                                                                                                   L
                                                      Car
                        3454
                               3454




                                                                                                         5676
                                                                                                                5676
                                                                                                                       Total
                Out




                                      871
                                      871
                                       R




                                                                                                  U
                                                                                                  4
                                                                                                  4




                                                     U           L            T             R
                                                     2           811         1038           431
                                                     2           811         1038           431


                                                          2427         2282         4709
                                                          2427         2282         4709
                                                          Out           In          Total
                                                             Lochmere Dr [S]


                                             Turning Movement Data Plot
                                                                                   Town of Cary                                                     Count Name: Cary Pkwy at
                                                                          316 N. Academy St.                                                        Lochmere Dr_Piney Plains Rd
                                                                            P.O. Box 8005                                                           Site Code:
                                                               Cary, North Carolina, United States 27513                                            Start Date: 09/12/2012
                                                                             919.469.4030                                                           Page No: 4




                                               Turning Movement Peak Hour Data (7:30 AM)
                        Piney Plains Rd                                Cary Pkwy                                 Lochmere Dr                                  Cary Pkwy
                            Southbound                                 Westbound                                  Northbound                                  Eastbound
Start Time                                     App.                                        App.                                      App.                                         App.     Int.
             Left    Thru     Right   U-Turn           Left    Thru      Right   U-Turn            Left    Thru     Right   U-Turn           Left     Thru      Right   U-Turn
                                               Total                                       Total                                     Total                                        Total   Total
 7:30 AM      3       7        13        0      23      7       63         6        0       76      29      22       21        0      72      5        24        3         0       32     203
 7:45 AM      1       10       11        0      22      9       82        15        0      106      27      42       14        0      83      5        16        9         0       30     241
 8:00 AM      4       6         7        0      17      9       48         8        0       65      26      27       16        0      69      2        17        10        0       29     180
 8:15 AM      4       15       23        0      42      6       68         7        0       81      22      19       15        0      56      6        15        8         0       29     208
  Total       12      38       54        0     104      31     261        36        0      328     104     110       66        0     280      18       72        30        0      120     832
Approach %   11.5    36.5      51.9      0.0     -      9.5    79.6      11.0       0.0      -     37.1    39.3      23.6      0.0     -     15.0     60.0      25.0       0.0      -       -
 Total %      1.4     4.6      6.5       0.0   12.5     3.7    31.4       4.3       0.0    39.4    12.5    13.2      7.9       0.0   33.7     2.2      8.7       3.6       0.0    14.4      -
   PHF       0.750   0.633    0.587   0.000    0.619   0.861   0.796     0.600     0.000   0.774   0.897   0.655    0.786   0.000    0.843   0.750    0.750     0.750     0.000   0.938   0.863
   Car        12      38       54        0     104      31     261        36        0      328     104     110       66        0     280      18       72        30        0      120     832
  % Car      100.0   100.0    100.0       -    100.0   100.0   100.0     100.0       -     100.0   100.0   100.0    100.0       -    100.0   100.0    100.0     100.0       -     100.0   100.0
                                                            Town of Cary                         Count Name: Cary Pkwy at
                                                        316 N. Academy St.                       Lochmere Dr_Piney Plains Rd
                                                          P.O. Box 8005                          Site Code:
                                             Cary, North Carolina, United States 27513           Start Date: 09/12/2012
                                                           919.469.4030                          Page No: 5




                                                            Piney Plains Rd [N]
                                                          Out         In          Total
                                                          164         104         268
                                                          164         104         268


                                                     54         38          12            0
                                                     54         38          12            0
                                                     R          T           L             U




                                                                                               36
                                                                                               36
                                    U




                                                                                               R
                                    0
                                    0




                                                   Peak Hour Data
                Total
                        539
                              539




                                                                                                     150
                                                                                                           150
                                                                                                                 Out
Cary Pkwy [W]




                                                                                                                         Cary Pkwy [E]
                                                                                               261
                                                                                               261
                                    18
                                    18




                                                                                                T
                                     L




                                                      09/12/2012 7:30 AM
                        120
                              120




                                                                                                     328
                                                                                                           328
                In




                                                                                                                 In
                                                      Ending At
                                                      09/12/2012 8:30 AM
                                    72
                                    72




                                                                                               31
                                                                                               31
                                    T




                                                                                                L
                                                      Car




                                                                                                                 Total
                        419
                              419




                                                                                                     478
                                                                                                           478
                Out




                                    30
                                    30
                                    R




                                                                                               U
                                                                                               0
                                                                                               0




                                                     U          L           T             R
                                                     0          104         110           66
                                                     0          104         110           66


                                                          99          280         379
                                                          99          280         379
                                                          Out         In          Total
                                                             Lochmere Dr [S]


                                    Turning Movement Peak Hour Data Plot (7:30 AM)
                                                                                   Town of Cary                                                      Count Name: Cary Pkwy at
                                                                          316 N. Academy St.                                                         Lochmere Dr_Piney Plains Rd
                                                                            P.O. Box 8005                                                            Site Code:
                                                               Cary, North Carolina, United States 27513                                             Start Date: 09/12/2012
                                                                             919.469.4030                                                            Page No: 6




                                               Turning Movement Peak Hour Data (5:00 PM)
                        Piney Plains Rd                                Cary Pkwy                                  Lochmere Dr                                  Cary Pkwy
                            Southbound                                 Westbound                                  Northbound                                   Eastbound
Start Time                                     App.                                        App.                                       App.                                         App.     Int.
             Left    Thru     Right   U-Turn           Left    Thru      Right   U-Turn            Left    Thru      Right   U-Turn           Left     Thru      Right   U-Turn
                                               Total                                       Total                                      Total                                        Total   Total
 5:00 PM      9       40        6        0      55      6       47         4        0       57      21      17        6         0      44      9        75        32        0      116     272
 5:15 PM      8       53        8        0      69      4       33         1        0       38      10      24        11        0      45      10       94        23        0      127     279
 5:30 PM      7       39        8        0      54      10      31         7        1       49      9       24        9         0      42      10       82        30        0      122     267
 5:45 PM      5       42       14        0      61      2       30         6        0       38      13      24        8         0      45      7        67        31        0      105     249
  Total       29     174       36        0     239      22     141        18        1      182      53      89        34        0     176      36      318       116        0      470     1067
Approach %   12.1    72.8      15.1      0.0     -     12.1    77.5       9.9       0.5      -     30.1    50.6      19.3       0.0     -      7.7     67.7      24.7       0.0      -       -
 Total %      2.7    16.3      3.4       0.0   22.4     2.1    13.2       1.7       0.1    17.1     5.0     8.3       3.2       0.0   16.5     3.4     29.8      10.9       0.0    44.0      -
   PHF       0.806   0.821    0.643   0.000    0.866   0.550   0.750     0.643     0.250   0.798   0.631   0.927     0.773   0.000    0.978   0.900    0.846     0.906     0.000   0.925   0.956
   Car        29     174       36        0     239      22     141        18        1      182      53      89        34        0     176      36      318       116        0      470     1067
  % Car      100.0   100.0    100.0       -    100.0   100.0   100.0     100.0     100.0   100.0   100.0   100.0     100.0       -    100.0   100.0    100.0     100.0       -     100.0   100.0
                                                             Town of Cary                        Count Name: Cary Pkwy at
                                                         316 N. Academy St.                      Lochmere Dr_Piney Plains Rd
                                                           P.O. Box 8005                         Site Code:
                                              Cary, North Carolina, United States 27513          Start Date: 09/12/2012
                                                            919.469.4030                         Page No: 7




                                                             Piney Plains Rd [N]
                                                           Out         In         Total
                                                           143         239        382
                                                           143         239        382


                                                      36         174         29           0
                                                      36         174         29           0
                                                      R          T           L            U




                                                                                               18
                                                                                               18
                                    U




                                                                                               R
                                    0
                                    0




                                                    Peak Hour Data
                Total
                        700
                              700




                                                                                                     382
                                                                                                           382
                                                                                                                 Out
Cary Pkwy [W]




                                                                                                                         Cary Pkwy [E]
                                                                                               141
                                                                                               141
                                    36
                                    36




                                                                                                T
                                     L




                                                       09/12/2012 5:00 PM
                        470
                              470




                                                                                                     182
                                                                                                           182
                In




                                                                                                                 In
                                                       Ending At
                                                       09/12/2012 6:00 PM
                                    318
                                    318




                                                                                               22
                                                                                               22
                                     T




                                                                                                L
                                                       Car




                                                                                                                 Total
                        230
                              230




                                                                                                     564
                                                                                                           564
                Out




                                    116
                                    116
                                     R




                                                                                               U
                                                                                               1
                                                                                               1




                                                      U          L           T            R
                                                      0          53          89           34
                                                      0          53          89           34


                                                           312         176        488
                                                           312         176        488
                                                           Out         In         Total
                                                              Lochmere Dr [S]


                                     Turning Movement Peak Hour Data Plot (5:00 PM)
            Town of Cary                    Count Name: Cary Pkwy at
           316 N. Academy St.               Lochmere Dr_Piney Plains Rd
             P.O. Box 8005                  Site Code:
Cary, North Carolina, United States 27513   Start Date: 09/12/2012
              919.469.4030                  Page No: 8
