                                                                                 Town of Cary                                                      Count Name: Cary Pkwy at High
Schools: NA                                                              316 N. Academy St.                                                        Meadow Dr
Weather: Sunny                                                             P.O. Box 8005                                                           Site Code: 20120413
Signal ID: NA                                                 Cary, North Carolina, United States 27513                                            Start Date: 06/19/2012
Pedestrians: Counted                                                        919.469.4030                                                           Page No: 1



                                                                    Turning Movement Data
                            High Meadow                             Cary Parkway                                  NA                                       Cary Parkway
                              Southbound                             Westbound                                 Northbound                                   Eastbound
 Start Time                                    App.                                      App.                                       App.                                        App.     Int.
                Left   Thru     Right   Peds           Left   Thru     Peds      Right           Left   Peds      Thru      Right           Left     Peds      Thru     Right
                                               Total                                     Total                                      Total                                       Total   Total
  6:00 AM       11      0         0        0    11      0      24        1         9      34      0      0         0         0       0       0        0        31         0      31      76
  6:15 AM       17      1         0        0    18      0      28        1         16     45      0      0         0         0       0       0        0        47         0      47     110
  6:30 AM       21      1         0        1    23      0      53        2         31     86      0      0         0         0       0       1        0        72         0      73     182
  6:45 AM       22      2         0        0    24      0      97        1         50    148      0      0         0         0       0       2        2        109        0     113     285
 Hourly Total   71      4         0        1    75      0     202        5       106     308      0      0         0         0       0       3        2        259        0     262     645
  7:00 AM       30      0         0        0    30      0      88        1         60    149      0      0         0         0       0       3        0        107        0     110     289
  7:15 AM       39      2         2        1    44      0      87        3         33    123      0      0         0         0       0       6        1        146        0     153     320
  7:30 AM       47      0         1        0    48      0      83        1         33    117      0      0         0         0       0       4        1        141        0     146     311
  7:45 AM       32      0         1        0    33      2     123        3         36    164      0      0         0         0       0       3        1        146        0     150     347
 Hourly Total   148     2         4        1   154      2     381        8       162     545      0      0         0         0       0      16        3        540        0     556     1255
  8:00 AM       44      0         0        0    44      1     172        1         53    227      0      0         0         0       0       3        1        178        0     182     453
  8:15 AM       51      1         2        0    54      0     143        2         62    207      0      0         0         0       0      10        5        170        0     185     446
  8:30 AM       34      0         3        0    37      1     150        0         69    220      0      0         0         0       0      16        0        169        0     185     442
  8:45 AM       37      0         5        0    42      3     185        0         63    251      0      0         0         0       0      12        2        189        0     203     496
 Hourly Total   166     1        10        0   177      5     650        3       247     902      0      0         0         0       0      41        8        706        0     747     1826
  9:00 AM       30      0         4        0    34      4     146        2         60    212      0      0         0         0       0      12        1        156        0     169     415
  9:15 AM       44      0         3        0    47      1     143        1         44    189      0      0         0         0       0      20        2        147        0     169     405
  9:30 AM       41      0         5        1    47      2     117        8         52    179      0      0         0         0       0      10        2        120        0     132     358
  9:45 AM       35      0         5        1    41      2     131        5         54    192      0      0         0         0       0      15        2        137        0     154     387
 Hourly Total   150     0        17        2   167      9     537       16       210     756      0      0         0         0       0      57        7        560        0     617     1540
  10:00 AM      31      0         5        1    37      2     142        1         57    202      0      0         0         0       0      21        2        153        0     176     415
  10:15 AM      26      0         6        0    32      0     117        0         44    161      0      0         0         0       0      12        3        132        0     147     340
  10:30 AM      39      0         4        2    45      3     140        2         50    195      0      0         0         0       0      10        1        128        0     139     379
  10:45 AM      43      1         7        1    52      6     138        5         41    190      0      0         0         0       0      18        3        134        0     155     397
 Hourly Total   139     1        22        4   162     11     537        8       192     740      0      0         0         0       0      61        9        547        0     608     1510
  11:00 AM      45      0         2        2    49      4     147        9         55    215      0      0         0         0       0      15        2        121        0     138     402
  11:15 AM      37      0         4        1    42      0     136        1         42    179      0      0         0         0       0      16        5        146        0     167     388
  11:30 AM      51      1         6        1    59      1     155        2         44    202      0      0         0         0       0      20        2        122        0     144     405
  11:45 AM      44      0         3        2    49      2     137        1         42    182      0      0         0         0       0      10        2        133        0     145     376
 Hourly Total   177     1        15        6   193      7     575       13       183     765      0      0         0         0       0      61        11       522        0     583     1541
  12:00 PM      41      0         5        1    47      3     151        6         45    205      0      0         0         0       0      24        0        127        0     151     403
  12:15 PM      44      0         6        0    50      0     158        2         46    206      0      0         0         0       0      27        1        145        0     173     429
  12:30 PM      53      1         5        0    59      3     154        1         53    211      0      0         0         0       0      21        4        136        0     161     431
  12:45 PM      75      0         6        1    82      2     173        2         34    211      0      0         0         0       0      20        2        156        0     178     471
 Hourly Total   213     1        22        2   236      8     636       11       178     822      0      0         0         0       0      92        7        564        0     656     1714
  1:00 PM       61      2         2        1    66      5     173        2         44    224      0      0         0         0       0      29        3        146        0     178     468
  1:15 PM       40      0         7        0    47      3     128        3         39    173      0      0         0         0       0      10        2        122        0     134     354
  1:30 PM       46      0         6        0    52      4     128        1         44    177      0      0         0         0       0      25        3        135        0     163     392
  1:45 PM       50      0         8        2    60      3     185        2         59    249      0      0         0         0       0      14        3        132        0     149     458
 Hourly Total   197     2        23        3   222     15     614        8       186     815      0      0         0         0       0      78        11       535        0     613     1650
  2:00 PM       55      0         5        2    62      2     159        4         55    220      0      0         0         0       0      11        3        123        0     137     419
  2:15 PM       60      0         4        0    64      0     149        6         52    207      0      0         0         0       0       8        3        113        0     124     395
  2:30 PM       58      0         3        1    62      2     157        4         53    216      0      0         0         0       0      17        4        160        0     181     459
  2:45 PM       48      0         3        0    51      3     177        0         50    230      0      0         0         0       0      18        3        194        0     215     496
 Hourly Total   221     0        15        3   236      7     642       14       210     859      0      0         0         0       0      54        13       590        0     644     1739
  3:00 PM       45      0         5        0    50      0     201        3         56    260      0      0         0         0       0      16        1        142        0     159     469
  3:15 PM       54      0         5        0    59     12     120        1         40    173      0      0         0         0       0      11        1        104        0     116     348
  3:30 PM       45      0         3        0    48      0     169        1         52    222      0      0         0         0       0      14        5        132        0     151     421
  3:45 PM       58      0         6        0    64      1     177        3         66    247      0      0         0         0       0      20        1        172        0     193     504
 Hourly Total   202     0        19        0   221     13     667        8       214     894      0      0         0         0       0      61        8        550        0     611     1726
  4:00 PM       55      0        11        0    66      3     163        1         54    221      0      0         0         0       0      12        0        112        0     124     411
  4:15 PM       71      0         6        0    77     13     226        2         60    301      0      0         0         0       0      13        2        159        0     174     552
  4:30 PM       33      0         5        0    38     24     117        1         52    194      0      0         0         0       0      14        2        109        0     125     357
  4:45 PM       60      1         3        0    64      0     196        0         58    254      0      0         0         0       0      10        1        130        0     141     459
 Hourly Total   219     1        25        0   245     40     702        4       224     966      0      0         0         0       0      49        5        510        0     559     1770
  5:00 PM       72      0        20        0    92      0     214        2         70    286      0      0         0         0       0      18        1        137        0     156     534
  5:15 PM       70      0        10        0    80      0     225        0         83    308      0      0         0         0       0      16        0        229        0     245     633
  5:30 PM       82      0         7        1    90      0     243        2         97    342      0      0         0         0       0      11        0        199        0     210     642
  5:45 PM       97      0         8        0   105      2     226        2       112     342      0      0         0         0       0      18        2        214        0     234     681
 Hourly Total   321     0        45        1   366      2     908        6       362     1272     0      0         0         0       0      63        3        779        0     842     2480
  6:00 PM       76      0         7        0    83      1     225        3         76    305      0      0         0         0       0      14        0        171        0     185     573
  6:15 PM       62      1        10        0    73      0     179        0         71    250      0      0         0         0       0      16        0        162        0     178     501
 6:30 PM        71      0       8       0       79     0      163      0       62      225     0    0    0     0    0      14      1      156     0     171      475
 6:45 PM        83      0       5       1       89     0      149      0       50      199     0    0    0     0    0      10      0      144     0     154      442
Hourly Total   292      1       30      1      323     1      716      3      259      976     0    0    0     0    0      54      1      633     0     687     1986
 7:00 PM        73      0       5       0       78     1      159      0       42      202     0    0    0     0    0      11      0      115     0     126      406
 7:15 PM        59      0       5       0       64     0      155      0       40      195     0    0    0     0    0      15      0      125     0     140      399
 7:30 PM        53      1       2       0       56     0      107      0       40      147     0    0    0     0    0      10      1       98     0     109      312
 7:45 PM        72      4       1       0       77     1      119      0       24      144     0    0    0     0    0      6       0       99     0     105      326
Hourly Total   257      5       13      0      275     2      540      0      146      688     0    0    0     0    0      42      1      437     0     479     1442
 8:00 PM        60      0       7       0       67     0      119      0       31      150     0    0    0     0    0      6       0       77     0      83      300
 8:15 PM        63      2       8       0       73     0      111      0       21      132     0    0    0     0    0      8       0       89     0      97      302
 8:30 PM        41      2       1       0       44     0      100      0       26      126     0    0    0     0    0      6       0       67     0      73      243
 8:45 PM        49      0       2       0       51     0      111      0       23      134     0    0    0     0    0      5       0       84     0      89      274
Hourly Total   213      4       18      0      235     0      441      0      101      542     0    0    0     0    0      25      0      317     0     342     1119
 9:00 PM        69      0       0       0       69     0       94      1       16      111     0    0    0     0    0      5       0       83     0      88      268
 9:15 PM        41      0       1       0       42     0       84      0       15      99      0    0    0     0    0      2       1       80     0      83      224
 9:30 PM        17      0       0       0       17     0       66      0       17      83      0    0    0     0    0      6       0       57     0      63      163
 9:45 PM        15      0       0       0       15     0       57      0       13      70      0    0    0     0    0      4       1       46     0      51      136
Hourly Total   142      0       1       0      143     0      301      1       61      362     0    0    0     0    0      17      2      266     0     283      788
Grand Total    3128     23     279      24     3430   122     9049    108     3041    12212    0    0    0     0    0     774      91     8315    0     9089    24731
Approach %     91.2     0.7     8.1      -      -      1.0    74.1      -     24.9      -     NaN   -   NaN   NaN    -     8.5      -     91.5    0.0     -       -
  Total %      12.6     0.1     1.1      -     13.9    0.5    36.6      -     12.3    49.4    0.0   -   0.0   0.0   0.0    3.1      -     33.6    0.0   36.8      -
 Cars and      3128     0      279      24     3407   122     9049    108     3041    12212    0    0    0     0    0     774      91     8315    0     9089    24708
  Trucks
% Cars and     100.0    0.0    100.0   100.0   99.3   100.0   100.0   100.0   100.0   100.0    -    -    -     -     -    100.0   100.0   100.0    -    100.0   99.9
  Trucks
  Trucks        0       23      0       0       23     0       0       0       0       0       0    0    0     0    0      0       0       0      0      0       23
 % Trucks       0.0    100.0    0.0     0.0    0.7     0.0     0.0     0.0     0.0     0.0     -    -    -     -     -     0.0     0.0     0.0     -     0.0     0.1
  Bank 2        0       0       0       0       0      0       0       0       0       0       0    0    0     0    0      0       0       0      0      0       0
 % Bank 2       0.0     0.0     0.0     0.0    0.0     0.0     0.0     0.0     0.0     0.0     -    -    -     -     -     0.0     0.0     0.0     -     0.0     0.0
                                                                                                           Town of Cary                                                    Count Name: Cary Pkwy at High
Schools: NA                                                                                            316 N. Academy St.                                                  Meadow Dr
Weather: Sunny                                                                                           P.O. Box 8005                                                     Site Code: 20120413
Signal ID: NA                                                                               Cary, North Carolina, United States 27513                                      Start Date: 06/19/2012
Pedestrians: Counted                                                                                      919.469.4030                                                     Page No: 3




                                                                                                                High Meadow [N]
                                                                                                           Out           In         Total
                                                                                                           4038        3407         7445
                                                                                                            0           23           23
                                                                                                            0            0           0
                                                                                                           4038        3430         7468


                                                                                                     279          0           3128          24
                                                                                                      0           23            0           0
                                                                                                      0           0             0           0
                                                                                                     279          23          3128          24
                                                                                                     R            T             L           U
                                          18417




                                                          18417




                                                                                                                                                                           11443




                                                                                                                                                                                           11443
                                  Total




                                                                                                                                                     3149



                                                                                                                                                                    3149
                                                                  865



                                                                                 865




                                                                                                                                                                                                   Out
                                                                                                                                                 R
                                                  0
                                                      0




                                                                         0
                                                                             0


                                                                                        L




                                                                                                                                                            0
                                                                                                                                                                0




                                                                                                                                                                                   0
                                                                                                                                                                                       0
               Cary Parkway [W]




                                                                                                                                                                                                           Cary Parkway [E]
                                                                                                                                                                           12212




                                                                                                                                                                                           12212
                                          9089




                                                          9089


                                                                  8315



                                                                                 8315




                                                                                                                                                     9049



                                                                                                                                                                    9049
                                                                                                      06/19/2012 6:00 AM
                                  In




                                                                                                                                                                                                   In
                                                                                        T




                                                                                                                                                 T
                                                  0
                                                      0




                                                                         0
                                                                             0




                                                                                                                                                            0
                                                                                                                                                                0




                                                                                                                                                                                   0
                                                                                                                                                                                       0
                                                                                                      Ending At
                                                                                                      06/19/2012 10:00 PM




                                                                                                                                                                           23655




                                                                                                                                                                                           23655
                                                                                                      Cars and Trucks
                                          9328




                                                          9328




                                                                                                                                                                                                   Total
                                                                                                                                                     122



                                                                                                                                                                    122
                                  Out




                                                                                        R
                                                  0
                                                      0



                                                                  0
                                                                         0
                                                                             0
                                                                                 0




                                                                                                                                                 L


                                                                                                                                                            0
                                                                                                                                                                0




                                                                                                                                                                                   0
                                                                                                                                                                                       0
                                                                                                      Trucks
                                                                                                      Bank 2




                                                                                                            L            T           R
                                                                                                            0            0           0
                                                                                                            0            0           0
                                                                                                            0            0           0
                                                                                                            0            0           0


                                                                                                           122           0           122
                                                                                                           23            0           23
                                                                                                            0            0           0
                                                                                                           145           0           145
                                                                                                           Out           In         Total
                                                                                                                       NA [S]


                                                                                            Turning Movement Data Plot
                                                                                   Town of Cary                                                       Count Name: Cary Pkwy at High
Schools: NA                                                               316 N. Academy St.                                                          Meadow Dr
Weather: Sunny                                                              P.O. Box 8005                                                             Site Code: 20120413
Signal ID: NA                                                  Cary, North Carolina, United States 27513                                              Start Date: 06/19/2012
Pedestrians: Counted                                                         919.469.4030                                                             Page No: 4




                                               Turning Movement Peak Hour Data (8:00 AM)
                             High Meadow                            Cary Parkway                                     NA                                       Cary Parkway
                             Southbound                                Westbound                                  Northbound                                    Eastbound
 Start Time                                    App.                                        App.                                        App.                                         App.     Int.
              Left    Thru      Right   Peds           Left    Thru      Peds      Right           Left    Peds      Thru      Right           Left     Peds      Thru      Right
                                               Total                                       Total                                       Total                                        Total   Total
  8:00 AM      44      0          0        0    44      1      172         1        53     227      0       0         0         0       0       3        1        178        0      182     453
  8:15 AM      51      1          2        0    54      0      143         2        62     207      0       0         0         0       0       10       5        170        0      185     446
  8:30 AM      34      0          3        0    37      1      150         0        69     220      0       0         0         0       0       16       0        169        0      185     442
  8:45 AM      37      0          5        0    42      3      185         0        63     251      0       0         0         0       0       12       2        189        0      203     496
   Total      166      1         10        0   177      5      650         3       247     902      0       0         0         0       0       41       8        706        0      747     1826
 Approach %   93.8     0.6       5.6       -     -      0.6    72.1        -       27.4      -     NaN      -        NaN       NaN       -      5.5       -       94.5       0.0      -       -
  Total %      9.1     0.1       0.5       -    9.7     0.3    35.6        -       13.5    49.4     0.0     -        0.0        0.0     0.0     2.2       -       38.7       0.0    40.9      -
    PHF       0.814   0.250     0.500      -   0.819   0.417   0.878       -       0.895   0.898   0.000    -       0.000   0.000      0.000   0.641      -       0.934     0.000   0.929   0.924
  Cars and    166      0         10        0   176      5      650         3       247     902      0       0         0         0       0       41       8        706        0      747     1825
   Trucks
 % Cars and   100.0    0.0      100.0      -   99.4    100.0   100.0     100.0     100.0   100.0     -      -         -          -       -     100.0    100.0     100.0       -     100.0   99.9
   Trucks
   Trucks      0       1          0        0    1       0       0          0        0       0       0       0         0         0       0       0        0         0         0       0       1
  % Trucks     0.0    100.0      0.0       -    0.6     0.0     0.0       0.0       0.0     0.0      -      -         -          -       -      0.0      0.0       0.0        -      0.0     0.1
   Bank 2      0       0          0        0    0       0       0          0        0       0       0       0         0         0       0       0        0         0         0       0       0
  % Bank 2     0.0     0.0       0.0       -    0.0     0.0     0.0       0.0       0.0     0.0      -      -         -          -       -      0.0      0.0       0.0        -      0.0     0.0
                                                                                                       Town of Cary                                               Count Name: Cary Pkwy at High
Schools: NA                                                                                         316 N. Academy St.                                            Meadow Dr
Weather: Sunny                                                                                        P.O. Box 8005                                               Site Code: 20120413
Signal ID: NA                                                                            Cary, North Carolina, United States 27513                                Start Date: 06/19/2012
Pedestrians: Counted                                                                                   919.469.4030                                               Page No: 5




                                                                                                           High Meadow [N]
                                                                                                       Out         In         Total
                                                                                                       299        176         475
                                                                                                       0           1           1
                                                                                                       0           0           0
                                                                                                       299        177         476


                                                                                                  10         0          166           0
                                                                                                   0         1            0           0
                                                                                                   0         0            0           0
                                                                                                  10         1          166           0
                                                                                                  R          T            L           U




                                                                                                Peak Hour Data
                                  Total
                                          1407




                                                         1407




                                                                                                                                              250



                                                                                                                                                            250


                                                                                                                                                                  872




                                                                                                                                                                                 872
                                                                                                                                                                                        Out
                                                                 49



                                                                               49




                                                                                                                                          R
                                                 0
                                                     0




                                                                       0
                                                                           0


                                                                                     L




                                                                                                                                                    0
                                                                                                                                                        0




                                                                                                                                                                         0
                                                                                                                                                                             0
               Cary Parkway [W]




                                                                                                                                                                                                Cary Parkway [E]
                                                                                                   06/19/2012 8:00 AM
                                          747




                                                         747


                                                                 706



                                                                               706




                                                                                                                                              650



                                                                                                                                                            650


                                                                                                                                                                  902




                                                                                                                                                                                 902
                                  In




                                                                                                                                                                                        In
                                                                                     T




                                                                                                                                          T
                                                 0
                                                     0




                                                                       0
                                                                           0




                                                                                                                                                    0
                                                                                                                                                        0




                                                                                                                                                                         0
                                                                                                                                                                             0
                                                                                                   Ending At
                                                                                                   06/19/2012 9:00 AM

                                                                                                   Cars and Trucks




                                                                                                                                                                  1774




                                                                                                                                                                                 1774
                                                                                                                                                                                        Total
                                          660




                                                         660
                                  Out




                                                                                     R
                                                 0
                                                     0



                                                                 0
                                                                       0
                                                                           0
                                                                               0




                                                                                                                                          L
                                                                                                                                              5
                                                                                                                                                    0
                                                                                                                                                        0
                                                                                                                                                            5



                                                                                                                                                                         0
                                                                                                                                                                             0
                                                                                                   Trucks
                                                                                                   Bank 2




                                                                                                       L           T           R
                                                                                                       0           0           0
                                                                                                       0           0           0
                                                                                                       0           0           0
                                                                                                       0           0           0


                                                                                                       5           0           5
                                                                                                       1           0           1
                                                                                                       0           0           0
                                                                                                       6           0           6
                                                                                                       Out         In         Total
                                                                                                                 NA [S]


                                                                Turning Movement Peak Hour Data Plot (8:00 AM)
                                                                                     Town of Cary                                                       Count Name: Cary Pkwy at High
Schools: NA                                                                 316 N. Academy St.                                                          Meadow Dr
Weather: Sunny                                                                P.O. Box 8005                                                             Site Code: 20120413
Signal ID: NA                                                    Cary, North Carolina, United States 27513                                              Start Date: 06/19/2012
Pedestrians: Counted                                                           919.469.4030                                                             Page No: 6




                                                 Turning Movement Peak Hour Data (5:15 PM)
                             High Meadow                              Cary Parkway                                     NA                                       Cary Parkway
                             Southbound                                  Westbound                                  Northbound                                    Eastbound
 Start Time                                      App.                                        App.                                        App.                                         App.     Int.
              Left    Thru      Right   Peds             Left    Thru      Peds      Right           Left    Peds      Thru      Right           Left     Peds      Thru      Right
                                                 Total                                       Total                                       Total                                        Total   Total
  5:15 PM      70      0         10        0      80      0      225         0        83     308      0       0         0         0       0       16       0        229        0      245     633
  5:30 PM      82      0          7        1      90      0      243         2        97     342      0       0         0         0       0       11       0        199        0      210     642
  5:45 PM      97      0          8        0     105      2      226         2       112     342      0       0         0         0       0       18       2        214        0      234     681
  6:00 PM      76      0          7        0      83      1      225         3        76     305      0       0         0         0       0       14       0        171        0      185     573
   Total      325      0         32        1     357      3      919         7       368     1290     0       0         0         0       0       59       2        813        0      872     2519
 Approach %   91.0     0.0       9.0        -      -      0.2    71.2        -       28.5      -     NaN      -        NaN       NaN       -      6.8       -       93.2       0.0      -       -
  Total %     12.9     0.0       1.3        -    14.2     0.1    36.5        -       14.6    51.2     0.0     -        0.0        0.0     0.0     2.3       -       32.3       0.0    34.6      -
    PHF       0.838   0.000     0.800       -    0.850   0.375   0.945       -       0.821   0.949   0.000    -       0.000   0.000      0.000   0.819      -       0.888     0.000   0.890   0.930
  Cars and    325      0         32        1     357      3      919         7       368     1290     0       0         0         0       0       59       2        813        0      872     2519
   Trucks
 % Cars and   100.0     -       100.0   100.0    100.0   100.0   100.0     100.0     100.0   100.0     -      -         -          -       -     100.0    100.0     100.0       -     100.0   100.0
   Trucks
   Trucks      0       0          0        0      0       0       0          0        0       0       0       0         0         0       0       0        0         0         0       0       0
  % Trucks     0.0      -        0.0       0.0    0.0     0.0     0.0       0.0       0.0     0.0      -      -         -          -       -      0.0      0.0       0.0        -      0.0     0.0
   Bank 2      0       0          0        0      0       0       0          0        0       0       0       0         0         0       0       0        0         0         0       0       0
  % Bank 2     0.0      -        0.0       0.0    0.0     0.0     0.0       0.0       0.0     0.0      -      -         -          -       -      0.0      0.0       0.0        -      0.0     0.0
                                                                                                       Town of Cary                                               Count Name: Cary Pkwy at High
Schools: NA                                                                                         316 N. Academy St.                                            Meadow Dr
Weather: Sunny                                                                                        P.O. Box 8005                                               Site Code: 20120413
Signal ID: NA                                                                            Cary, North Carolina, United States 27513                                Start Date: 06/19/2012
Pedestrians: Counted                                                                                   919.469.4030                                               Page No: 7




                                                                                                           High Meadow [N]
                                                                                                       Out         In         Total
                                                                                                       437        357         794
                                                                                                       0           0           0
                                                                                                       0           0           0
                                                                                                       437        357         794


                                                                                                  32         0          325           1
                                                                                                   0         0            0           0
                                                                                                   0         0            0           0
                                                                                                  32         0          325           1
                                                                                                  R          T            L           U




                                                                                                Peak Hour Data
                                  Total
                                          1823




                                                         1823




                                                                                                                                                                  1138




                                                                                                                                                                                 1138
                                                                                                                                              375



                                                                                                                                                            375




                                                                                                                                                                                        Out
                                                                 61



                                                                               61




                                                                                                                                          R
                                                 0
                                                     0




                                                                       0
                                                                           0


                                                                                     L




                                                                                                                                                    0
                                                                                                                                                        0




                                                                                                                                                                         0
                                                                                                                                                                             0
               Cary Parkway [W]




                                                                                                                                                                                                Cary Parkway [E]
                                                                                                                                                                  1290




                                                                                                                                                                                 1290
                                                                                                   06/19/2012 5:15 PM
                                          872




                                                         872


                                                                 813



                                                                               813




                                                                                                                                              919



                                                                                                                                                            919
                                  In




                                                                                                                                                                                        In
                                                                                     T




                                                                                                                                          T
                                                 0
                                                     0




                                                                       0
                                                                           0




                                                                                                                                                    0
                                                                                                                                                        0




                                                                                                                                                                         0
                                                                                                                                                                             0
                                                                                                   Ending At
                                                                                                   06/19/2012 6:15 PM

                                                                                                   Cars and Trucks




                                                                                                                                                                  2428




                                                                                                                                                                                 2428
                                                                                                                                                                                        Total
                                          951




                                                         951
                                  Out




                                                                                     R
                                                 0
                                                     0



                                                                 0
                                                                       0
                                                                           0
                                                                               0




                                                                                                                                          L
                                                                                                                                              3
                                                                                                                                                    0
                                                                                                                                                        0
                                                                                                                                                            3



                                                                                                                                                                         0
                                                                                                                                                                             0
                                                                                                   Trucks
                                                                                                   Bank 2




                                                                                                       L           T           R
                                                                                                       0           0           0
                                                                                                       0           0           0
                                                                                                       0           0           0
                                                                                                       0           0           0


                                                                                                       3           0           3
                                                                                                       0           0           0
                                                                                                       0           0           0
                                                                                                       3           0           3
                                                                                                       Out         In         Total
                                                                                                                 NA [S]


                                                                Turning Movement Peak Hour Data Plot (5:15 PM)
                                   Town of Cary                    Count Name: Cary Pkwy at High
Schools: NA                       316 N. Academy St.               Meadow Dr
Weather: Sunny                      P.O. Box 8005                  Site Code: 20120413
Signal ID: NA          Cary, North Carolina, United States 27513   Start Date: 06/19/2012
Pedestrians: Counted                 919.469.4030                  Page No: 8
