                                                                                  Town of Cary                                                   Count Name: Cary Pkwy at Lake
                                                                          316 N. Academy St.                                                     Pine Dr
                                                                            P.O. Box 8005                                                        Site Code:
                                                               Cary, North Carolina, United States 27513                                         Start Date: 03/28/2013
                                                                             919.469.4030                                                        Page No: 1



                                                                     Turning Movement Data
                            Lake Pine Dr                Cary Pkwy (Road Closed for Repair)                    Lake Pine Dr                                Cary Pkwy
                             Southbound                               Westbound                                Northbound                                 Eastbound
Start Time                                      App.                                     App.                                     App.                                       App.     Int.
               Left   Thru     Right   U-Turn           Left   Thru     Right   U-Turn           Left   Thru     Right   U-Turn           Left     Thru     Right   U-Turn
                                                Total                                    Total                                    Total                                      Total   Total
 6:00 AM        1      8         5         0     14      0      0         0        0      0      11      1         3         0     15      2        32       8        0       42      71
 6:15 AM        4     16        16         0     36      0      1         3        0      4      13      2         3         0     18      1        48       12       1       62     120
 6:30 AM        6     19        23         0     48      1      4         0        0      5      26      7         5         0     38      3        74       7        0       84     175
 6:45 AM        8     30        39         0     77      2      3         0        0      5      29      8         8         0     45      1        76       22       0       99     226
Hourly Total   19     73        83         0    175      3      8         3        0      14     79     18        19         0    116      7       230       49       1      287     592
 7:00 AM        7     29        35         0     71      3      4         0        0      7      40      8        12         0     60      1       104       11       0      116     254
 7:15 AM        9     24        48         0     81      1      3         1        0      5      37     14        19         0     70      6       139       33       1      179     335
 7:30 AM       21     29        62         0    112      2      5         0        1      8      62     17        26         0    105      7       139       37       0      183     408
 7:45 AM       15     55        57         0    127      5      5         0        0      10     60     16        22         0     98      9       192       63       1      265     500
Hourly Total   52     137       202        0    391     11      17        1        1      30     199    55        79         0    333     23       574      144       2      743     1497
 8:00 AM       17     49        61         0    127      3      5         0        0      8      58     20        16         0     94      6       136       50       2      194     423
 8:15 AM        7     38        58         0    103      4      9         0        0      13     52     29        29         0    110      6       173       50       2      231     457
 8:30 AM       17     42        53         0    112      3      10        1        0      14     43     19        25         0     87      3       181       43       2      229     442
 8:45 AM       10     42        61         0    113      4      0         1        1      6      57     25        28         0    110      3       174       41       0      218     447
Hourly Total   51     171       233        0    455     14      24        2        1      41     210    93        98         0    401     18       664      184       6      872     1769
 9:00 AM        7     38        47         0     92      4      0         0        0      4      44     21        26         0     91      6       135       32       0      173     360
 9:15 AM       13     32        48         0     93      2      3         0        1      6      60     19        28         0    107     10       163       38       1      212     418
 9:30 AM       11     29        45         0     85      1      5         0        0      6      33     18        25         0     76      7       146       25       1      179     346
 9:45 AM        9     38        49         0     96      3      3         0        0      6      47     17        31         0     95     11       142       33       2      188     385
Hourly Total   40     137       189        0    366     10      11        0        1      22     184    75        110        0    369     34       586      128       4      752     1509
 10:00 AM      10     26        49         0     85      3      1         0        0      4      38     24        16         0     78      9       114       22       2      147     314
 10:15 AM      10     29        34         0     73      3      3         0        0      6      59     23        34         0    116      4       120       22       3      149     344
 10:30 AM      12     31        42         0     85      4      2         2        0      8      48     19        15         0     82      8       118       22       4      152     327
 10:45 AM      13     41        40         0     94      3      3         1        0      7      54     24        28         0    106     10       118       40       3      171     378
Hourly Total   45     127       165        0    337     13      9         3        0      25     199    90        93         0    382     31       470      106       12     619     1363
 11:00 AM       8     32        46         0     86      2      6         0        0      8      40     25        26         0     91      7       119       20       1      147     332
 11:15 AM       8     28        31         0     67      1      6         0        0      7      46     28        31         0    105     12       128       34       1      175     354
 11:30 AM       7     30        51         0     88      0      1         0        0      1      44     26        16         0     86      5       113       34       2      154     329
 11:45 AM      11     47        46         0    104      2      1         1        0      4      53     33        27         0    113      8       128       37       0      173     394
Hourly Total   34     137       174        0    345      5      14        1        0      20     183    112       100        0    395     32       488      125       4      649     1409
 12:00 PM       7     30        38         0     75      5      4         1        0      10     39     24        23         0     86     12       136       31       0      179     350
 12:15 PM       5     40        59         0    104      6      1         0        1      8      55     26        43         0    124      6       126       37       5      174     410
 12:30 PM       7     34        57         0     98      4      2         1        0      7      51     28        31         0    110     12       145       37       3      197     412
 12:45 PM       8     37        46         0     91      1      6         2        1      10     49     36        36         0    121     10       141       45       3      199     421
Hourly Total   27     141       200        0    368     16      13        4        2      35     194    114       133        0    441     40       548      150       11     749     1593
 1:00 PM       16     41        55         0    112      2      5         0        0      7      47     33        26         0    106      7       139       49       0      195     420
 1:15 PM       11     43        47         0    101      0      3         0        0      3      58     28        24         0    110      8       131       35       1      175     389
 1:30 PM       11     32        55         0     98      0      2         0        0      2      54     22        31         0    107      6       134       42       0      182     389
 1:45 PM       12     48        61         0    121      1      3         0        0      4      51     29        31         0    111      6       127       28       1      162     398
Hourly Total   50     164       218        0    432      3      13        0        0      16     210    112       112        0    434     27       531      154       2      714     1596
 2:00 PM       14     33        57         1    105      1      0         2        0      3      47     16        21         0     84      3       121       36       1      161     353
 2:15 PM       16     39        53         0    108      2      4         0        0      6      55     34        18         0    107      4       123       42       2      171     392
 2:30 PM        9     38        61         0    108      0      1         0        0      1      37     20        44         0    101      8       128       34       1      171     381
 2:45 PM       11     38        53         0    102      1      3         0        0      4      51     26        30         0    107     11       159       35       0      205     418
Hourly Total   50     148       224        1    423      4      8         2        0      14     190    96        113        0    399     26       531      147       4      708     1544
 3:00 PM        7     42        59         0    108      1      3         0        0      4      51     25        23         0     99     12       124       54       1      191     402
 3:15 PM        6     49        55         0    110      3      4         0        1      8      51     27        38         0    116      7       155       43       0      205     439
 3:30 PM        8     38        65         0    111      3      1         0        0      4      60     32        30         0    122      6       161       41       0      208     445
 3:45 PM        7     41        65         0    113      1      4         0        0      5      49     35        29         0    113      8       156       42       0      206     437
Hourly Total   28     170       244        0    442      8      12        0        1      21     211    119       120        0    450     33       596      180       1      810     1723
 4:00 PM        8     34        58         0    100      5      4         1        1      11     59     35        25         0    119     14       175       40       2      231     461
 4:15 PM        4     40        59         0    103      2      4         0        0      6      61     41        32         0    134     13       162       43       5      223     466
 4:30 PM        8     39        77         0    124      2      5         1        1      9      62     38        37         0    137     14       183       41       0      238     508
 4:45 PM        8     56        59         0    123      1      6         0        0      7      75     32        35         0    142     12       188       41       2      243     515
Hourly Total   28     169       253        0    450     10      19        2        2      33     257    146       129        0    532     53       708      165       9      935     1950
 5:00 PM        8     48        69         0    125      3      2         0        1      6      56     36        20         0    112     15       201       51       3      270     513
 5:15 PM       10     44        71         0    125      3      2         1        1      7      85     61        31         0    177     25       170       51       2      248     557
 5:30 PM       10     34        55         0     99      8      5         0        0      13     80     48        28         0    156     12       226       59       4      301     569
 5:45 PM       16     58        79         0    153      3      5         0        0      8      59     36        25         0    120     16       190       56       4      266     547
Hourly Total   44     184       274        0    502     17      14        1        2      34     280    181       104        0    565     68       787      217       13     1085    2186
 6:00 PM       20     44        60         0    124      2      4         2        1      9      62     46        32         0    140      9       175       43       1      228     501
 6:15 PM       13     31        59         0    103      8      2         0        0      10     63     38        32         0    133     14       176       35       1      226     472
 6:30 PM        17      46      72      0      135      5       7       0       1       13      73      43      41     0     157      13     144      39      0       196     501
 6:45 PM        12      27      48      0       87      3       2       0       0       5       40      43      28     0     111      15     135      43      3       196     399
Hourly Total    62     148     239      0      449      18      15      2       2       37     238     170     133     0     541      51     630     160      5       846    1873
 7:00 PM        5       60      81      0      146      2       3       0       0       5       34      30      10     0      74      11     116      33      2       162     387
 7:15 PM        9       57      70      0      136      4       1       1       0       6       38      30      24     0      92      11     119      33      2       165     399
 7:30 PM        5       43      59      0      107      1       5       0       0       6       36      23      12     0      71      10      87      17      0       114     298
 7:45 PM        2       23      44      0       69      1       5       0       0       6       40      24      24     0      88      9      113      32      1       155     318
Hourly Total    21     183     254      0      458      8       14      1       0       23     148     107      70     0     325      41     435     115      5       596    1402
 8:00 PM        6       30      30      0       66      0       2       0       1       3       36      23      14     0      73      7      110      16      2       135     277
 8:15 PM        10      45      38      0       93      0       1       0       0       1       36      21      13     0      70      7       79      23      0       109     273
 8:30 PM        5       25      33      0       63      0       1       0       1       2       34      19      8      0      61      5       69      22      0       96      222
 8:45 PM        3       17      33      0       53      1       2       0       0       3       28      13      14     0      55      4       56      22      1       83      194
Hourly Total    24     117     134      0      275      1       6       0       2       9      134      76      49     0     259      23     314      83      3       423     966
 9:00 PM        4       19      33      0       56      1       2       1       0       4       30      17      11     0      58      6       60      24      0       90      208
 9:15 PM        2       18      26      0       46      2       3       0       0       5       35      15      10     0      60      9       57      15      3       84      195
 9:30 PM        3       15      16      0       34      0       1       0       0       1       18      15      12     0      45      4       51      19      1       75      155
 9:45 PM        2       12      9       0       23      0       0       0       0       0       16      10      7      0      33      3       35      16      0       54      110
Hourly Total    11      64      84      0      159      3       6       1       0       10      99      57      40     0     196      22     203      74      4       303     668
Grand Total    586     2270    3170     1      6027    144     203      23      14     384     3015    1621    1502    0     6138    529     8295    2181     86     11091   23640
Approach %      9.7    37.7    52.6     0.0      -     37.5    52.9     6.0     3.6      -     49.1    26.4    24.5    0.0     -      4.8    74.8    19.7     0.8      -       -
  Total %       2.5     9.6    13.4     0.0    25.5     0.6     0.9     0.1     0.1     1.6    12.8     6.9     6.4    0.0   26.0     2.2    35.1     9.2     0.4    46.9      -
    Car        586     2270    3170     1      6027    144     203      23      14     384     3015    1621    1502    0     6138    529     8295    2181     86     11091   23640
  % Car        100.0   100.0   100.0   100.0   100.0   100.0   100.0   100.0   100.0   100.0   100.0   100.0   100.0    -    100.0   100.0   100.0   100.0   100.0   100.0   100.0
                                                              Town of Cary                         Count Name: Cary Pkwy at Lake
                                                          316 N. Academy St.                       Pine Dr
                                                            P.O. Box 8005                          Site Code:
                                               Cary, North Carolina, United States 27513           Start Date: 03/28/2013
                                                             919.469.4030                          Page No: 3




                                                               Lake Pine Dr [N]
                                                             Out          In         Total
                                                           2174         6027         8201
                                                           2174         6027         8201


                                                      3170         2270        586           1
                                                      3170         2270        586           1
                                                       R            T           L            U
                                        86
                                        86




                                                                                                 23
                                                                                                 23
                                        U




                                                                                                 R




                                                                                                                               Cary Pkwy (Road Closed fo
                        17565
                                17565




                                                                                                       10397
                                                                                                               10397
                Total




                                                                                                                       Out
Cary Pkwy [W]




                                        529
                                        529




                                                                                                 203
                                                                                                 203
                                                                                                  T
                                         L
                        11091
                                11091




                                                        03/28/2013 6:00 AM




                                                                                                       384
                                                                                                               384
                In




                                                                                                                       In
                                                        Ending At
                                                        03/28/2013 10:00 PM
                                        8295
                                        8295




                                                                                                 144
                                                                                                 144
                                         T




                                                                                                  L




                                                                                                       10781
                                                                                                               10781
                                                        Car
                        6474
                                6474




                                                                                                                       Total
                Out




                                        2181
                                        2181




                                                                                                 14
                                                                                                 14
                                         R




                                                                                                 U




                                                       U            L           T            R
                                                       0           3015        1621      1502
                                                       0           3015        1621      1502


                                                           4595         6138        10733
                                                           4595         6138        10733
                                                             Out          In         Total
                                                               Lake Pine Dr [S]


                                               Turning Movement Data Plot
                                                                                    Town of Cary                                                       Count Name: Cary Pkwy at Lake
                                                                           316 N. Academy St.                                                          Pine Dr
                                                                             P.O. Box 8005                                                             Site Code:
                                                                Cary, North Carolina, United States 27513                                              Start Date: 03/28/2013
                                                                              919.469.4030                                                             Page No: 4




                                                Turning Movement Peak Hour Data (7:45 AM)
                           Lake Pine Dr                  Cary Pkwy (Road Closed for Repair)                        Lake Pine Dr                                  Cary Pkwy
                            Southbound                                  Westbound                                  Northbound                                    Eastbound
Start Time                                      App.                                        App.                                        App.                                         App.     Int.
             Left    Thru     Right   U-Turn            Left    Thru      Right   U-Turn            Left    Thru      Right   U-Turn            Left     Thru      Right   U-Turn
                                                Total                                       Total                                       Total                                        Total   Total
 7:45 AM      15      55       57         0     127      5       5          0        0       10      60      16        22         0      98      9       192        63        1      265     500
 8:00 AM      17      49       61         0     127      3       5          0        0       8       58      20        16         0      94      6       136        50        2      194     423
 8:15 AM      7       38       58         0     103      4       9          0        0       13      52      29        29         0     110      6       173        50        2      231     457
 8:30 AM      17      42       53         0     112      3       10         1        0       14      43      19        25         0      87      3       181        43        2      229     442
  Total       56     184       229        0     469      15      29         1        0       45     213      84        92         0     389      24      682       206        7      919     1822
Approach %   11.9    39.2      48.8       0.0     -     33.3    64.4       2.2       0.0      -     54.8    21.6      23.7        0.0     -      2.6     74.2      22.4       0.8      -       -
 Total %      3.1    10.1      12.6       0.0   25.7     0.8     1.6       0.1       0.0     2.5    11.7     4.6       5.0        0.0   21.4     1.3     37.4      11.3       0.4    50.4      -
   PHF       0.824   0.836    0.939   0.000     0.923   0.750   0.725     0.250     0.000   0.804   0.888   0.724     0.793   0.000     0.884   0.667    0.888     0.817     0.875   0.867   0.911
   Car        56     184       229        0     469      15      29         1        0       45     213      84        92         0     389      24      682       206        7      919     1822
  % Car      100.0   100.0    100.0        -    100.0   100.0   100.0     100.0       -     100.0   100.0   100.0     100.0        -    100.0   100.0    100.0     100.0     100.0   100.0   100.0
                                                               Town of Cary                       Count Name: Cary Pkwy at Lake
                                                           316 N. Academy St.                     Pine Dr
                                                             P.O. Box 8005                        Site Code:
                                                Cary, North Carolina, United States 27513         Start Date: 03/28/2013
                                                              919.469.4030                        Page No: 5




                                                                Lake Pine Dr [N]
                                                             Out         In         Total
                                                             109         469        578
                                                             109         469        578


                                                       229         184         56           0
                                                       229         184         56           0
                                                        R          T           L            U
                                      U




                                                                                                 R
                                      7
                                      7




                                                                                                 1
                                                                                                 1
                                                      Peak Hour Data




                                                                                                                          Cary Pkwy (Road Closed fo
                Total
                        1397
                               1397




                                                                                                      830
                                                                                                            830
                                                                                                                  Out
Cary Pkwy [W]




                                      24
                                      24




                                                                                                 29
                                                                                                 29
                                                                                                 T
                                       L




                                                         03/28/2013 7:45 AM
                        919
                               919




                                                                                                      45
                                                                                                            45
                In




                                                                                                                  In
                                                         Ending At
                                                         03/28/2013 8:45 AM
                                      682
                                      682




                                                                                                 15
                                                                                                 15
                                       T




                                                                                                  L
                                                         Car




                                                                                                                  Total
                        478
                               478




                                                                                                      875
                                                                                                            875
                Out




                                      206
                                      206
                                       R




                                                                                                 U
                                                                                                 0
                                                                                                 0




                                                        U          L           T            R
                                                        0          213         84           92
                                                        0          213         84           92


                                                             405         389        794
                                                             405         389        794
                                                             Out         In         Total
                                                                Lake Pine Dr [S]


                                       Turning Movement Peak Hour Data Plot (7:45 AM)
                                                                                     Town of Cary                                                       Count Name: Cary Pkwy at Lake
                                                                            316 N. Academy St.                                                          Pine Dr
                                                                              P.O. Box 8005                                                             Site Code:
                                                                 Cary, North Carolina, United States 27513                                              Start Date: 03/28/2013
                                                                               919.469.4030                                                             Page No: 6




                                                 Turning Movement Peak Hour Data (5:00 PM)
                            Lake Pine Dr                  Cary Pkwy (Road Closed for Repair)                        Lake Pine Dr                                  Cary Pkwy
                            Southbound                                   Westbound                                  Northbound                                    Eastbound
Start Time                                       App.                                        App.                                        App.                                         App.     Int.
             Left    Thru      Right   U-Turn            Left    Thru      Right   U-Turn            Left    Thru      Right   U-Turn            Left     Thru      Right   U-Turn
                                                 Total                                       Total                                       Total                                        Total   Total
 5:00 PM      8       48        69         0     125      3       2          0        1       6       56      36        20         0     112      15      201        51        3      270     513
 5:15 PM      10      44        71         0     125      3       2          1        1       7       85      61        31         0     177      25      170        51        2      248     557
 5:30 PM      10      34        55         0      99      8       5          0        0       13      80      48        28         0     156      12      226        59        4      301     569
 5:45 PM      16      58        79         0     153      3       5          0        0       8       59      36        25         0     120      16      190        56        4      266     547
  Total       44     184        274        0     502      17      14         1        2       34     280     181        104        0     565      68      787       217        13     1085    2186
Approach %    8.8    36.7      54.6        0.0     -     50.0    41.2       2.9       5.9      -     49.6    32.0      18.4        0.0     -      6.3     72.5      20.0       1.2      -       -
 Total %      2.0     8.4      12.5        0.0   23.0     0.8     0.6       0.0       0.1     1.6    12.8     8.3       4.8        0.0   25.8     3.1     36.0       9.9       0.6    49.6      -
   PHF       0.688   0.793     0.867   0.000     0.820   0.531   0.700     0.250     0.500   0.654   0.824   0.742     0.839   0.000     0.798   0.680    0.871     0.919     0.813   0.901   0.960
   Car        44     184        274        0     502      17      14         1        2       34     280     181        104        0     565      68      787       217        13     1085    2186
  % Car      100.0   100.0     100.0        -    100.0   100.0   100.0     100.0     100.0   100.0   100.0   100.0     100.0        -    100.0   100.0    100.0     100.0     100.0   100.0   100.0
                                                               Town of Cary                         Count Name: Cary Pkwy at Lake
                                                           316 N. Academy St.                       Pine Dr
                                                             P.O. Box 8005                          Site Code:
                                                Cary, North Carolina, United States 27513           Start Date: 03/28/2013
                                                              919.469.4030                          Page No: 7




                                                                Lake Pine Dr [N]
                                                             Out         In          Total
                                                             250         502         752
                                                             250         502         752


                                                       274         184         44            0
                                                       274         184         44            0
                                                        R          T           L             U
                                      13
                                      13
                                      U




                                                                                                   R
                                                                                                   1
                                                                                                   1
                                                      Peak Hour Data




                                                                                                                            Cary Pkwy (Road Closed fo
                Total
                        1666
                               1666




                                                                                                        937
                                                                                                              937
                                                                                                                    Out
Cary Pkwy [W]




                                      68
                                      68




                                                                                                   14
                                                                                                   14
                                                                                                   T
                                       L
                        1085
                               1085




                                                         03/28/2013 5:00 PM




                                                                                                        34
                                                                                                              34
                In




                                                                                                                    In
                                                         Ending At
                                                         03/28/2013 6:00 PM
                                      787
                                      787




                                                                                                   17
                                                                                                   17
                                       T




                                                                                                    L
                                                         Car




                                                                                                                    Total
                        581
                               581




                                                                                                        971
                                                                                                              971
                Out




                                      217
                                      217
                                       R




                                                                                                   U
                                                                                                   2
                                                                                                   2




                                                        U          L           T             R
                                                        0          280         181           104
                                                        0          280         181           104


                                                             418         565         983
                                                             418         565         983
                                                             Out         In          Total
                                                                Lake Pine Dr [S]


                                       Turning Movement Peak Hour Data Plot (5:00 PM)
            Town of Cary                    Count Name: Cary Pkwy at Lake
           316 N. Academy St.               Pine Dr
             P.O. Box 8005                  Site Code:
Cary, North Carolina, United States 27513   Start Date: 03/28/2013
              919.469.4030                  Page No: 8
