                                                                                                   Town of Cary                                                                 Count Name: Cary Pkwy at James Jackson
                                                                                                316 N. Academy St.                                                              Ave\Rainbrook Dr
                                                                                                  P.O. Box 8005                                                                 Site Code:
                                                                                     Cary, North Carolina, United States 27513                                                  Start Date: 10/19/2011
                                                                                      919.469.4030 tom.reilly@townofcary.org                                                    Page No: 1



                                                                                           Turning Movement Data
                              Cary Pkwy                                         James Jackson Ave                                    Cary Pkwy                                             Rainbrook Dr
                              Southbound                                           Westbound                                         Northbound                                             Eastbound
Start Time
               Right   Thru      Left      U-Turn   App. Total   Right   Thru         Left      U-Turn   App. Total   Right   Thru      Left      U-Turn   App. Total   Right       Thru       Left       U-Turn   App. Total   Int. Total
 6:00 AM        1      21         6          0         28         5       0            3            0        8         3       51        2          0         56         2           3          2           0          7           99
 6:15 AM        0      29        12          0         41         5       1            3            0        9         5       92        0          0         97         1           1          2           0          4          151
 6:30 AM        0      35        10          0         45         5       1            5            0       11         17     111        1          2         131        1           2          1           0          4          191
 6:45 AM        0      65        19          0         84         8       1            1            0       10         18     170        4          1         193        3           7          3           1         14          301
Hourly Total    1      150       47          0         198        23      3            12           0       38         43     424        7          3         477        7           13         8           1         29          742
 7:00 AM        1      71        20          0         92         14      2            5            0       21         29     160        1          1         191        3           7          4           0         14          318
 7:15 AM        1      104       23          0         128        11      4            13           0       28         28     241        5          0         274        7           17        10           0         34          464
 7:30 AM        1      111       17          1         130        17      2            14           0       33         28     364        3          2         397        13          16        13           0         42          602
 7:45 AM        5      100       36          0         141        29      2            17           0       48         19     368        8          6         401        6           8         10           0         24          614
Hourly Total    8      386       96          1         491        71     10            49           0       130       104     1133      17          9        1263        29          48        37           0         114         1998
 8:00 AM        2      126       27          0         155        19      3            21           0       43         28     318        6          3         355        7           9         12           0         28          581
 8:15 AM        1      97        33          0         131        29      7            23           0       59         38     380        2          3         423        3           11         7           0         21          634
 8:30 AM        4      101       27          0         132        30      2            7            0       39         24     319        7          0         350        6           7          7           0         20          541
 8:45 AM        5      109       18          0         132        32      2            18           1       53         33     293       11          2         339        13          9          7           0         29          553
Hourly Total    12     433       105         0         550       110     14            69           1       194       123     1310      26          8        1467        29          36        33           0         98          2309
 9:00 AM        0      97        32          0         129        24      3            15           0       42         20     219        2          2         243        12          6          4           0         22          436
 9:15 AM        1      93        30          0         124        24      5            15           0       44         17     196        7          5         225        4           10         4           0         18          411
 9:30 AM        6      118       16          0         140        15      3            18           0       36         23     164        5          1         193        5           8          2           0         15          384
 9:45 AM        0      80        22          0         102        14      2            18           0       34         18     130        7          1         156        5           5          2           0         12          304
Hourly Total    7      388       100         0         495        77     13            66           0       156        78     709       21          9         817        26          29        12           0         67          1535
 10:00 AM       4      66        23          1         94         23      2            17           0       42         14     137        5          2         158        4           3          3           0         10          304
 10:15 AM       0      81        20          0         101        13      4            7            0       24         13     120        3          1         137        4           3          9           0         16          278
 10:30 AM       2      91        17          0         110        19      3            13           0       35         13     115        1          6         135        3           7          4           0         14          294
 10:45 AM       2      87        11          0         100        24      3            14           0       41         18     112        2          5         137        9           5          4           0         18          296
Hourly Total    8      325       71          1         405        79     12            51           0       142        58     484       11         14         567        20          18        20           0         58          1172
 11:00 AM       3      87        16          0         106        15      4            14           0       33         13     127        8          3         151        3           2          2           0          7          297
 11:15 AM       6      124       33          0         163        13      1            15           0       29         20     136        3          4         163        1           3          4           0          8          363
 11:30 AM       4      131       35          0         170        23      4            8            0       35         23     132        7          0         162        5           5          4           0         14          381
 11:45 AM       1      113       49          0         163        28      0            18           1       47         19     141        3          5         168        7           6          8           0         21          399
Hourly Total    14     455       133         0         602        79      9            55           1       144        75     536       21         12         644        16          16        18           0         50          1440
 12:00 PM       3      135       31          0         169        32      4            34           0       70         21     138        6          6         171        1           6          5           0         12          422
 12:15 PM       1      134       32          0         167        25      3            22           0       50         16     138        5          3         162        1           2          4           0          7          386
 12:30 PM       4      150       38          1         193        24      2            28           0       54         18     158        6          4         186        5           3          3           0         11          444
 12:45 PM       4      130       29          1         164        25      3            25           0       53         29     145        2         10         186        1           6          6           0         13          416
Hourly Total    12     549       130         2         693       106     12           109           0       227        84     579       19         23         705        8           17        18           0         43          1668
 1:00 PM        3      132       30          0         165        24      7            23           0       54         18     158        3          7         186        1           2          5           0          8          413
 1:15 PM        6      159       40          0         205        20      5            18           0       43         22     169        6          8         205        3           5          1           0          9          462
 1:30 PM        7      145       19          0         171        23      1            15           0       39         19     160        2          4         185        6           2          2           0         10          405
 1:45 PM        2      112      22      0      136      17      1       17      0       35      29     138      15      3       185     10      3       5       0       18      374
Hourly Total    18     548     111      0      677      84      14      73      0      171      88     625      26      22      761     20      12      13      0       45     1654
 2:00 PM        1      140      18      0      159      17      1       16      0       34      23     132      4       6       165     5       4       4       0       13      371
 2:15 PM        4      129      19      1      153      14      4       13      0       31      15     125      4       5       149     7       4       1       0       12      345
 2:30 PM        10     137      12      0      159      7       4       22      0       33      13     130      10      6       159     5       4       3       0       12      363
 2:45 PM        8      147      28      3      186      18      2       20      0       40      16     128      8       8       160     11      8       3       0       22      408
Hourly Total    23     553      77      4      657      56      11      71      0      138      67     515      26      25      633     28      20      11      0       59     1487
 3:00 PM        3      158      21      0      182      19      7       28      0       54      17     160      4       4       185     5       3       4       0       12      433
 3:15 PM        6      173      26      0      205      12      9       12      0       33      14     118      12      6       150     2       8       4       0       14      402
 3:30 PM        8      205      24      0      237      21      4       33      0       58      14     131      9       3       157     7       7       2       0       16      468
 3:45 PM        9      212      20      0      241      21      5       27      0       53      17     111      12      4       144     7       0       2       0       9       447
Hourly Total    26     748      91      0      865      73      25     100      0      198      62     520      37      17      636     21      18      12      0       51     1750
 4:00 PM        7      195      28      1      231      17      4       23      0       44      20     130      7       5       162     6       7       3       0       16      453
 4:15 PM        9      219      20      0      248      16      2       19      0       37      26     136      10      4       176     11      4       4       0       19      480
 4:30 PM        0      240      14      0      254      26      7       23      0       56      20     129      7       4       160     6       6       2       0       14      484
 4:45 PM        5      300      28      0      333      11      6       17      0       34      32     147      7       1       187     6       11      4       0       21      575
Hourly Total    21     954      90      1      1066     70      19      82      0      171      98     542      31      14      685     29      28      13      0       70     1992
 5:00 PM        11     348      41      0      400      41      5       32      0       78      22     151      3       3       179     11      4       7       0       22      679
 5:15 PM        10     362      61      1      434      14      10      32      0       56      31     159      12      2       204     10      11      5       0       26      720
 5:30 PM        8      366      41      1      416      34      10      29      0       73      35     146      9       0       190     6       6       4       0       16      695
 5:45 PM        7      303      36      0      346      31      11      44      0       86      24     142      9       5       180     13      12      2       0       27      639
Hourly Total    36     1379    179      2      1596    120      36     137      0      293     112     598      33      10      753     40      33      18      0       91     2733
 6:00 PM        3      292      40      1      336      29      13      31      0       73      16     139      11      5       171     7       9       3       0       19      599
 6:15 PM        10     274      40      0      324      29      3       25      0       57      12     164      11      4       191     9       7       5       0       21      593
 6:30 PM        9      198      37      1      245      37      13      31      0       81      16     135      7       3       161     14      4       4       0       22      509
 6:45 PM        8      198      28      0      234      18      6       26      0       50      27     154      10      7       198     3       4       5       0       12      494
Hourly Total    30     962     145      2      1139    113      35     113      0      261      71     592      39      19      721     33      24      17      0       74     2195
 7:00 PM        3      177      31      1      212      26      6       29      0       61      11     115      20      4       150     5       5       2       0       12      435
 7:15 PM        6      160      22      0      188      20      4       9       0       33      18     120      8       5       151     5       9       2       0       16      388
 7:30 PM        5      138      15      0      158      21      3       29      0       53      7      127      6       3       143     1       2       3       0       6       360
 7:45 PM        6      123      11      1      141      18      1       7       0       26      9      117      10      5       141     2       2       4       0       8       316
Hourly Total    20     598      79      2      699      85      14      74      0      173      45     479      44      17      585     13      18      11      0       42     1499
 8:00 PM        1       92      7       1      101      21      2       26      0       49      6       82      3       4       95      1       1       1       0       3       248
 8:15 PM        0       94      13      0      107      28      4       14      0       46      7       71      9       5       92      0       0       3       0       3       248
 8:30 PM        0       99      10      0      109      12      3       18      0       33      2       57      2       4       65      0       0       1       0       1       208
 8:45 PM        0      113      3       0      116      14      3       11      0       28      3       76      5       5       89      1       0       2       0       3       236
Hourly Total    1      398      33      1      433      75      12      69      0      156      18     286      19      18      341     2       1       7       0       10      940
 9:00 PM        3       98      4       0      105      14      3       11      0       28      3       85      5       0       93      0       0       1       0       1       227
 9:15 PM        3       88      7       0       98      11      2       14      0       27      2       55      6       2       65      1       0       5       0       6       196
 9:30 PM        3       66      3       0       72      9       1       13      0       23      2       48      1       4       55      1       0       1       0       2       152
 9:45 PM        4       42      2       0       48      4       1       4       0       9       2       37      0       4       43      0       0       1       0       1       101
Hourly Total    13     294      16      0      323      38      7       42      0       87      9      225      12      10      256     2       0       8       0       10      676
Grand Total    250     9120    1503     16     10889   1259    246     1172     2      2679    1135    9557    389     230     11311   323     331     256      1      911     25790
Approach %      2.3    83.8    13.8     0.1      -     47.0     9.2    43.7     0.1      -     10.0    84.5     3.4     2.0      -     35.5    36.3    28.1     0.1      -       -
  Total %       1.0    35.4     5.8     0.1    42.2     4.9     1.0     4.5     0.0    10.4     4.4    37.1     1.5     0.9    43.9     1.3     1.3     1.0     0.0     3.5      -
    Car        250     9120    1503     16     10889   1259    246     1172     2      2679    1135    9557    389     230     11311   323     331     256      1      911     25790
  % Car        100.0   100.0   100.0   100.0   100.0   100.0   100.0   100.0   100.0   100.0   100.0   100.0   100.0   100.0   100.0   100.0   100.0   100.0   100.0   100.0   100.0
                                                             Town of Cary                                                                              Count Name: Cary Pkwy at James Jackson
                                                          316 N. Academy St.                                                                           Ave\Rainbrook Dr
                                                            P.O. Box 8005                                                                              Site Code:
                                               Cary, North Carolina, United States 27513                                                               Start Date: 10/19/2011
                                                919.469.4030 tom.reilly@townofcary.org                                                                 Page No: 3




                                                                    Cary Pkwy [N]
                                                              Out          In        Total
                                                             11088       10889       21977
                                                             11088       10889       21977


                                                        250         9120        1503         16
                                                        250         9120        1503         16
                                                         R           T           L           U




                                                                                                  1259
                                                                                                  1259
                                         U




                                                                                                   R
                                         1
                                         1
                   Total
                           1797
                                  1797




                                                                                                         2971
                                                                                                                2971


                                                                                                                               James Jackson Ave [E]
                                                                                                                       Out
Rainbrook Dr [W]




                                         256
                                         256




                                                                                                  246
                                                                                                  246
                                                                                                   T
                                          L




                                                                                                         2679
                                                                                                                2679
                                                         10/19/2011 6:00 AM
                           911
                                  911
                   In




                                                                                                                       In
                                                         Ending At
                                                         10/19/2011 10:00 PM




                                                                                                  1172
                                                                                                  1172
                                         331
                                         331
                                          T




                                                                                                   L
                                                         Car




                                                                                                         5650
                                                                                                                5650
                                                                                                                       Total
                           886
                                  886
                   Out




                                         323
                                         323
                                          R




                                                                                                  U
                                                                                                  2
                                                                                                  2
                                                         U           L           T           R
                                                        230         389         9557     1135
                                                        230         389         9557     1135


                                                             10845       11311       22156
                                                             10845       11311       22156
                                                              Out          In        Total
                                                                    Cary Pkwy [S]



                                               Turning Movement Data Plot
                                                                                                    Town of Cary                                                                   Count Name: Cary Pkwy at James Jackson
                                                                                                 316 N. Academy St.                                                                Ave\Rainbrook Dr
                                                                                                   P.O. Box 8005                                                                   Site Code:
                                                                                      Cary, North Carolina, United States 27513                                                    Start Date: 10/19/2011
                                                                                       919.469.4030 tom.reilly@townofcary.org                                                      Page No: 4




                                                                        Turning Movement Peak Hour Data (7:30 AM)
                             Cary Pkwy                                           James Jackson Ave                                      Cary Pkwy                                              Rainbrook Dr
                             Southbound                                             Westbound                                           Northbound                                              Eastbound
Start Time
             Right   Thru       Left      U-Turn   App. Total   Right     Thru         Left      U-Turn    App. Total   Right   Thru       Left      U-Turn   App. Total   Right       Thru        Left       U-Turn   App. Total   Int. Total
 7:30 AM      1      111        17          1         130        17        2            14           0        33         28     364         3          2         397        13          16         13           0         42          602
 7:45 AM      5      100        36          0         141        29        2            17           0        48         19     368         8          6         401        6           8          10           0         24          614
 8:00 AM      2      126        27          0         155        19        3            21           0        43         28     318         6          3         355        7           9          12           0         28          581
 8:15 AM      1       97        33          0         131        29        7            23           0        59         38     380         2          3         423        3           11          7           0         21          634
  Total       9      434        113         1         557        94        14           75           0        183       113     1430       19         14        1576        29          44         42           0         115         2431
Approach %    1.6    77.9       20.3       0.2         -        51.4       7.7         41.0          0.0       -         7.2    90.7       1.2        0.9         -        25.2        38.3        36.5        0.0         -            -
 Total %      0.4    17.9       4.6        0.0       22.9        3.9       0.6          3.1          0.0      7.5        4.6    58.8       0.8        0.6       64.8        1.2         1.8        1.7         0.0        4.7           -
   PHF       0.450   0.861     0.785      0.250      0.898      0.810     0.500        0.815     0.000       0.775      0.743   0.941     0.594      0.583      0.931      0.558       0.688      0.808       0.000      0.685       0.959
   Car        9      434        113         1         557        94        14           75           0        183       113     1430       19         14        1576        29          44         42           0         115         2431
  % Car      100.0   100.0     100.0      100.0      100.0      100.0     100.0        100.0          -      100.0      100.0   100.0     100.0      100.0      100.0      100.0       100.0      100.0         -        100.0       100.0
                                                              Town of Cary                                                                             Count Name: Cary Pkwy at James Jackson
                                                           316 N. Academy St.                                                                          Ave\Rainbrook Dr
                                                             P.O. Box 8005                                                                             Site Code:
                                                Cary, North Carolina, United States 27513                                                              Start Date: 10/19/2011
                                                 919.469.4030 tom.reilly@townofcary.org                                                                Page No: 5




                                                                    Cary Pkwy [N]
                                                              Out           In          Total
                                                              1567         557          2124
                                                              1567         557          2124


                                                          9          434          113           1
                                                          9          434          113           1
                                                          R          T            L             U




                                                                                                      94
                                                                                                      94
                                        U




                                                                                                      R
                                        0
                                        0
                                                        Peak Hour Data
                   Total




                                                                                                                               James Jackson Ave [E]
                           157
                                 157




                                                                                                           270
                                                                                                                 270
                                                                                                                       Out
Rainbrook Dr [W]




                                        42
                                        42




                                                                                                      14
                                                                                                      14
                                                                                                      T
                                         L
                                                          10/19/2011 7:30 AM
                           115
                                 115




                                                                                                           183
                                                                                                                 183
                   In




                                                                                                                       In
                                                          Ending At
                                                          10/19/2011 8:30 AM
                                        44
                                        44




                                                                                                      75
                                                                                                      75
                                        T




                                                                                                       L
                                                          Car




                                                                                                                       Total
                                                                                                           453
                                                                                                                 453
                   Out
                           42
                                 42


                                        29
                                        29
                                        R




                                                                                                      U
                                                                                                      0
                                                                                                      0
                                                          U          L            T             R
                                                         14          19          1430           113
                                                         14          19          1430           113


                                                              552          1576         2128
                                                              552          1576         2128
                                                              Out           In          Total
                                                                    Cary Pkwy [S]



                                       Turning Movement Peak Hour Data Plot (7:30 AM)
                                                                                                    Town of Cary                                                                   Count Name: Cary Pkwy at James Jackson
                                                                                                 316 N. Academy St.                                                                Ave\Rainbrook Dr
                                                                                                   P.O. Box 8005                                                                   Site Code:
                                                                                      Cary, North Carolina, United States 27513                                                    Start Date: 10/19/2011
                                                                                       919.469.4030 tom.reilly@townofcary.org                                                      Page No: 6




                                                                        Turning Movement Peak Hour Data (5:00 PM)
                             Cary Pkwy                                           James Jackson Ave                                      Cary Pkwy                                              Rainbrook Dr
                             Southbound                                             Westbound                                           Northbound                                              Eastbound
Start Time
             Right   Thru       Left      U-Turn   App. Total   Right     Thru         Left      U-Turn    App. Total   Right   Thru       Left      U-Turn   App. Total   Right       Thru        Left       U-Turn   App. Total   Int. Total
 5:00 PM      11     348        41          0         400        41        5            32           0        78         22     151         3          3         179        11          4           7           0         22          679
 5:15 PM      10     362        61          1         434        14        10           32           0        56         31     159        12          2         204        10          11          5           0         26          720
 5:30 PM      8      366        41          1         416        34        10           29           0        73         35     146         9          0         190        6           6           4           0         16          695
 5:45 PM      7      303        36          0         346        31        11           44           0        86         24     142         9          5         180        13          12          2           0         27          639
  Total       36     1379       179         2        1596       120        36          137           0        293       112     598        33         10         753        40          33         18           0         91          2733
Approach %    2.3    86.4       11.2       0.1         -        41.0      12.3         46.8          0.0       -        14.9    79.4       4.4        1.3         -        44.0        36.3        19.8        0.0         -            -
 Total %      1.3    50.5       6.5        0.1       58.4        4.4       1.3          5.0          0.0     10.7        4.1    21.9       1.2        0.4       27.6        1.5         1.2        0.7         0.0        3.3           -
   PHF       0.818   0.942     0.734      0.500      0.919      0.732     0.818        0.778     0.000       0.852      0.800   0.940     0.688      0.500      0.923      0.769       0.688      0.643       0.000      0.843       0.949
   Car        36     1379       179         2        1596       120        36          137           0        293       112     598        33         10         753        40          33         18           0         91          2733
  % Car      100.0   100.0     100.0      100.0      100.0      100.0     100.0        100.0          -      100.0      100.0   100.0     100.0      100.0      100.0      100.0       100.0      100.0         -        100.0       100.0
                                                              Town of Cary                                                                             Count Name: Cary Pkwy at James Jackson
                                                           316 N. Academy St.                                                                          Ave\Rainbrook Dr
                                                             P.O. Box 8005                                                                             Site Code:
                                                Cary, North Carolina, United States 27513                                                              Start Date: 10/19/2011
                                                 919.469.4030 tom.reilly@townofcary.org                                                                Page No: 7




                                                                    Cary Pkwy [N]
                                                              Out          In          Total
                                                              738         1596         2334
                                                              738         1596         2334


                                                         36         1379         179           2
                                                         36         1379         179           2
                                                          R          T           L             U




                                                                                                     120
                                                                                                     120
                                        U




                                                                                                      R
                                        0
                                        0
                                                        Peak Hour Data
                   Total




                                                                                                                               James Jackson Ave [E]
                           196
                                 196




                                                                                                           324
                                                                                                                 324
                                                                                                                       Out
Rainbrook Dr [W]




                                        18
                                        18




                                                                                                     36
                                                                                                     36
                                                                                                     T
                                         L
                                                          10/19/2011 5:00 PM




                                                                                                           293
                                                                                                                 293
                           91
                                 91
                   In




                                                                                                                       In
                                                          Ending At
                                                          10/19/2011 6:00 PM




                                                                                                     137
                                                                                                     137
                                        33
                                        33
                                        T




                                                                                                      L
                                                          Car




                                                                                                                       Total
                           105
                                 105




                                                                                                           617
                                                                                                                 617
                   Out




                                        40
                                        40
                                        R




                                                                                                     U
                                                                                                     0
                                                                                                     0
                                                          U          L           T             R
                                                         10          33          598           112
                                                         10          33          598           112


                                                              1566         753         2319
                                                              1566         753         2319
                                                              Out          In          Total
                                                                    Cary Pkwy [S]



                                       Turning Movement Peak Hour Data Plot (5:00 PM)
              Town of Cary                  Count Name: Cary Pkwy at James Jackson
           316 N. Academy St.               Ave\Rainbrook Dr
             P.O. Box 8005                  Site Code:
Cary, North Carolina, United States 27513   Start Date: 10/19/2011
 919.469.4030 tom.reilly@townofcary.org     Page No: 8
