                                                                                                     Town of Cary                                                             Count Name: Davis Dr at Cornerstone
                                                                                                  316 N. Academy St.                                                          Dr/Searstone Dr
                                                                                                    P.O. Box 8005                                                             Site Code:
                                                                                       Cary, North Carolina, United States 27513                                              Start Date: 01/19/2012
                                                                                        919.469.4030 tom.reilly@townofcary.org                                                Page No: 1



                                                                                          Turning Movement Data
                                   Davis Dr                                     Searstone Dr                                            Davis Dr                                        Cornerstone Dr
                               Southbound                                        Westbound                                          Northbound                                            Eastbound
Start Time                                               App.                                            App.                                                 App.                                              App.
               Right   Thru   Left      U-Turn    Peds           Right   Thru   Left     U-Turn   Peds           Right   Thru      Left      U-Turn    Peds           Right      Thru   Left    U-Turn   Peds           Int. Total
                                                         Total                                           Total                                                Total                                             Total
 6:00 AM        1      27      2              0    0      30      0       1      0         0       1       1      1      86         4              0    0      91      2          1      1         0      2      4        126
 6:15 AM        1      45      3              0    0      49      1       0      1         0       0       2      1      145       15              0    0     161      6          0      1         0      3      7        219
 6:30 AM        3      36      4              0    0      43      0       1      1         0       0       2      4      154       26              0    0     184      5          0      3         0      0      8        237
 6:45 AM        4      57      1              0    0      62      0       0      1         0       0       1      3      194       24              0    0     221      14         2      4         0      0      20       304
Hourly Total    9      165    10              0    0     184      1       2      3         0       1       6      9      579       69              0    0     657      27         3      9         0      5      39       886
 7:00 AM        2      68      3              0    0      73      1       0      0         0       0       1      1      246       36              0    0     283      17         0      1         0      0      18       375
 7:15 AM        7      147     9              0    0     163      1       2      5         0       0       8      7      343       73              0    0     423      42         1      3         0      0      46       640
 7:30 AM        4      159     3              0    0     166      4       2      3         0       0       9      6      380       113             0    0     499      65         0      7         0      0      72       746
 7:45 AM        5      162     3              0    0     170      2       1      0         0       0       3      4      392       70              0    0     466      41         1      6         0      2      48       687
Hourly Total    18     536    18              0    0     572      8       5      8         0       0      21      18     1361      292             0    0     1671    165         2      17        0      2     184       2448
 8:00 AM        11     134     5              0    0     150      2       1      5         0       0       8      12     398       53              0    0     463      35         1      11        0      0      47       668
 8:15 AM        6      105     4              0    0     115      1       3      3         0       0       7      7      371       44              0    0     422      22         1      8         0      0      31       575
 8:30 AM        6      133     8              0    0     147      3       1      2         0       0       6      5      356       37              0    0     398      12         3      11        0      0      26       577
 8:45 AM        5      191     4              1    0     201      1       1      7         0       0       9      2      271       22              0    0     295      23         3      8         0      0      34       539
Hourly Total    28     563    21              1    0     613      7       6     17         0       0      30      26     1396      156             0    0     1578     92         8      38        0      0     138       2359
 9:00 AM        3      130     7              3    0     143      2       1      3         0       0       6      6      241       32              0    0     279      20         0      6         0      0      26       454
 9:15 AM        4      99      6              0    0     109      1       0      5         0       0       6      0      171       37              0    0     208      22         2      7         0      0      31       354
 9:30 AM        4      79      8              0    0      91      2       1      2         0       1       5      2      146       22              0    0     170      28         3      5         0      0      36       302
 9:45 AM        2      86      1              2    0      91      3       0      1         0       0       4      2      141       25              0    0     168      21         1      4         0      1      26       289
Hourly Total    13     394    22              5    0     434      8       2     11         0       1      21      10     699       116             0    0     825      91         6      22        0      1     119       1399
 10:00 AM       3      70      3              2    0      78      2       1      3         0       0       6      4      97        24              0    0     125      14         0      3         0      0      17       226
 10:15 AM       3      55      4              0    0      62      3       1      1         0       0       5      1      94        26              0    0     121      20         1      2         0      0      23       211
 10:30 AM       5      68      6              0    0      79      3       1      2         0       0       6      0      92        20              0    0     112      12         1      5         0      0      18       215
 10:45 AM       4      63      8              0    0      75      2       2      4         0       0       8      5      87        40              0    0     132      12         2      3         0      1      17       232
Hourly Total    15     256    21              2    0     294      10      5     10         0       0      25      10     370       110             0    0     490      58         4      13        0      1      75       884
 11:00 AM       1      80      6              1    0      88      3       1      5         0       0       9      5      83        31              0    0     119      19         2      3         0      0      24       240
 11:15 AM       3      95     14              1    0     113      3       1      8         0       0      12      6      80        30              0    0     116      32         3      2         0      0      37       278
 11:30 AM       0      73     13              2    0      88      8       3      4         0       0      15      1      101       29              0    0     131      26         1      4         0      0      31       265
 11:45 AM       5      100     9              0    0     114      6       3      4         0       0      13      4      108       36              0    0     148      30         3      10        0      0      43       318
Hourly Total    9      348    42              4    0     403      20      8     21         0       0      49      16     372       126             0    0     514     107         9      19        0      0     135       1101
 12:00 PM       4      111    11              1    0     127      6       2      3         0       0      11      2      112       26              0    0     140      43         5      4         0      0      52       330
 12:15 PM       2      105    10              0    0     117      2       2      4         0       0       8      5      130       33              0    0     168      31         2      3         0      0      36       329
 12:30 PM       7      102    11              1    1     121      7       5      4         0       0      16      4      107       39              0    0     150      27         3      4         0      0      34       321
 12:45 PM       4      101     7              3    0     115      1       0      5         0       0       6      0      101       28              0    1     129      23         3      3         0      1      29       279
Hourly Total    17     419    39              5    1     480      16      9     16         0       0      41      11     450       126             0    1     587     124         13     14        0      1     151       1259
 1:00 PM        2      130    11              0    1     143      7       1      7         0       0      15      5      85        26              0    1     116      30         1      3         0      0      34       308
 1:15 PM        4      123    12              1    0     140      4       1      8         0       0      13      6      102       30              0    0     138      20         3      1         0      3      24       315
 1:30 PM        4       97      9       1       0      111      4       1       4      0      0       9       6       92      39     0      1       137     29      4       4      0      0       37      294
 1:45 PM        2      123      9       1       0      135      9       3       1      0      0       13      8       76      28     0      0       112     36      3       3      0      1       42      302
Hourly Total    12     473      41      3       1      529      24      6       20     0      0       50      25     355     123     0      2       503    115      11      11     0      4      137     1219
 2:00 PM        7      121      8       2       0      138      2       2       6      0      0       10      3       80      22     0      0       105     31      1       4      0      1       36      289
 2:15 PM        3      113      7       3       0      126      4       1       2      0      1       7       2      114      32     0      0       148     19      2       6      0      0       27      308
 2:30 PM        6      126      4       2       0      138      2       2       6      0      0       10      2      105      26     0      0       133     29      1       1      0      0       31      312
 2:45 PM        5      137      4       4       0      150      2       0       4      0      0       6       1       85      16     0      0       102     27      1       6      0      0       34      292
Hourly Total    21     497      23      11      0      552      10      5       18     0      1       33      8      384      96     0      0       488    106      5       17     0      1      128     1201
 3:00 PM        6      158      6       2       0      172      8       0       9      0      0       17      1      152      51     0      0       204     34      0       2      0      0       36      429
 3:15 PM        8      176      7       0       0      191      11      2       8      0      0       21      1      137      43     0      0       181     25      0       4      0      0       29      422
 3:30 PM        5      195      5       1       0      206      1       3       8      0      0       12      4      117      46     0      0       167     41      3       10     0      1       54      439
 3:45 PM        8      200      4       1       0      213      3       2       4      0      0       9       7      110      48     0      0       165     23      3       1      0      0       27      414
Hourly Total    27     729      22      4       0      782      23      7       29     0      0       59      13     516     188     0      0       717    123      6       17     0      1      146     1704
 4:00 PM        12     274      9       2       0      297      6       1       8      0      0       15      1      143      53     0      1       197     49      3       8      0      1       60      569
 4:15 PM        12     286      9       1       1      308      4       0       3      0      1       7       2      122      45     0      0       169     41      1       6      0      1       48      532
 4:30 PM        13     321      4       2       0      340      2       3       7      0      1       12      3      113      45     0      1       161     42      1       9      0      1       52      565
 4:45 PM        13     326      10      0       0      349      5       5       4      0      0       14      1      154      50     0      0       205     28      0       9      0      1       37      605
Hourly Total    50     1207     32      5       1      1294     17      9       22     0      2       48      7      532     193     0      2       732    160      5       32     0      4      197     2271
 5:00 PM        19     355      11      4       0      389      4       2       10     0      0       16      7      180      42     0      0       229     60      0       12     0      2       72      706
 5:15 PM        17     366      9       3       0      395      3       3       7      0      0       13      3      183      66     0      0       252     49      1       9      0      2       59      719
 5:30 PM        18     343      3       2       0      366      1       5       7      0      0       13      4      159      49     0      0       212     64      4       7      0      0       75      666
 5:45 PM        9      373      9       1       0      392      0       1       12     0      0       13      4      172      41     0      0       217     52      0       9      0      0       61      683
Hourly Total    63     1437     32      10      0      1542     8       11      36     0      0       55      18     694     198     0      0       910    225      5       37     0      4      267     2774
 6:00 PM        10     332      6       4       0      352      2       4       4      0      3       10      2      153      45     0      0       200     44      2       9      0      0       55      617
 6:15 PM        20     302      7       1       0      330      2       1       4      0      0       7       3      152      44     0      0       199     49      3       14     0      0       66      602
 6:30 PM        9      283      3       3       0      298      1       1       6      0      0       8       4      139      45     0      1       188     46      0       9      0      1       55      549
 6:45 PM        8      196      4       1       0      209      1       2       4      0      0       7       5      137      37     0      0       179     25      1       6      0      0       32      427
Hourly Total    47     1113     20      9       0      1189     6       8       18     0      3       32      14     581     171     0      1       766    164      6       38     0      1      208     2195
 7:00 PM        4      165      5       2       0      176      1       3       5      0      0       9       2      114      38     0      0       154     39      3       4      0      0       46      385
 7:15 PM        2      147      2       0       0      151      0       2       5      0      1       7       3       83      34     0      0       120     35      2       2      0      0       39      317
 7:30 PM        1      127      3       1       0      132      2       1       4      0      0       7       4       70      22     0      0       96      26      1       7      0      0       34      269
 7:45 PM        4      118      2       0       0      124      0       2       1      0      0       3       2       87      20     0      0       109     17      0       2      0      0       19      255
Hourly Total    11     557      12      3       0      583      3       8       15     0      1       26      11     354     114     0      0       479    117      6       15     0      0      138     1226
 8:00 PM        1      109      7       1       0      118      2       2       5      0      0       9       0       69      16     0      0       85      22      0       4      0      0       26      238
 8:15 PM        10      91      3       2       0      106      1       1       6      0      0       8       2       54      16     0      0       72      14      0       2      0      0       16      202
 8:30 PM        5       80      8       0       0       93      1       1       1      0      0       3       0       47      14     0      0       61      29      1       17     0      0       47      204
 8:45 PM        0       79      4       1       0       84      2       0       2      0      0       4       0       73      16     0      0       89      20      0       2      0      0       22      199
Hourly Total    16     359      22      4       0      401      6       4       14     0      0       24      2      243      62     0      0       307     85      1       25     0      0      111      843
 9:00 PM        1       79      2       1       0       83      1       0       2      0      1       3       1       47      13     0      0       61      12      0       1      0      0       13      160
 9:15 PM        1       82      1       2       0       86      0       0       1      0      0       1       0       52      11     0      0       63      15      0       1      0      0       16      166
 9:30 PM        1       63      3       0       0       67      0       0       4      0      0       4       1       49      11     0      0       61      8       0       1      0      0       9       141
 9:45 PM        1       41      2       1       0       45      1       0       3      0      0       4       2       36      6      0      0       44      10      0       0      0      0       10      103
Hourly Total    4      265      8       4       0      281      2       0       10     0      1       12      4      184      41     0      0       229     45      0       3      0      0       48      570
 10:00 PM       0       4       0       0       0       4       0       0       0      0      0       0       0       3       0      0      0       3       4       0       0      0      0       4       11
Grand Total    360     9322    385      70      3      10137   169      95     268     0      10     532     202     9073    2181    0      6      11456   1808     90     327     0      25     2225    24350
Approach %      3.6    92.0     3.8     0.7      -       -     31.8    17.9    50.4    0.0     -       -      1.8    79.2    19.0    0.0     -       -     81.3     4.0    14.7    0.0     -       -       -
  Total %       1.5    38.3     1.6     0.3      -     41.6     0.7     0.4     1.1    0.0     -      2.2     0.8    37.3     9.0    0.0     -     47.0     7.4     0.4     1.3    0.0     -      9.1      -
    Car        360     9322    385      70       -     10137   169      95     268     0       -     532     202     9073    2181    0       -     11456   1808     90     327     0       -     2225    24350
  % Car        100.0   100.0   100.0   100.0     -     100.0   100.0   100.0   100.0    -      -     100.0   100.0   100.0   100.0    -      -     100.0   100.0   100.0   100.0    -      -     100.0   100.0
    Ped          -       -       -       -      3        -       -       -       -      -     10       -       -       -       -      -     6        -       -       -       -      -     25       -       -
  % Ped          -       -       -       -     100.0     -       -       -       -      -    100.0     -       -       -       -      -    100.0     -       -       -       -      -    100.0     -       -
                                                                    Town of Cary                                                                                Count Name: Davis Dr at Cornerstone
                                                                 316 N. Academy St.                                                                             Dr/Searstone Dr
                                                                   P.O. Box 8005                                                                                Site Code:
                                                      Cary, North Carolina, United States 27513                                                                 Start Date: 01/19/2012
                                                       919.469.4030 tom.reilly@townofcary.org                                                                   Page No: 3




                                                                            Davis Dr [N]
                                                                    Out          In        Total
                                                                    9639      10137        19776
                                                                        0        0          0
                                                                    9639      10137        19776


                                                            360     9322        385         70     0
                                                             0          0        0          0      3
                                                            360     9322        385         70     3
                                                             R          T        L          U      P




                                                                                                       169


                                                                                                             169
                                               U




                                                                                                        R
                                               0
                                               0
                                               0




                                                                                                        0
                     Total
                             4861


                                        4861


                                               327


                                               327




                                                                                                                   677


                                                                                                                              677
                                                                                                                                     Out
                                                                                                       95


                                                                                                             95
                                                                                                       T
                                    0




                                                0


                                                L




                                                                                                        0




                                                                                                                          0
Cornerstone Dr [W]




                                                                                                                                             Searstone Dr [E]
                             2225


                                        2225




                                                                  01/19/2012 6:00 AM




                                                                                                       268


                                                                                                             268


                                                                                                                   532


                                                                                                                              532
                                               90


                                               90
                     In




                                                                                                                                     In
                                               T
                                    0




                                                0




                                                                                                        L

                                                                                                        0




                                                                                                                          0
                                                                  Ending At
                                                                  01/19/2012 10:15 PM

                                                                  Car
                             2636


                                        2636


                                               1808


                                               1808




                                                                                                                   1209


                                                                                                                              1209
                                                                                                                                     Total
                     Out




                                                R




                                                                                                       U
                                    0




                                                0




                                                                                                       0
                                                                                                       0
                                                                                                             0



                                                                                                                          0
                                                                  Ped
                                               25
                                               25




                                                                                                       10
                                                                                                       10
                                               P




                                                                                                       P
                                                0




                                                                                                             0
                                                             U          L        T          R      P
                                                             0      2181       9073         202    0
                                                             0          0        0          0      6
                                                             0      2181       9073         202    6


                                                                   11398      11456        22854
                                                                        0        0          0
                                                                   11398      11456        22854
                                                                    Out          In        Total
                                                                            Davis Dr [S]



                                                      Turning Movement Data Plot
                                                                                                       Town of Cary                                                              Count Name: Davis Dr at Cornerstone
                                                                                                    316 N. Academy St.                                                           Dr/Searstone Dr
                                                                                                      P.O. Box 8005                                                              Site Code:
                                                                                         Cary, North Carolina, United States 27513                                               Start Date: 01/19/2012
                                                                                          919.469.4030 tom.reilly@townofcary.org                                                 Page No: 4




                                                                         Turning Movement Peak Hour Data (7:15 AM)
                                   Davis Dr                                       Searstone Dr                                             Davis Dr                                        Cornerstone Dr
                              Southbound                                           Westbound                                           Northbound                                            Eastbound
Start Time                                               App.                                              App.                                                  App.                                               App.
             Right   Thru    Left       U-Turn    Peds           Right   Thru    Left      U-Turn   Peds           Right   Thru      Left       U-Turn    Peds           Right      Thru   Left    U-Turn   Peds            Int. Total
                                                         Total                                             Total                                                 Total                                              Total
 7:15 AM      7      147      9               0    0     163      1       2       5          0       0       8      7      343        73              0    0     423      42         1      3         0      0       46       640
 7:30 AM      4      159      3               0    0     166      4       2       3          0       0       9      6      380       113              0    0     499      65         0      7         0      0       72       746
 7:45 AM      5      162      3               0    0     170      2       1       0          0       0       3      4      392        70              0    0     466      41         1      6         0      2       48       687
 8:00 AM      11     134      5               0    0     150      2       1       5          0       0       8      12     398        53              0    0     463      35         1      11        0      0       47       668
  Total       27     602      20              0    0     649      9       6       13         0       0      28      29     1513      309              0    0     1851    183         3      27        0      2      213       2741
Approach %    4.2    92.8     3.1         0.0      -       -     32.1    21.4    46.4        0.0     -       -      1.6    81.7      16.7         0.0      -       -     85.9       1.4    12.7      0.0      -       -         -
 Total %      1.0    22.0     0.7         0.0      -     23.7     0.3     0.2     0.5        0.0     -      1.0     1.1    55.2      11.3         0.0      -     67.5     6.7       0.1     1.0      0.0      -      7.8        -
   PHF       0.614   0.929   0.556       0.000     -     0.954   0.563   0.750   0.650      0.000    -     0.778   0.604   0.950     0.684       0.000     -     0.927   0.704     0.750   0.614    0.000     -     0.740    0.919
   Car        27     602      20              0    -     649      9       6       13         0       -      28      29     1513      309              0    -     1851    183         3      27        0       -     213       2741
  % Car      100.0   100.0   100.0            -    -     100.0   100.0   100.0   100.0        -      -     100.0   100.0   100.0     100.0            -    -     100.0   100.0     100.0   100.0      -       -     100.0    100.0
   Ped         -       -       -              -    0       -       -       -       -          -      0       -       -       -         -              -    0       -       -         -       -        -      2        -         -
  % Ped        -       -       -              -    -       -       -       -       -          -      -       -       -       -         -              -    -       -       -         -       -        -     100.0     -         -
                                                                 Town of Cary                                                                          Count Name: Davis Dr at Cornerstone
                                                              316 N. Academy St.                                                                       Dr/Searstone Dr
                                                                P.O. Box 8005                                                                          Site Code:
                                                   Cary, North Carolina, United States 27513                                                           Start Date: 01/19/2012
                                                    919.469.4030 tom.reilly@townofcary.org                                                             Page No: 5




                                                                         Davis Dr [N]
                                                                 Out          In        Total
                                                                 1549        649        2198
                                                                     0        0          0
                                                                 1549        649        2198


                                                          27     602         20          0      0
                                                          0          0        0          0      0
                                                          27     602         20          0      0
                                                          R          T        L          U      P




                                             U




                                                                                                    R
                                             0
                                             0
                                             0




                                                                                                    9
                                                                                                    0
                                                                                                         9
                                                              Peak Hour Data
                     Total
                             555


                                       555




                                                                                                                            Out
                                             27


                                             27




                                                                                                              52


                                                                                                                       52
                                                                                                    T
                                   0




                                              0


                                              L




                                                                                                    6
                                                                                                    0
                                                                                                         6



                                                                                                                   0
Cornerstone Dr [W]




                                                                                                                                    Searstone Dr [E]
                                                               01/19/2012 7:15 AM
                             213


                                       213




                                                                                                    13


                                                                                                         13


                                                                                                              28


                                                                                                                       28
                     In




                                                                                                                            In
                                             T
                                   0



                                             3
                                             0
                                             3




                                                                                                     L

                                                                                                     0




                                                                                                                   0
                                                               Ending At
                                                               01/19/2012 8:15 AM

                                                               Car




                                                                                                                            Total
                             342


                                       342


                                             183


                                             183
                     Out




                                                                                                              80


                                                                                                                       80
                                              R




                                                                                                    U
                                   0




                                              0




                                                                                                    0
                                                                                                    0
                                                                                                         0



                                                                                                                   0
                                                               Ped
                                             P




                                                                                                    P
                                             0
                                             2
                                             2




                                                                                                    0
                                                                                                    0
                                                                                                         0
                                                          U          L        T          R      P
                                                          0      309        1513         29     0
                                                          0          0        0          0      0
                                                          0      309        1513         29     0


                                                                 798        1851        2649
                                                                     0        0          0
                                                                 798        1851        2649
                                                                 Out          In        Total
                                                                         Davis Dr [S]



                                       Turning Movement Peak Hour Data Plot (7:15 AM)
                                                                                                       Town of Cary                                                              Count Name: Davis Dr at Cornerstone
                                                                                                    316 N. Academy St.                                                           Dr/Searstone Dr
                                                                                                      P.O. Box 8005                                                              Site Code:
                                                                                         Cary, North Carolina, United States 27513                                               Start Date: 01/19/2012
                                                                                          919.469.4030 tom.reilly@townofcary.org                                                 Page No: 6




                                                                         Turning Movement Peak Hour Data (5:00 PM)
                                   Davis Dr                                       Searstone Dr                                             Davis Dr                                        Cornerstone Dr
                              Southbound                                           Westbound                                           Northbound                                            Eastbound
Start Time                                               App.                                              App.                                                  App.                                               App.
             Right   Thru    Left       U-Turn    Peds           Right   Thru    Left      U-Turn   Peds           Right   Thru      Left       U-Turn    Peds           Right      Thru   Left    U-Turn   Peds            Int. Total
                                                         Total                                             Total                                                 Total                                              Total
 5:00 PM      19     355      11              4    0     389      4       2       10         0       0      16      7      180        42              0    0     229      60         0      12        0      2       72       706
 5:15 PM      17     366      9               3    0     395      3       3       7          0       0      13      3      183        66              0    0     252      49         1      9         0      2       59       719
 5:30 PM      18     343      3               2    0     366      1       5       7          0       0      13      4      159        49              0    0     212      64         4      7         0      0       75       666
 5:45 PM      9      373      9               1    0     392      0       1       12         0       0      13      4      172        41              0    0     217      52         0      9         0      0       61       683
  Total       63     1437     32          10       0     1542     8       11      36         0       0      55      18     694       198              0    0     910     225         5      37        0      4      267       2774
Approach %    4.1    93.2     2.1         0.6      -       -     14.5    20.0    65.5        0.0     -       -      2.0    76.3      21.8         0.0      -       -     84.3       1.9    13.9      0.0      -       -         -
 Total %      2.3    51.8     1.2         0.4      -     55.6     0.3     0.4     1.3        0.0     -      2.0     0.6    25.0       7.1         0.0      -     32.8     8.1       0.2     1.3      0.0      -      9.6        -
   PHF       0.829   0.963   0.727       0.625     -     0.976   0.500   0.550   0.750      0.000    -     0.859   0.643   0.948     0.750       0.000     -     0.903   0.879     0.313   0.771    0.000     -     0.890    0.965
   Car        63     1437     32          10       -     1542     8       11      36         0       -      55      18     694       198              0    -     910     225         5      37        0       -     267       2774
  % Car      100.0   100.0   100.0       100.0     -     100.0   100.0   100.0   100.0        -      -     100.0   100.0   100.0     100.0            -    -     100.0   100.0     100.0   100.0      -       -     100.0    100.0
   Ped         -       -       -              -    0       -       -       -       -          -      0       -       -       -         -              -    0       -       -         -       -        -      4        -         -
  % Ped        -       -       -              -    -       -       -       -       -          -      -       -       -       -         -              -    -       -       -         -       -        -     100.0     -         -
                                                                 Town of Cary                                                                            Count Name: Davis Dr at Cornerstone
                                                              316 N. Academy St.                                                                         Dr/Searstone Dr
                                                                P.O. Box 8005                                                                            Site Code:
                                                   Cary, North Carolina, United States 27513                                                             Start Date: 01/19/2012
                                                    919.469.4030 tom.reilly@townofcary.org                                                               Page No: 7




                                                                         Davis Dr [N]
                                                                 Out          In        Total
                                                                 749        1542        2291
                                                                     0        0          0
                                                                 749        1542        2291


                                                          63     1437        32          10     0
                                                          0          0        0          0      0
                                                          63     1437        32          10     0
                                                          R          T        L          U      P




                                             U




                                                                                                    R
                                             0
                                             0
                                             0




                                                                                                    8
                                                                                                    0
                                                                                                         8
                                                              Peak Hour Data
                     Total
                             539


                                       539




                                                                                                                              Out
                                             37


                                             37




                                                                                                    11


                                                                                                         11


                                                                                                              55


                                                                                                                        55
                                                                                                    T
                                   0




                                              0


                                              L




                                                                                                     0




                                                                                                                    0
Cornerstone Dr [W]




                                                                                                                                      Searstone Dr [E]
                                                               01/19/2012 5:00 PM
                             267


                                       267




                                                                                                    36


                                                                                                         36


                                                                                                              55


                                                                                                                        55
                     In




                                                                                                                              In
                                             T
                                   0



                                             5
                                             0
                                             5




                                                                                                     L

                                                                                                     0




                                                                                                                    0
                                                               Ending At
                                                               01/19/2012 6:00 PM

                                                               Car




                                                                                                                              Total
                             272


                                       272


                                             225


                                             225




                                                                                                              110


                                                                                                                        110
                     Out




                                              R




                                                                                                    U
                                   0




                                              0




                                                                                                    0
                                                                                                    0
                                                                                                         0



                                                                                                                    0
                                                               Ped
                                             P




                                                                                                    P
                                             0
                                             4
                                             4




                                                                                                    0
                                                                                                    0
                                                                                                         0
                                                          U          L        T          R      P
                                                          0      198         694         18     0
                                                          0          0        0          0      0
                                                          0      198         694         18     0


                                                                 1698        910        2608
                                                                     0        0          0
                                                                 1698        910        2608
                                                                 Out          In        Total
                                                                         Davis Dr [S]



                                       Turning Movement Peak Hour Data Plot (5:00 PM)
              Town of Cary                  Count Name: Davis Dr at Cornerstone
           316 N. Academy St.               Dr/Searstone Dr
             P.O. Box 8005                  Site Code:
Cary, North Carolina, United States 27513   Start Date: 01/19/2012
 919.469.4030 tom.reilly@townofcary.org     Page No: 8
