                                                                                    Town of Cary                                                      Count Name: Davis Dr at Park
                                                                            316 N. Academy St.                                                        Village Dr
                                                                              P.O. Box 8005                                                           Site Code:
                                                                 Cary, North Carolina, United States 27513                                            Start Date: 04/12/2012
                                                                               919.469.4030                                                           Page No: 1



                                                                      Turning Movement Data
                              Davis Dr                                Park Village Dr                              Davis Dr                                  Park Village Dr
                             Southbound                                 Westbound                                 Northbound                                   Eastbound
Start Time                                        App.                                      App.                                       App.                                        App.     Int.
               Left   Thru     Right     U-Turn           Left   Thru     Right   U-Turn            Left   Thru     Right     U-Turn           Left     Thru     Right   U-Turn
                                                  Total                                     Total                                      Total                                       Total   Total
 6:00 AM        0      18        1         0       19      0      0         0           0    0       0     63         0         0       63      7        0         3           0    10      92
 6:15 AM        0      26        4         0       30      0      0         0           0    0       1     74         0         0       75     12        0         5           0    17     122
 6:30 AM        0      45        1         0       46      0      0         0           0    0       1     119        0         0      120      8        0         7           0    15     181
 6:45 AM        0      50        1         0       51      0      0         0           0    0       1     144        0         0      145     12        0         19          0    31     227
Hourly Total    0     139        7         0      146      0      0         0           0    0       3     400        0         0      403     39        0         34          0    73     622
 7:00 AM        0      67        6         0       73      0      0         0           0    0       1     202        2         0      205     44        0         26          0    70     348
 7:15 AM        3      93       37         1      134      0      1         4           0    5       3     221        0         0      224     70        0         15          0    85     448
 7:30 AM        4     128       47         7      186      0      0         3           0    3       1     201        0         0      202     87        0         17          0   104     495
 7:45 AM        1     130       45        28      204      0      0         2           0    2       3     208        1         0      212     60        0         11          0    71     489
Hourly Total    8     418       135       36      597      0      1         9           0    10      8     832        3         0      843     261       0         69          0   330     1780
 8:00 AM        2     112       40        18      172      1      0         2           0    3       1     227        2         0      230     50        0         10          0    60     465
 8:15 AM        1     105        7         0      113      0      0         1           0    1       7     235        0         0      242     39        0         11          0    50     406
 8:30 AM        0     103       12         0      115      1      0         0           0    1      11     220        0         0      231     38        0         18          0    56     403
 8:45 AM        0     115        9         0      124      0      0         0           0    0       3     181        0         0      184     33        0         15          0    48     356
Hourly Total    3     435       68        18      524      2      0         3           0    5      22     863        2         0      887     160       0         54          0   214     1630
 9:00 AM        1     112        5         0      118      0      0         0           0    0       4     149        0         0      153     23        0         10          0    33     304
 9:15 AM        0      92        5         1       98      0      0         1           0    1       3     124        0         0      127     18        0         15          0    33     259
 9:30 AM        1      80        9         0       90      0      0         0           0    0       6     86         0         0       92     17        0         10          0    27     209
 9:45 AM        1      83       11         0       95      0      0         1           0    1       5     92         1         0       98     19        0         8           0    27     221
Hourly Total    3     367       30         1      401      0      0         2           0    2      18     451        1         0      470     77        0         43          0   120     993
 10:00 AM       0      58        9         1       68      1      0         0           0    1       0     81         1         0       82      9        0         6           0    15     166
 10:15 AM       0      63        7         0       70      0      0         1           0    1       3     87         0         0       90     10        0         6           0    16     177
 10:30 AM       0      67       13         0       80      0      0         0           0    0       4     84         0         0       88     13        0         9           0    22     190
 10:45 AM       0      62        7         0       69      0      0         0           0    0       5     85         0         0       90      6        0         10          0    16     175
Hourly Total    0     250       36         1      287      1      0         1           0    2      12     337        1         0      350     38        0         31          0    69     708
 11:00 AM       1      65        7         0       73      0      0         0           0    0       5     59         1         0       65     10        0         7           0    17     155
 11:15 AM       1      69       12         0       82      0      0         0           0    0       6     78         0         0       84     18        0         14          0    32     198
 11:30 AM       2      61       10         0       73      0      0         5           0    5       7     64         1         0       72     15        1         1           0    17     167
 11:45 AM       4      86       12         0      102      2      0         1           0    3       7     83         0         0       90     15        0         12          0    27     222
Hourly Total    8     281       41         0      330      2      0         6           0    8      25     284        2         0      311     58        1         34          0    93     742
 12:00 PM       1      72       11         0       84      0      0         2           0    2       9     93         0         0      102     13        0         5           0    18     206
 12:15 PM       0      65       21         0       86      0      1         1           0    2      10     78         0         0       88     13        0         7           0    20     196
 12:30 PM       1      81       12         1       95      0      0         0           0    0       8     86         1         0       95     20        0         4           0    24     214
 12:45 PM       0      80       12         0       92      0      0         3           0    3       7     98         0         0      105      9        0         9           0    18     218
Hourly Total    2     298       56         1      357      0      1         6           0    7      34     355        1         0      390     55        0         25          0    80     834
 1:00 PM        0      74       18         0       92      0      0         1           0    1       8     70         0         0       78      8        0         9           0    17     188
 1:15 PM        1      85       12         0       98      0      0         0           0    0       3     80         0         0       83     12        0         5           0    17     198
 1:30 PM        0      75       19         0       94      2      0         0           0    2       5     77         0         0       82     11        2         5           0    18     196
 1:45 PM        0      91       16         0      107      0      0         0           0    0       8     67         0         0       75     11        0         5           0    16     198
Hourly Total    1     325       65         0      391      2      0         1           0    3      24     294        0         0      318     42        2         24          0    68     780
 2:00 PM        0     104       14         1      119      0      0         0           0    0       2     83         0         1       86     22        2         10          0    34     239
 2:15 PM        2     131       52         0      185      2      0         0           0    2       5     89         1         1       96     22        1         4           0    27     310
 2:30 PM        4     118       13         0      135      0      0         2           0    2      11     83         0         0       94     12        0         8           0    20     251
 2:45 PM        0      97       10         0      107      0      1         0           0    1      10     88         1         0       99     17        2         8           0    27     234
Hourly Total    6     450       89         1      546      2      1         2           0    5      28     343        2         2      375     73        5         30          0   108     1034
 3:00 PM        0     111       36         5      152      0      1         2           0    3       8     98         0         0      106     17        1         5           0    23     284
 3:15 PM        7     150       32         2      191      0      0         4           0    4       7     92         1         0      100     24        0         10          0    34     329
 3:30 PM        3     154       33         1      191      2      0         1           0    3       8     90         1         0       99     11        0         13          0    24     317
 3:45 PM        7     173       20         0      200      1      0         1           0    2       9     86         0         0       95     12        0         5           0    17     314
Hourly Total   17     588       121        8      734      3      1         8           0    12     32     366        2         0      400     64        1         33          0    98     1244
 4:00 PM        1     150       25         0      176      1      1         1           0    3       8     102        1         0      111     19        0         11          0    30     320
 4:15 PM        7     203       33         0      243      0      0         4           0    4       8     93         5         0      106     22        0         6           0    28     381
 4:30 PM        4     206       24         0      234      1      0         5           0    6       9     92         2         0      103     26        0         7           0    33     376
 4:45 PM        2     243       30         1      276      0      0         1           0    1      12     126        1         0      139     25        1         5           0    31     447
Hourly Total   14     802       112        1      929      2      1         11          0    14     37     413        9         0      459     92        1         29          0   122     1524
 5:00 PM        3     257       41         3      304      2      1         7           0    10     12     118        4         0      134     23        1         3           0    27     475
 5:15 PM        5     243       32         3      283      1      1         13          0    15     13     178        6         1      198     24        0         4           0    28     524
 5:30 PM       11     233       50         2      296      2      1         12          0    15     10     157        3         1      171     33        0         8           0    41     523
 5:45 PM       24     270       48         2      344      5      1         8           0    14     11     153       12         0      176     49        4         15          0    68     602
Hourly Total   43     1003      171       10      1227    10      4         40          0    54     46     606       25         2      679     129       5         30          0   164     2124
 6:00 PM       14     234       48         1      297      3      3         12          0    18     12     148        6         0      166     25        3         4           0    32     513
 6:15 PM        7     228       43         0      278      5      1         4           0    10     18     151        2         1      172     20        0         11          0    31     491
 6:30 PM        2      186      40      0      228      0       1       1      0      2       10     109      2       0      121      25      0       4      0      29      380
 6:45 PM        5      151      28      2      186      2       2       3      0      7       14     100      5       1      120      24      0       7      0      31      344
Hourly Total    28     799     159      3      989      10      7       20     0      37      54     508      15      2      579      94      3       26     0     123     1728
 7:00 PM        11     165      48      0      224      10      5       19     0      34      7       76      1       0       84      17      0       9      0      26      368
 7:15 PM        3      135      46      0      184      4       1       6      0      11      7       77      3       0       87      19      1       6      0      26      308
 7:30 PM        3       99      27      0      129      9       3       10     0      22      13      76      1       3       93      13      0       6      0      19      263
 7:45 PM        0      107      20      0      127      2       1       3      0      6       8       56      0       0       64      21      0       3      0      24      221
Hourly Total    17     506     141      0      664      25      10      38     0      73      35     285      5       3      328      70      1       24     0      95     1160
 8:00 PM        0       76      21      0       97      1       1       5      0      7       8       65      0       0       73      16      1       4      0      21      198
 8:15 PM        0       88      29      0      117      0       0       1      0      1       3       69      0       0       72      9       0       2      0      11      201
 8:30 PM        0       75      28      1      104      0       0       0      0      0       5       57      0       0       62      11      0       4      0      15      181
 8:45 PM        0       55      16      0       71      0       0       0      0      0       4       49      0       0       53      7       0       3      0      10      134
Hourly Total    0      294      94      1      389      1       1       6      0      8       20     240      0       0      260      43      1       13     0      57      714
 9:00 PM        0       56      16      0       72      0       0       0      0      0       4       46      0       0       50      5       0       0      0      5       127
 9:15 PM        0       53      11      0       64      0       0       0      0      0       5       43      0       0       48      3       0       0      0      3       115
 9:30 PM        0       42      16      0       58      0       1       0      0      1       3       42      0       0       45      4       0       1      0      5       109
 9:45 PM        0       29      13      0       42      0       0       0      0      0       6       27      0       0       33      4       0       1      0      5       80
Hourly Total    0      180      56      0      236      0       1       0      0      1       18     158      0       0      176      16      0       2      0      18      431
Grand Total    150     7135    1381     81     8747     60      28     153     0     241     416     6735     68      9      7228    1311     20     501     0     1832    18048
Approach %      1.7    81.6    15.8     0.9      -     24.9    11.6    63.5    0.0     -      5.8    93.2     0.9     0.1      -     71.6     1.1    27.3    0.0     -       -
  Total %       0.8    39.5     7.7     0.4    48.5     0.3     0.2     0.8    0.0    1.3     2.3    37.3     0.4     0.0    40.0     7.3     0.1     2.8    0.0   10.2      -
    Car        150     7135    1381     81     8747     60      28     153     0     241     416     6735     68      9      7228    1311     20     501     0     1832    18048
  % Car        100.0   100.0   100.0   100.0   100.0   100.0   100.0   100.0    -    100.0   100.0   100.0   100.0   100.0   100.0   100.0   100.0   100.0    -    100.0   100.0
                                                                  Town of Cary                           Count Name: Davis Dr at Park
                                                              316 N. Academy St.                         Village Dr
                                                                P.O. Box 8005                            Site Code:
                                                   Cary, North Carolina, United States 27513             Start Date: 04/12/2012
                                                                 919.469.4030                            Page No: 3




                                                                       Davis Dr [N]
                                                                 Out          In          Total
                                                               8280          8747       17027
                                                               8280          8747       17027


                                                          1381         7135         150           81
                                                          1381         7135         150           81
                                                           R            T           L             U




                                                                                                       153
                                                                                                       153
                                            U




                                                                                                        R
                                            0
                                            0
                      Total
                              3657
                                     3657




                                                                                                             238
                                                                                                                   238
                                                                                                                         Out
Park Village Dr [W]




                                                                                                                                 Park Village Dr [E]
                                            1311
                                            1311




                                                                                                       28
                                                                                                       28
                                                                                                       T
                                             L
                              1832
                                     1832




                                                            04/12/2012 6:00 AM




                                                                                                             241
                                                                                                                   241
                      In




                                                                                                                         In
                                                            Ending At
                                                            04/12/2012 10:00 PM
                                            20
                                            20




                                                                                                       60
                                                                                                       60
                                            T




                                                                                                        L
                                                            Car
                              1825
                                     1825




                                                                                                                         Total
                                                                                                             479
                                                                                                                   479
                      Out




                                            501
                                            501
                                             R




                                                                                                       U
                                                                                                       0
                                                                                                       0




                                                           U            L           T             R
                                                           9           416         6735           68
                                                           9           416         6735           68


                                                               7705          7228       14933
                                                               7705          7228       14933
                                                                 Out          In          Total
                                                                       Davis Dr [S]


                                                   Turning Movement Data Plot
                                                                                     Town of Cary                                                       Count Name: Davis Dr at Park
                                                                            316 N. Academy St.                                                          Village Dr
                                                                              P.O. Box 8005                                                             Site Code:
                                                                 Cary, North Carolina, United States 27513                                              Start Date: 04/12/2012
                                                                               919.469.4030                                                             Page No: 4




                                                 Turning Movement Peak Hour Data (7:15 AM)
                             Davis Dr                                 Park Village Dr                                Davis Dr                                   Park Village Dr
                            Southbound                                   Westbound                                  Northbound                                    Eastbound
Start Time                                       App.                                        App.                                        App.                                         App.     Int.
             Left    Thru     Right     U-Turn           Left    Thru      Right   U-Turn            Left    Thru     Right     U-Turn           Left     Thru      Right   U-Turn
                                                 Total                                       Total                                       Total                                        Total   Total
 7:15 AM      3       93       37         1      134      0       1          4          0     5       3      221        0         0      224      70       0          15          0    85     448
 7:30 AM      4      128       47         7      186      0       0          3          0     3       1      201        0         0      202      87       0          17          0   104     495
 7:45 AM      1      130       45        28      204      0       0          2          0     2       3      208        1         0      212      60       0          11          0    71     489
 8:00 AM      2      112       40        18      172      1       0          2          0     3       1      227        2         0      230      50       0          10          0    60     465
  Total       10     463       169       54      696      1       1         11          0     13      8      857        3         0      868     267       0          53          0   320     1897
Approach %    1.4    66.5      24.3      7.8       -      7.7     7.7      84.6       0.0      -      0.9    98.7      0.3       0.0       -     83.4      0.0       16.6      0.0      -       -
 Total %      0.5    24.4      8.9       2.8     36.7     0.1     0.1       0.6       0.0     0.7     0.4    45.2      0.2       0.0     45.8    14.1      0.0       2.8       0.0    16.9      -
   PHF       0.625   0.890    0.899     0.482    0.853   0.250   0.250     0.688     0.000   0.650   0.667   0.944    0.375     0.000    0.943   0.767    0.000     0.779     0.000   0.769   0.958
   Car        10     463       169       54      696      1       1         11          0     13      8      857        3         0      868     267       0          53          0   320     1897
  % Car      100.0   100.0    100.0     100.0    100.0   100.0   100.0     100.0        -    100.0   100.0   100.0    100.0       -      100.0   100.0      -       100.0         -   100.0   100.0
                                                                   Town of Cary                         Count Name: Davis Dr at Park
                                                               316 N. Academy St.                       Village Dr
                                                                 P.O. Box 8005                          Site Code:
                                                    Cary, North Carolina, United States 27513           Start Date: 04/12/2012
                                                                  919.469.4030                          Page No: 5




                                                                        Davis Dr [N]
                                                                 Out          In          Total
                                                                 1189         696         1885
                                                                 1189         696         1885


                                                           169          463         10            54
                                                           169          463         10            54
                                                            R           T           L             U




                                                                                                       11
                                                                                                       11
                                          U




                                                                                                       R
                                          0
                                          0




                                                          Peak Hour Data
                      Total
                              498
                                    498




                                                                                                                      Out
                                                                                                            13
                                                                                                                 13
Park Village Dr [W]




                                                                                                                              Park Village Dr [E]
                                          267
                                          267




                                                                                                       T
                                           L




                                                                                                       1
                                                                                                       1
                                                             04/12/2012 7:15 AM
                              320
                                    320




                                                                                                            13
                                                                                                                 13
                      In




                                                                                                                      In
                                                             Ending At
                                                             04/12/2012 8:15 AM
                                          T
                                          0
                                          0




                                                                                                       L
                                                                                                       1
                                                                                                       1
                                                             Car




                                                                                                                      Total
                              178
                                    178
                      Out




                                                                                                            26
                                                                                                                 26
                                          53
                                          53
                                          R




                                                                                                       U
                                                                                                       0
                                                                                                       0




                                                            U           L           T             R
                                                            0           8           857           3
                                                            0           8           857           3


                                                                 517          868         1385
                                                                 517          868         1385
                                                                 Out          In          Total
                                                                        Davis Dr [S]


                                           Turning Movement Peak Hour Data Plot (7:15 AM)
                                                                                     Town of Cary                                                       Count Name: Davis Dr at Park
                                                                            316 N. Academy St.                                                          Village Dr
                                                                              P.O. Box 8005                                                             Site Code:
                                                                 Cary, North Carolina, United States 27513                                              Start Date: 04/12/2012
                                                                               919.469.4030                                                             Page No: 6




                                                 Turning Movement Peak Hour Data (5:15 PM)
                             Davis Dr                                 Park Village Dr                                Davis Dr                                  Park Village Dr
                            Southbound                                   Westbound                                  Northbound                                    Eastbound
Start Time                                       App.                                        App.                                        App.                                         App.     Int.
             Left    Thru     Right     U-Turn           Left    Thru      Right   U-Turn            Left    Thru     Right     U-Turn           Left     Thru      Right   U-Turn
                                                 Total                                       Total                                       Total                                        Total   Total
 5:15 PM      5      243       32         3      283      1       1         13          0     15      13     178        6         1      198      24       0         4           0     28     524
 5:30 PM      11     233       50         2      296      2       1         12          0     15      10     157        3         1      171      33       0         8           0     41     523
 5:45 PM      24     270       48         2      344      5       1          8          0     14      11     153       12         0      176      49       4         15          0     68     602
 6:00 PM      14     234       48         1      297      3       3         12          0     18      12     148        6         0      166      25       3         4           0     32     513
  Total       54     980       178        8      1220     11      6         45          0     62      46     636       27         2      711     131       7         31          0    169     2162
Approach %    4.4    80.3      14.6      0.7       -     17.7     9.7      72.6       0.0      -      6.5    89.5      3.8       0.3       -     77.5      4.1      18.3       0.0      -       -
 Total %      2.5    45.3      8.2       0.4     56.4     0.5     0.3       2.1       0.0     2.9     2.1    29.4      1.2       0.1     32.9     6.1      0.3       1.4       0.0     7.8      -
   PHF       0.563   0.907    0.890     0.667    0.887   0.550   0.500     0.865     0.000   0.861   0.885   0.893    0.563     0.500    0.898   0.668    0.438     0.517     0.000   0.621   0.898
   Car        54     980       178        8      1220     11      6         45          0     62      46     636       27         2      711     131       7         31          0    169     2162
  % Car      100.0   100.0    100.0     100.0    100.0   100.0   100.0     100.0        -    100.0   100.0   100.0    100.0     100.0    100.0   100.0    100.0     100.0        -    100.0   100.0
                                                                   Town of Cary                          Count Name: Davis Dr at Park
                                                               316 N. Academy St.                        Village Dr
                                                                 P.O. Box 8005                           Site Code:
                                                    Cary, North Carolina, United States 27513            Start Date: 04/12/2012
                                                                  919.469.4030                           Page No: 7




                                                                        Davis Dr [N]
                                                                 Out           In          Total
                                                                 820          1220         2040
                                                                 820          1220         2040


                                                           178          980          54            8
                                                           178          980          54            8
                                                            R           T            L             U




                                                                                                        45
                                                                                                        45
                                          U




                                                                                                        R
                                          0
                                          0




                                                          Peak Hour Data
                      Total
                              399
                                    399




                                                                                                                         Out
                                                                                                             88
                                                                                                                   88
Park Village Dr [W]




                                                                                                                                 Park Village Dr [E]
                                          131
                                          131




                                                                                                        T
                                           L




                                                                                                        6
                                                                                                        6
                                                             04/12/2012 5:15 PM
                              169
                                    169




                                                                                                             62
                                                                                                                   62
                      In




                                                                                                                         In
                                                             Ending At
                                                             04/12/2012 6:15 PM




                                                                                                        11
                                                                                                        11
                                          T
                                          7
                                          7




                                                                                                         L
                                                             Car




                                                                                                                         Total
                              230
                                    230




                                                                                                             150
                                                                                                                   150
                      Out




                                          31
                                          31
                                          R




                                                                                                        U
                                                                                                        0
                                                                                                        0




                                                            U           L            T             R
                                                            2           46           636           27
                                                            2           46           636           27


                                                                 1024         711          1735
                                                                 1024         711          1735
                                                                 Out           In          Total
                                                                        Davis Dr [S]


                                           Turning Movement Peak Hour Data Plot (5:15 PM)
            Town of Cary                    Count Name: Davis Dr at Park
           316 N. Academy St.               Village Dr
             P.O. Box 8005                  Site Code:
Cary, North Carolina, United States 27513   Start Date: 04/12/2012
              919.469.4030                  Page No: 8
