                                                                                     Town of Cary                                                      Count Name: Davis Dr at
School: in session                                                           316 N. Academy St.                                                        Riggsbee Farm Dr-16hr-2011
Weather: clear & warm                                                          P.O. Box 8005                                                           Site Code: 00000001
Signal ID: none                                                   Cary, North Carolina, United States 27513                                            Start Date: 05/18/2011
Pedestrians: counted                                                            919.469.4030                                                           Page No: 1



                                                                       Turning Movement Data
                              Davis Drive                                                                         Davis Drive                            Riggsbee Farm Drive
                              Southbound                                 Westbound                                Northbound                                    Eastbound
 Start Time                                        App.                                     App.                                        App.                                        App.     Int.
                Left   Thru     Right       Peds           Left   Thru     Right     Peds           Left   Peds      Thru       Right           Left     Peds     Thru      Right
                                                   Total                                    Total                                       Total                                       Total   Total
  6:00 AM        0      35        2          0      37      0      0         0        0      0       0      0         70         0       70      4        0        1         3       8      115
  6:15 AM        0      45        4          0      49      0      0         0        0      0       1      0        129         0      130      5        0        1         9       15     194
  6:30 AM        0      40        1          1      42      0      0         0        0      0       7      1        169         0      177      4        0        0         4       8      227
  6:45 AM        0      77        1          4      82      0      0         0        0      0       1      0        234         0      235     11        0        0         3       14     331
 Hourly Total    0     197        8          5     205      0      0         0        0      0       9      1        602         0      611     24        0        2         19      45     861
  7:00 AM        0     100        1          1     102      0      0         0        0      0       0      2        259         0      261      6        0        0         7       13     376
  7:15 AM        0     107        2          0     109      0      0         0        0      0       0      1        387         0      388     10        0        0         20      30     527
  7:30 AM        0     194        12         3     209      0      0         0        0      0       6      0        450         0      456     13        0        0         29      42     707
  7:45 AM        0     194        7          1     202      0      0         0        0      0       6      0        454         0      460     11        0        0         28      39     701
 Hourly Total    0     595        22         5     617      0      0         0        0      0      12      3        1550        0      1562    40        0        0         84     124     2303
  8:00 AM        0     208        6          2     216      0      0         0        0      0       7      3        509         0      519      9        0        0         28      37     772
  8:15 AM        0     163        6          0     169      0      0         0        0      0       9      2        463         0      474     18        0        0         12      30     673
  8:30 AM        0     167        4          2     173      0      0         0        0      0       7      1        442         0      450     22        0        2         8       32     655
  8:45 AM        0     252        6          1     259      0      0         0        0      0       3      2        403         0      408     20        0        2         16      38     705
 Hourly Total    0     790        22         5     812      0      0         0        0      0      26      8        1817        0      1843    69        0        4         64     137     2792
  9:00 AM        0     235        5          3     243      0      0         0        0      0       5      1        310         0      316     18        0        1         13      32     591
  9:15 AM        0     189        5          2     196      0      0         0        0      0       5      2        288         0      295      6        0        1         13      20     511
  9:30 AM        0     173        5          2     180      0      0         0        0      0       6      3        250         0      259      5        0        0         11      16     455
  9:45 AM        0     157        5          2     164      0      0         0        0      0       6      3        211         0      220      4        0        1         8       13     397
 Hourly Total    0     754        20         9     774      0      0         0        0      0      22      9        1059        0      1081    33        0        3         45      81     1936
  10:00 AM       0     119        0          0     119      0      0         0        0      0       7      2        158         0      167      3        0        0         7       10     296
  10:15 AM       0     110        10         1     121      0      0         0        0      0       2      1        168         0      171      5        0        0         5       10     302
  10:30 AM       0     109        3          3     115      0      0         0        0      0       4      1        139         0      144      1        0        0         8       9      268
  10:45 AM       0     143        1          4     148      0      0         0        0      0       3      1        143         0      147      7        0        1         9       17     312
 Hourly Total    0     481        14         8     495      0      0         0        0      0      16      5        608         0      624     16        0        1         29      46     1165
  11:00 AM       0     130        2          2     134      0      0         0        0      0       4      2        144         0      150      2        0        0         8       10     294
  11:15 AM       0     171        6          4     181      0      0         0        0      0       6      1        148         0      155      3        0        0         8       11     347
  11:30 AM       0     157        4          0     161      0      0         0        0      0       8      3        152         0      163      2        0        0         4       6      330
  11:45 AM       0     174        3          3     180      0      0         0        0      0       4      1        146         0      151      6        0        0         12      18     349
 Hourly Total    0     632        15         9     647      0      0         0        0      0      22      7        590         0      612     13        0        0         32      45     1304
  12:00 PM       0     205        5          1     211      0      0         0        0      0       5      3        181         0      189      2        0        0         9       11     411
  12:15 PM       0     180        5          4     189      0      0         0        0      0       8      2        197         0      207      4        0        0         13      17     413
  12:30 PM       0     179        7          0     186      0      0         0        0      0       8      4        199         0      211      3        0        0         2       5      402
  12:45 PM       0     162        8          2     172      0      0         0        0      0       6      0        188         0      194      3        0        2         2       7      373
 Hourly Total    0     726        25         7     751      0      0         0        0      0      27      9        765         0      792     12        0        2         26      40     1583
  1:00 PM        0     167        6          2     175      0      0         0        0      0       6      0        177         0      183      3        0        0         5       8      366
  1:15 PM        0     171        3          1     175      0      0         0        0      0       5      0        166         0      171      2        0        1         7       10     356
  1:30 PM        0     155        7          3     165      0      0         0        0      0       8      1        162         0      171      0        0        0         4       4      340
  1:45 PM        0     179        3          1     183      0      0         0        0      0      12      1        172         0      185      2        0        0         9       11     379
 Hourly Total    0     672        19         7     691      0      0         0        0      0      31      2        677         0      708      7        0        1         25      33     1432
  2:00 PM        0     177        10         3     190      0      0         0        0      0      13      2        150         0      165      4        0        0         13      17     372
  2:15 PM        0     197        6          1     204      0      0         0        0      0      15      1        151         0      167      3        0        1         10      14     385
  2:30 PM        0     211        3          1     215      0      0         0        0      0       8      0        166         0      174      6        0        0         6       12     401
  2:45 PM        0     180        7          0     187      0      0         0        0      0       5      1        152         0      158      2        0        1         6       9      354
 Hourly Total    0     765        26         5     791      0      0         0        0      0      41      4        619         0      660     15        0        2         35      52     1503
  3:00 PM        0     203        10         1     214      0      0         0        0      0       9      0        173         0      182     10        0        0         12      22     418
  3:15 PM        0     298        24         1     323      0      0         0        0      0      19      1        216         0      236      6        0        0         14      20     579
  3:30 PM        0     258        7          0     265      0      0         0        0      0      16      1        220         0      237     11        0        0         14      25     527
  3:45 PM        0     307        15         0     322      0      0         0        0      0      18      3        196         0      217      7        0        0         16      23     562
 Hourly Total    0     1066       56         2     1122     0      0         0        0      0      62      5        805         0      867     34        0        0         56      90     2079
  4:00 PM        0     291        20         0     311      0      0         0        0      0       8      0        188         0      196      2        0        0         13      15     522
  4:15 PM        0     336        18         0     354      0      0         0        0      0      10      0        180         0      190      5        0        0         15      20     564
  4:30 PM        0     381        15         0     396      0      0         0        0      0      11      0        172         0      183      7        0        0         17      24     603
  4:45 PM        0     496        22         5     523      0      0         0        0      0      11      3        174         0      188      5        0        1         16      22     733
 Hourly Total    0     1504       75         5     1579     0      0         0        0      0      40      3        714         0      754     19        0        1         61      81     2414
  5:00 PM        0     502        15         1     518      0      0         0        0      0      14      0        212         0      226      4        0        1         16      21     765
  5:15 PM        0     500        16         0     516      0      0         0        0      0      16      0        223         0      239      7        0        0         19      26     781
  5:30 PM        0     511        5          2     518      0      0         0        0      0      17      0        226         0      243      1        0        0         15      16     777
  5:45 PM        0     515        21         0     536      0      0         0        0      0      17      0        238         0      255      5        0        0         20      25     816
 Hourly Total    0     2028       57         3     2085     0      0         0        0      0      64      0        899         0      963     17        0        1         70      88     3136
  6:00 PM        0     462        22         2     486      0      0         0        0      0      21      0        232         0      253      2        0        0         11      13     752
  6:15 PM        0     441        26         2     469      0      0         0        0      0      12      0        226         0      238      4        0        0         13      17     724
  6:30 PM       0     346      17      0       363     0     0     0    0   0      18      0      230     0     248      3      0    2       19      24     635
  6:45 PM       0     280      13      1       294     0     0     0    0   0      18      0      217     0     235      8      0    3       11      22     551
Hourly Total    0     1529     78      5      1607     0     0     0    0   0      69      0      905     0     974      17     0    5       54      76    2657
  7:00 PM       0     264      12      0       276     0     0     0    0   0      8       0      162     0     170      7      0    1       13      21     467
  7:15 PM       0     231      12      0       243     0     0     0    0   0      17      0      199     0     216      5      0    1       14      20     479
  7:30 PM       0     190      10      0       200     0     0     0    0   0      12      1      158     0     171      3      0    1       10      14     385
  7:45 PM       0     149      13      1       163     0     0     0    0   0      9       0      174     0     183      8      0    1       11      20     366
Hourly Total    0     834      47      1       881     0     0     0    0   0      46      1      693     0     739      23     0    4       48      75    1695
  8:00 PM       0     165      6       0       171     0     0     0    0   0      15      0      161     0     176      4      0    2       8       14     361
  8:15 PM       0     152      9       0       161     0     0     0    0   0      9       0      170     0     179      4      0    0       3       7      347
  8:30 PM       0     136      7       0       143     0     0     0    0   0      13      0      122     0     135      3      0    0       6       9      287
  8:45 PM       0     107      8       0       115     0     0     0    0   0      19      0      150     0     169      3      0    0       5       8      292
Hourly Total    0     560      30      0       590     0     0     0    0   0      56      0      603     0     659      14     0    2       22      38    1287
  9:00 PM       0      99      9       0       108     0     0     0    0   0      12      0      109     0     121      2      0    0       7       9      238
  9:15 PM       0     120      10      0       130     0     0     0    0   0      13      0      110     0     123      1      0    0       7       8      261
  9:30 PM       0     103      1       0       104     0     0     0    0   0      13      0      118     0     131      4      0    0       3       7      242
  9:45 PM       0      87      1       0       88      0     0     0    0   0      5       0       91     0      96      2      0    0       1       3      187
Hourly Total    0     409      21      0       430     0     0     0    0   0      43      0      428     0     471      9      0    0       18      27     928
 Grand Total    0     13542   535      76     14077    0     0     0    0   0     586      57     13334   0     13920   362     0    28     688     1078   29075
Approach %      0.0   96.2     3.8      -       -     NaN   NaN   NaN   -    -     4.2      -     95.8    0.0     -     33.6    -    2.6    63.8     -       -
   Total %      0.0   46.6     1.8      -     48.4    0.0   0.0   0.0   -   0.0    2.0      -     45.9    0.0   47.9     1.2    -    0.1     2.4    3.7      -
Cars & Trucks   0     13542   535      76     14077    0     0     0    0   0     586      57     13334   0     13920   362     0    0      688     1050   29047
  % Cars &       -    100.0   100.0   100.0   100.0    -     -     -    -    -    100.0   100.0   100.0    -    100.0   100.0   -    0.0    100.0   97.4   99.9
   Trucks
    Peds        0      0       0       0        0      0     0     0    0   0      0       0       0      0      0       0      0    28      0       28     28
  % Peds         -     0.0     0.0     0.0     0.0     -     -     -    -    -     0.0     0.0     0.0     -     0.0     0.0    -   100.0    0.0    2.6     0.1
   Bank 2       0      0       0       0        0      0     0     0    0   0      0       0       0      0      0       0      0    0       0       0      0
  % Bank 2       -     0.0     0.0     0.0     0.0     -     -     -    -    -     0.0     0.0     0.0     -     0.0     0.0    -    0.0     0.0    0.0     0.0
                                                                                                               Town of Cary                                             Count Name: Davis Dr at
School: in session                                                                                         316 N. Academy St.                                           Riggsbee Farm Dr-16hr-2011
Weather: clear & warm                                                                                        P.O. Box 8005                                              Site Code: 00000001
Signal ID: none                                                                                 Cary, North Carolina, United States 27513                               Start Date: 05/18/2011
Pedestrians: counted                                                                                          919.469.4030                                              Page No: 3




                                                                                                                     Davis Drive [N]
                                                                                                               Out          In         Total
                                                                                                              13829        14077       27906
                                                                                                               0            0           0
                                                                                                               0            0           0
                                                                                                              13829        14077       27906


                                                                                                         535       13542           0           76
                                                                                                          0            0           0           0
                                                                                                          0            0           0           0
                                                                                                         535       13542           0           76
                                                                                                         R             T           L           U




                                                                                                                                                    R
                                                                                                                                                        0
                                                                                                                                                            0
                                                                                                                                                                0
                                                                                                                                                                    0
              Riggsbee Farm Drive [W]
                                        Total
                                                2171




                                                                2199


                                                                       362



                                                                                      362




                                                                                                                                                                                          Out
                                                       28




                                                                                                                                                                        28


                                                                                                                                                                                 28
                                                            0




                                                                             0
                                                                                  0


                                                                                            L




                                                                                                                                                                             0


                                                                                                                                                                                      0
                                                                                                                                                    T
                                                                                                                                                        0
                                                                                                                                                            0
                                                                                                                                                                0
                                                                                                                                                                    0
                                                1050




                                                                1078




                                                                                                          05/18/2011 6:00 AM
                                                       28




                                                                             28


                                                                                      28




                                                                                                                                                                                                  [E]
                                        In




                                                                                                                                                                                          In
                                                                                            T
                                                            0



                                                                       0


                                                                                  0




                                                                                                                                                                        0
                                                                                                                                                                             0
                                                                                                                                                                                 0
                                                                                                                                                                                      0
                                                                                                          Ending At
                                                                                                          05/18/2011 10:00 PM

                                                                                                                                                    L
                                                                                                                                                        0
                                                                                                                                                            0
                                                                                                                                                                0
                                                                                                                                                                    0
                                                                                                          Cars & Trucks
                                                1121




                                                                1121




                                                                                                                                                                                          Total
                                                                       688



                                                                                      688
                                        Out




                                                                                                                                                                        28


                                                                                                                                                                                 28
                                                                                            R
                                                       0
                                                            0




                                                                             0
                                                                                  0




                                                                                                                                                                             0


                                                                                                                                                                                      0
                                                                                                          Peds
                                                                                                          Bank 2
                                                                                                                                                    P
                                                                                                                                                        0
                                                                                                                                                            0
                                                                                                                                                                0
                                                                                                                                                                    0



                                                                                                               L            T           R
                                                                                                               586         13391        0
                                                                                                               0            0           0
                                                                                                               0            0           0
                                                                                                               586         13391        0


                                                                                                              14230        13920       28150
                                                                                                               0            0           0
                                                                                                               0            0           0
                                                                                                              14230        13920       28150
                                                                                                               Out          In         Total
                                                                                                                     Davis Drive [S]


                                                                                                Turning Movement Data Plot
                                                                                        Town of Cary                                                       Count Name: Davis Dr at
School: in session                                                             316 N. Academy St.                                                          Riggsbee Farm Dr-16hr-2011
Weather: clear & warm                                                            P.O. Box 8005                                                             Site Code: 00000001
Signal ID: none                                                     Cary, North Carolina, United States 27513                                              Start Date: 05/18/2011
Pedestrians: counted                                                              919.469.4030                                                             Page No: 4




                                                    Turning Movement Peak Hour Data (7:30 AM)
                               Davis Drive                                                                            Davis Drive                            Riggsbee Farm Drive
                               Southbound                                   Westbound                                 Northbound                                    Eastbound
 Start Time                                         App.                                       App.                                         App.                                        App.     Int.
                Left    Thru     Right       Peds           Left    Thru      Right     Peds           Left    Peds      Thru       Right           Left     Peds     Thru      Right
                                                    Total                                      Total                                        Total                                       Total   Total
  7:30 AM        0      194        12         3     209      0       0          0        0      0       6       0        450         0      456      13       0        0         29      42     707
  7:45 AM        0      194        7          1     202      0       0          0        0      0       6       0        454         0      460      11       0        0         28      39     701
  8:00 AM        0      208        6          2     216      0       0          0        0      0       7       3        509         0      519      9        0        0         28      37     772
  8:15 AM        0      163        6          0     169      0       0          0        0      0       9       2        463         0      474      18       0        0         12      30     673
    Total        0      759        31         6     790      0       0          0        0      0       28      5        1876        0      1904     51       0        0         97     148     2842
 Approach %      0.0    96.1       3.9        -       -     NaN     NaN       NaN        -       -      1.5      -       98.5        0.0      -     34.5      -        0.0      65.5      -       -
   Total %       0.0    26.7       1.1        -     27.8     0.0     0.0       0.0       -      0.0     1.0      -       66.0        0.0    67.0     1.8      -        0.0       3.4     5.2      -
    PHF         0.000   0.912    0.646        -     0.923   0.000   0.000     0.000      -     0.000   0.778     -      0.921   0.000       0.922   0.708     -       0.000     0.836   0.881   0.926
Cars & Trucks    0      759        31         6     790      0       0          0        0      0       28      5        1876        0      1904     51       0        0         97     148     2842
  % Cars &        -     100.0    100.0   100.0      100.0     -       -         -        -       -     100.0   100.0    100.0         -     100.0   100.0     -         -       100.0   100.0   100.0
   Trucks
    Peds         0       0         0          0      0       0       0          0        0      0       0       0         0          0       0       0        0        0         0       0       0
  % Peds          -      0.0       0.0       0.0     0.0      -       -         -        -       -      0.0     0.0       0.0         -      0.0     0.0      -         -        0.0     0.0     0.0
   Bank 2        0       0         0          0      0       0       0          0        0      0       0       0         0          0       0       0        0        0         0       0       0
  % Bank 2        -      0.0       0.0       0.0     0.0      -       -         -        -       -      0.0     0.0       0.0         -      0.0     0.0      -         -        0.0     0.0     0.0
                                                                                                         Town of Cary                                            Count Name: Davis Dr at
School: in session                                                                                    316 N. Academy St.                                         Riggsbee Farm Dr-16hr-2011
Weather: clear & warm                                                                                   P.O. Box 8005                                            Site Code: 00000001
Signal ID: none                                                                            Cary, North Carolina, United States 27513                             Start Date: 05/18/2011
Pedestrians: counted                                                                                     919.469.4030                                            Page No: 5




                                                                                                               Davis Drive [N]
                                                                                                         Out           In        Total
                                                                                                         1938         790        2728
                                                                                                          0            0          0
                                                                                                          0            0          0
                                                                                                         1938         790        2728


                                                                                                    31          759          0           6
                                                                                                     0           0           0           0
                                                                                                     0           0           0           0
                                                                                                    31          759          0           6
                                                                                                    R            T           L           U




                                                                                                                                             R
                                                                                                                                                 0
                                                                                                                                                     0
                                                                                                                                                         0
                                                                                                                                                             0
                                                                                                  Peak Hour Data
              Riggsbee Farm Drive [W]
                                        Total
                                                207




                                                              207




                                                                                                                                                                                 Out
                                                                     51



                                                                                  51
                                                      0
                                                          0




                                                                          0
                                                                              0


                                                                                       L




                                                                                                                                                                 0
                                                                                                                                                                     0
                                                                                                                                                                         0
                                                                                                                                                                             0
                                                                                                                                             T
                                                                                                                                                 0
                                                                                                                                                     0
                                                                                                                                                         0
                                                                                                                                                             0
                                                                                                     05/18/2011 7:30 AM
                                                148




                                                              148




                                                                                                                                                                                         [E]
                                        In




                                                                                                                                                                                 In
                                                                                       T
                                                      0
                                                          0



                                                                     0
                                                                          0
                                                                              0
                                                                                  0




                                                                                                                                                                 0
                                                                                                                                                                     0
                                                                                                                                                                         0
                                                                                                                                                                             0
                                                                                                     Ending At
                                                                                                     05/18/2011 8:30 AM

                                                                                                                                             L
                                                                                                                                                 0
                                                                                                                                                     0
                                                                                                                                                         0
                                                                                                                                                             0
                                                                                                     Cars & Trucks




                                                                                                                                                                                 Total
                                        Out
                                                59




                                                              59


                                                                     97



                                                                                  97
                                                                                       R
                                                      0
                                                          0




                                                                          0
                                                                              0




                                                                                                                                                                 0
                                                                                                                                                                     0
                                                                                                                                                                         0
                                                                                                                                                                             0
                                                                                                     Peds
                                                                                                     Bank 2
                                                                                                                                             P
                                                                                                                                                 0
                                                                                                                                                     0
                                                                                                                                                         0
                                                                                                                                                             0



                                                                                                          L            T          R
                                                                                                         28           1881        0
                                                                                                          0            0          0
                                                                                                          0            0          0
                                                                                                         28           1881        0


                                                                                                         856          1904       2760
                                                                                                          0            0          0
                                                                                                          0            0          0
                                                                                                         856          1904       2760
                                                                                                         Out           In        Total
                                                                                                               Davis Drive [S]


                                                                    Turning Movement Peak Hour Data Plot (7:30 AM)
                                                                                        Town of Cary                                                       Count Name: Davis Dr at
School: in session                                                             316 N. Academy St.                                                          Riggsbee Farm Dr-16hr-2011
Weather: clear & warm                                                            P.O. Box 8005                                                             Site Code: 00000001
Signal ID: none                                                     Cary, North Carolina, United States 27513                                              Start Date: 05/18/2011
Pedestrians: counted                                                              919.469.4030                                                             Page No: 6




                                                    Turning Movement Peak Hour Data (5:00 PM)
                               Davis Drive                                                                            Davis Drive                            Riggsbee Farm Drive
                               Southbound                                   Westbound                                 Northbound                                    Eastbound
 Start Time                                         App.                                       App.                                         App.                                        App.     Int.
                Left    Thru     Right       Peds           Left    Thru      Right     Peds           Left    Peds      Thru       Right           Left     Peds     Thru      Right
                                                    Total                                      Total                                        Total                                       Total   Total
  5:00 PM        0      502        15         1     518      0       0          0        0      0       14      0        212         0      226      4        0        1         16      21     765
  5:15 PM        0      500        16         0     516      0       0          0        0      0       16      0        223         0      239      7        0        0         19      26     781
  5:30 PM        0      511        5          2     518      0       0          0        0      0       17      0        226         0      243      1        0        0         15      16     777
  5:45 PM        0      515        21         0     536      0       0          0        0      0       17      0        238         0      255      5        0        0         20      25     816
    Total        0      2028       57         3     2085     0       0          0        0      0       64      0        899         0      963      17       0        1         70      88     3136
 Approach %      0.0    97.3       2.7        -       -     NaN     NaN       NaN        -       -      6.6     -        93.4        0.0      -     19.3      -        1.1      79.5      -       -
   Total %       0.0    64.7       1.8        -     66.5     0.0     0.0       0.0       -      0.0     2.0     -        28.7        0.0    30.7     0.5      -        0.0       2.2     2.8      -
    PHF         0.000   0.984    0.679        -     0.972   0.000   0.000     0.000      -     0.000   0.941    -       0.944   0.000       0.944   0.607     -       0.250     0.875   0.846   0.961
Cars & Trucks    0      2028       57         3     2085     0       0          0        0      0       64      0        899         0      963      17       0        0         70      87     3135
  % Cars &        -     100.0    100.0   100.0      100.0     -       -         -        -       -     100.0    -       100.0         -     100.0   100.0     -        0.0      100.0   98.9    100.0
   Trucks
    Peds         0       0         0          0      0       0       0          0        0      0       0       0         0          0       0       0        0        1         0       1       1
  % Peds          -      0.0       0.0       0.0     0.0      -       -         -        -       -      0.0     -         0.0         -      0.0     0.0      -       100.0      0.0     1.1     0.0
   Bank 2        0       0         0          0      0       0       0          0        0      0       0       0         0          0       0       0        0        0         0       0       0
  % Bank 2        -      0.0       0.0       0.0     0.0      -       -         -        -       -      0.0     -         0.0         -      0.0     0.0      -        0.0       0.0     0.0     0.0
                                                                                                         Town of Cary                                           Count Name: Davis Dr at
School: in session                                                                                    316 N. Academy St.                                        Riggsbee Farm Dr-16hr-2011
Weather: clear & warm                                                                                   P.O. Box 8005                                           Site Code: 00000001
Signal ID: none                                                                            Cary, North Carolina, United States 27513                            Start Date: 05/18/2011
Pedestrians: counted                                                                                     919.469.4030                                           Page No: 7




                                                                                                               Davis Drive [N]
                                                                                                         Out          In        Total
                                                                                                         919         2085       3004
                                                                                                          0           0          0
                                                                                                          0           0          0
                                                                                                         919         2085       3004


                                                                                                    57         2028         0           3
                                                                                                     0           0          0           0
                                                                                                     0           0          0           0
                                                                                                    57         2028         0           3
                                                                                                    R            T          L           U




                                                                                                                                            R
                                                                                                                                                0
                                                                                                                                                    0
                                                                                                                                                        0
                                                                                                                                                            0
                                                                                                  Peak Hour Data
              Riggsbee Farm Drive [W]
                                        Total
                                                208




                                                              209




                                                                                                                                                                                Out
                                                                     17



                                                                                  17
                                                      1
                                                          0




                                                                          0
                                                                              0


                                                                                       L




                                                                                                                                                                1
                                                                                                                                                                    0
                                                                                                                                                                        1
                                                                                                                                                                            0
                                                                                                                                            T
                                                                                                                                                0
                                                                                                                                                    0
                                                                                                                                                        0
                                                                                                                                                            0
                                                                                                     05/18/2011 5:00 PM
                                                87




                                                              88




                                                                                                                                                                                        [E]
                                        In




                                                                                                                                                                                In
                                                                                       T
                                                      1
                                                          0



                                                                     0
                                                                          1
                                                                              0
                                                                                  1




                                                                                                                                                                0
                                                                                                                                                                    0
                                                                                                                                                                        0
                                                                                                                                                                            0
                                                                                                     Ending At
                                                                                                     05/18/2011 6:00 PM

                                                                                                                                            L
                                                                                                                                                0
                                                                                                                                                    0
                                                                                                                                                        0
                                                                                                                                                            0
                                                                                                     Cars & Trucks




                                                                                                                                                                                Total
                                                121




                                                              121
                                        Out




                                                                     70



                                                                                  70
                                                                                       R
                                                      0
                                                          0




                                                                          0
                                                                              0




                                                                                                                                                                1
                                                                                                                                                                    0
                                                                                                                                                                        1
                                                                                                                                                                            0
                                                                                                     Peds
                                                                                                     Bank 2
                                                                                                                                            P
                                                                                                                                                0
                                                                                                                                                    0
                                                                                                                                                        0
                                                                                                                                                            0



                                                                                                          L           T          R
                                                                                                         64           899        0
                                                                                                          0           0          0
                                                                                                          0           0          0
                                                                                                         64           899        0


                                                                                                         2098         963       3061
                                                                                                          0           0          0
                                                                                                          0           0          0
                                                                                                         2098         963       3061
                                                                                                         Out          In        Total
                                                                                                               Davis Drive [S]


                                                                    Turning Movement Peak Hour Data Plot (5:00 PM)
                                    Town of Cary                    Count Name: Davis Dr at
School: in session                 316 N. Academy St.               Riggsbee Farm Dr-16hr-2011
Weather: clear & warm                P.O. Box 8005                  Site Code: 00000001
Signal ID: none         Cary, North Carolina, United States 27513   Start Date: 05/18/2011
Pedestrians: counted                  919.469.4030                  Page No: 8
