                                                                                  Town of Cary                                                   Count Name: High House Rd at
                                                                          316 N. Academy St.                                                     Old Apex Rd
                                                                            P.O. Box 8005                                                        Site Code:
                                                               Cary, North Carolina, United States 27513                                         Start Date: 08/15/2013
                                                                             919.469.4030                                                        Page No: 1



                                                                     Turning Movement Data
                            Old Apex Rd                             High House Rd                             Old Apex Rd                               High House Rd
                             Southbound                               Westbound                                Northbound                                 Eastbound
Start Time                                      App.                                     App.                                     App.                                       App.     Int.
               Left   Thru     Right   U-Turn           Left   Thru     Right   U-Turn           Left   Thru     Right   U-Turn           Left     Thru     Right   U-Turn
                                                Total                                    Total                                    Total                                      Total   Total
 6:00 AM        1      8         4        0      13      0      4         0         0     4       0      6         3        0      9       4        6        2          0     12      38
 6:15 AM        2      7        10        0      19      0      7         4         0     11      0     10         5        0      15      4        11       3          0     18      63
 6:30 AM        1     18        14        0      33      0      14        1         0     15      3     17         1        0      21     11        7        3          0     21      90
 6:45 AM        1     18        10        0      29      2      15        2         0     19      1     19         1        0      21     18        18       6          0     42     111
Hourly Total    5     51        38        0      94      2      40        7         0     49      4     52        10        0      66     37        42       14         0     93     302
 7:00 AM        2     16        12        0      30      2      19        4         0     25      2     37         2        0      41     20        14       3          0     37     133
 7:15 AM        0     21        20        0      41      4      22        3         0     29      7     44         2        0      53     32        10       5          0     47     170
 7:30 AM        0     24        19        0      43      7      23        2         0     32      8     55         3        0      66     33        9        7          0     49     190
 7:45 AM        2     22        23        0      47      1      27        2         0     30     12     62         3        0      77     48        24       8          0     80     234
Hourly Total    4     83        74        0     161     14      91       11         0    116     29     198       10        0     237     133       57       23         0    213     727
 8:00 AM        2     22        23        0      47      3      30        2         0     35      7     57         3        0      67     51        15       4          0     70     219
 8:15 AM        0     19        37        0      56      1      23        3         0     27      9     56         3        0      68     53        17       6          0     76     227
 8:30 AM        0     27        30        0      57      1      22        1         0     24     11     37         3        0      51     30        21       7          0     58     190
 8:45 AM        5     26        41        0      72      2      13        1         0     16      3     54         6        0      63     45        25       4          0     74     225
Hourly Total    7     94        131       0     232      7      88        7         0    102     30     204       15        0     249     179       78       21         0    278     861
 9:00 AM        3     19        37        0      59      3      22        3         0     28      5     32         9        0      46     43        31       11         0     85     218
 9:15 AM        8     20        24        0      52      2      28        6         0     36      2     43         3        0      48     40        22       5          0     67     203
 9:30 AM        3     22        25        0      50      2      22        4         0     28      2     30         7        0      39     30        26       5          0     61     178
 9:45 AM        2     19        32        0      53      5      13        1         0     19      7     20        13        0      40     29        19       6          0     54     166
Hourly Total   16     80        118       0     214     12      85       14         0    111     16     125       32        0     173     142       98       27         0    267     765
 10:00 AM       6     23        27        0      56      9      20        3         0     32      2     25         3        0      30     35        28       13         0     76     194
 10:15 AM       1     20        28        0      49      6      19        3         0     28      4     29        12        0      45     29        19       5          0     53     175
 10:30 AM       8     22        23        0      53      5      14        3         0     22      8     26         7        0      41     39        26       4          0     69     185
 10:45 AM       6     17        25        0      48     14      18        4         0     36      6     27         4        0      37     31        24       1          0     56     177
Hourly Total   21     82        103       0     206     34      71       13         0    118     20     107       26        0     153     134       97       23         0    254     731
 11:00 AM       2     14        35        0      51      4      18        5         0     27      5     23         7        0      35     35        20       8          0     63     176
 11:15 AM       7     21        30        0      58      9      28        4         0     41      8     20         7        0      35     39        33       5          0     77     211
 11:30 AM       5     29        33        0      67     10      30        4         0     44      2     22        11        0      35     33        31       5          0     69     215
 11:45 AM       6     26        35        0      67      6      25        5         0     36      6     26         9        0      41     41        40       7          0     88     232
Hourly Total   20     90        133       0     243     29     101       18         0    148     21     91        34        0     146     148      124       25         0    297     834
 12:00 PM       6     38        61        0     105      8      26        2         0     36      4     29        11        0      44     38        42       4          0     84     269
 12:15 PM       7     24        41        0      72      7      37        4         0     48      4     29        12        0      45     29        61       10         0    100     265
 12:30 PM       3     29        41        0      73      6      30        4         0     40      2     22         8        0      32     42        35       5          0     82     227
 12:45 PM       6     16        40        0      62      9      34        4         0     47      6     19         9        0      34     45        28       6          0     79     222
Hourly Total   22     107       183       0     312     30     127       14         0    171     16     99        40        0     155     154      166       25         0    345     983
 1:00 PM        3     34        39        0      76      7      34        4         0     45      4     32         8        0      44     42        27       7          0     76     241
 1:15 PM        8     26        36        0      70      5      31        7         0     43      4     32        10        0      46     43        38       9          0     90     249
 1:30 PM        5     32        43        0      80      6      24        2         0     32      3     26         4        0      33     44        29       5          0     78     223
 1:45 PM        3     21        36        0      60      8      33        4         0     45      9     26         7        0      42     35        32       7          0     74     221
Hourly Total   19     113       154       0     286     26     122       17         0    165     20     116       29        0     165     164      126       28         0    318     934
 2:00 PM        9     32        43        0      84      6      33        4         0     43      4     21         3        0      28     35        25       9          0     69     224
 2:15 PM        4     33        51        0      88      5      23        3         0     31      5     25         4        0      34     29        36       5          0     70     223
 2:30 PM        4     38        42        0      84      6      23        4         0     33      2     38         9        0      49     39        32       6          0     77     243
 2:45 PM        4     28        48        0      80      4      23        5         0     32      3     35         6        0      44     43        39       4          0     86     242
Hourly Total   21     131       184       0     336     21     102       16         0    139     14     119       22        0     155     146      132       24         0    302     932
 3:00 PM        5     41        51        0      97      8      30        3         0     41      1     24        12        0      37     29        35       9          0     73     248
 3:15 PM        4     37        38        0      79     11      35        2         0     48      3     25        10        0      38     43        25       7          0     75     240
 3:30 PM       13     33        44        0      90      8      47        2         0     57      7     28         8        0      43     37        36       6          0     79     269
 3:45 PM        6     40        38        0      84      8      38        8         0     54     10     31         8        0      49     32        32       7          0     71     258
Hourly Total   28     151       171       0     350     35     150       15         0    200     21     108       38        0     167     141      128       29         0    298     1015
 4:00 PM        4     43        61        0     108      5      39        4         0     48      4     23        14        0      41     45        24       7          0     76     273
 4:15 PM        5     46        56        0     107      9      43        2         0     54      7     30         2        0      39     31        31       13         0     75     275
 4:30 PM        5     48        61        0     114      6      35        6         0     47      3     26         2        0      31     49        35       9          0     93     285
 4:45 PM        5     65        60        0     130      5      32        2         0     39      6     32         6        0      44     46        39       11         0     96     309
Hourly Total   19     202       238       0     459     25     149       14         0    188     20     111       24        0     155     171      129       40         0    340     1142
 5:00 PM        3     54        62        0     119      4      28        7         0     39      4     21         4        0      29     37        39       8          0     84     271
 5:15 PM        3     85        55        0     143     12      48        3         0     63      6     41         9        0      56     38        38       11         0     87     349
 5:30 PM        4     65        72        0     141      7      43        3         0     53      5     35         3        0      43     40        36       6          0     82     319
 5:45 PM        6     53        65        0     124      9      39        7         0     55      6     33         7        0      46     40        36       4          0     80     305
Hourly Total   16     257       254       0     527     32     158       20         0    210     21     130       23        0     174     155      149       29         0    333     1244
 6:00 PM        1     69        62        0     132      8      32        5         0     45      4     36         3        0      43     33        30       11         0     74     294
 6:15 PM        4     49        51        0     104      3      21        3         0     27      4     38         9        0      51     48        38       4          0     90     272
 6:30 PM        3       32      38     0      73      8       39      7      0      54      5       31      9      0      45      42      46      4      0      92      264
 6:45 PM        6       32      35     0      73      4       28      7      0      39      6       33      3      0      42      31      52      7      0      90      244
Hourly Total    14     182     186     0     382      23     120      22     0     165      19     138      24     0     181     154     166      26     0     346     1074
 7:00 PM        3       40      33     0      76      3       31      2      0      36      7       24      5      0      36      33      29      6      0      68      216
 7:15 PM        0       27      55     0      82      4       19      1      0      24      2       32      13     0      47      27      26      6      0      59      212
 7:30 PM        1       29      36     0      66      3       26      2      0      31      2       20      3      0      25      25      25      6      0      56      178
 7:45 PM        2       33      31     0      66      2       11      0      0      13      4       22      8      0      34      31      19      6      0      56      169
Hourly Total    6      129     155     0     290      12      87      5      0     104      15      98      29     0     142     116      99      24     0     239      775
 8:00 PM        2       24      25     0      51      6       24      1      0      31      2       14      3      0      19      25      24      4      0      53      154
 8:15 PM        2       42      37     0      81      1       22      3      0      26      5       12      4      0      21      18      18      3      0      39      167
 8:30 PM        2       27      28     0      57      6       18      3      0      27      3       6       3      0      12      13      22      3      0      38      134
 8:45 PM        1       13      27     0      41      2       17      0      0      19      2       13      6      0      21      13      14      8      0      35      116
Hourly Total    7      106     117     0     230      15      81      7      0     103      12      45      16     0      73      69      78      18     0     165      571
 9:00 PM        1       29      24     0      54      9       11      4      0      24      1       11      2      0      14      13      20      0      0      33      125
 9:15 PM        2       15      19     0      36      1       19      1      0      21      0       22      2      0      24      10      19      2      0      31      112
 9:30 PM        1       14      16     0      31      1       16      1      0      18      2       2       3      0      7       12      17      0      0      29      85
 9:45 PM        5       15      10     0      30      2       13      2      0      17      3       6       0      0      9       10      14      0      0      24      80
Hourly Total    9       73      69     0     151      13      59      8      0      80      6       41      7      0      54      45      70      2      0     117      402
 10:00 PM       0       0       0      0      0       0       0       0      0      0       0       0       0      0      0       0       0       1      0      1       1
Grand Total    234     1931    2308    0     4473    330     1631    208     0     2169    284     1782    379     0     2445    2088    1739    379     0     4206    13293
Approach %      5.2    43.2    51.6    0.0     -     15.2    75.2     9.6    0.0     -     11.6    72.9    15.5    0.0     -     49.6    41.3     9.0    0.0     -       -
  Total %       1.8    14.5    17.4    0.0   33.6     2.5    12.3     1.6    0.0   16.3     2.1    13.4     2.9    0.0   18.4    15.7    13.1     2.9    0.0   31.6      -
    Car        234     1931    2308    0     4473    330     1631    208     0     2169    284     1782    379     0     2445    2088    1739    379     0     4206    13293
  % Car        100.0   100.0   100.0    -    100.0   100.0   100.0   100.0    -    100.0   100.0   100.0   100.0    -    100.0   100.0   100.0   100.0    -    100.0   100.0
                                                                Town of Cary                             Count Name: High House Rd at
                                                            316 N. Academy St.                           Old Apex Rd
                                                              P.O. Box 8005                              Site Code:
                                                 Cary, North Carolina, United States 27513               Start Date: 08/15/2013
                                                               919.469.4030                              Page No: 3




                                                                 Old Apex Rd [N]
                                                               Out          In          Total
                                                             4078          4473         8551
                                                             4078          4473         8551


                                                        2308         1931         234           0
                                                        2308         1931         234           0
                                                         R            T           L             U




                                                                                                      208
                                                                                                      208
                                          U




                                                                                                       R
                                          0
                                          0
                    Total
                            8429
                                   8429




                                                                                                             2352
                                                                                                                    2352
                                                                                                                           Out
High House Rd [W]




                                                                                                                                   High House Rd [E]
                                          2088
                                          2088




                                                                                                      1631
                                                                                                      1631
                                                                                                       T
                                           L
                            4206
                                   4206




                                                                                                             2169
                                                                                                                    2169
                                                          08/15/2013 6:00 AM
                    In




                                                                                                                           In
                                                          Ending At
                                                          08/15/2013 10:15 PM
                                          1739
                                          1739




                                                                                                      330
                                                                                                      330
                                           T




                                                                                                       L
                                                          Car
                            4223
                                   4223




                                                                                                             4521
                                                                                                                    4521
                                                                                                                           Total
                    Out




                                          379
                                          379
                                           R




                                                                                                      U
                                                                                                      0
                                                                                                      0




                                                         U            L           T             R
                                                         0           284         1782           379
                                                         0           284         1782           379


                                                             2640          2445         5085
                                                             2640          2445         5085
                                                               Out          In          Total
                                                                 Old Apex Rd [S]


                                                 Turning Movement Data Plot
                                                                                   Town of Cary                                                     Count Name: High House Rd at
                                                                          316 N. Academy St.                                                        Old Apex Rd
                                                                            P.O. Box 8005                                                           Site Code:
                                                               Cary, North Carolina, United States 27513                                            Start Date: 08/15/2013
                                                                             919.469.4030                                                           Page No: 4




                                               Turning Movement Peak Hour Data (7:30 AM)
                           Old Apex Rd                            High House Rd                                  Old Apex Rd                               High House Rd
                            Southbound                                 Westbound                                  Northbound                                  Eastbound
Start Time                                     App.                                        App.                                      App.                                         App.     Int.
             Left    Thru     Right   U-Turn           Left    Thru      Right   U-Turn            Left    Thru     Right   U-Turn           Left     Thru      Right   U-Turn
                                               Total                                       Total                                     Total                                        Total   Total
 7:30 AM      0       24       19        0      43      7       23         2        0       32      8       55        3        0      66      33       9         7         0       49     190
 7:45 AM      2       22       23        0      47      1       27         2        0       30      12      62        3        0      77      48       24        8         0       80     234
 8:00 AM      2       22       23        0      47      3       30         2        0       35      7       57        3        0      67      51       15        4         0       70     219
 8:15 AM      0       19       37        0      56      1       23         3        0       27      9       56        3        0      68      53       17        6         0       76     227
  Total       4       87       102       0     193      12     103         9        0      124      36     230       12        0     278     185       65        25        0      275     870
Approach %    2.1    45.1      52.8      0.0     -      9.7    83.1       7.3       0.0      -     12.9    82.7      4.3       0.0     -     67.3     23.6       9.1       0.0      -       -
 Total %      0.5    10.0      11.7      0.0   22.2     1.4    11.8       1.0       0.0    14.3     4.1    26.4      1.4       0.0   32.0    21.3      7.5       2.9       0.0    31.6      -
   PHF       0.500   0.906    0.689   0.000    0.862   0.429   0.858     0.750     0.000   0.886   0.750   0.927    1.000   0.000    0.903   0.873    0.677     0.781     0.000   0.859   0.929
   Car        4       87       102       0     193      12     103         9        0      124      36     230       12        0     278     185       65        25        0      275     870
  % Car      100.0   100.0    100.0       -    100.0   100.0   100.0     100.0       -     100.0   100.0   100.0    100.0       -    100.0   100.0    100.0     100.0       -     100.0   100.0
                                                                 Town of Cary                        Count Name: High House Rd at
                                                             316 N. Academy St.                      Old Apex Rd
                                                               P.O. Box 8005                         Site Code:
                                                  Cary, North Carolina, United States 27513          Start Date: 08/15/2013
                                                                919.469.4030                         Page No: 5




                                                                  Old Apex Rd [N]
                                                               Out        In          Total
                                                               424        193         617
                                                               424        193         617


                                                         102         87         4             0
                                                         102         87         4             0
                                                          R          T          L             U
                                        U




                                                                                                   R
                                        0
                                        0




                                                                                                   9
                                                                                                   9
                                                        Peak Hour Data
                    Total
                            516
                                  516




                                                                                                                     Out
                                                                                                         81
                                                                                                               81
High House Rd [W]




                                                                                                                             High House Rd [E]
                                        185
                                        185




                                                                                                   103
                                                                                                   103
                                                                                                    T
                                         L




                                                           08/15/2013 7:30 AM
                            275
                                  275




                                                                                                         124
                                                                                                               124
                    In




                                                                                                                     In
                                                           Ending At
                                                           08/15/2013 8:30 AM
                                        65
                                        65




                                                                                                   12
                                                                                                   12
                                        T




                                                                                                    L
                                                           Car




                                                                                                                     Total
                            241
                                  241




                                                                                                         205
                                                                                                               205
                    Out




                                        25
                                        25
                                        R




                                                                                                   U
                                                                                                   0
                                                                                                   0




                                                          U          L          T             R
                                                          0          36         230           12
                                                          0          36         230           12


                                                               124        278         402
                                                               124        278         402
                                                               Out        In          Total
                                                                  Old Apex Rd [S]


                                         Turning Movement Peak Hour Data Plot (7:30 AM)
                                                                                   Town of Cary                                                     Count Name: High House Rd at
                                                                          316 N. Academy St.                                                        Old Apex Rd
                                                                            P.O. Box 8005                                                           Site Code:
                                                               Cary, North Carolina, United States 27513                                            Start Date: 08/15/2013
                                                                             919.469.4030                                                           Page No: 6




                                               Turning Movement Peak Hour Data (5:15 PM)
                           Old Apex Rd                            High House Rd                                  Old Apex Rd                             High House Rd
                            Southbound                                 Westbound                                  Northbound                                  Eastbound
Start Time                                     App.                                        App.                                      App.                                         App.     Int.
             Left    Thru     Right   U-Turn           Left    Thru      Right   U-Turn            Left    Thru     Right   U-Turn           Left     Thru      Right   U-Turn
                                               Total                                       Total                                     Total                                        Total   Total
 5:15 PM      3       85       55        0     143      12      48         3        0       63      6       41        9        0      56      38       38        11        0       87     349
 5:30 PM      4       65       72        0     141      7       43         3        0       53      5       35        3        0      43      40       36        6         0       82     319
 5:45 PM      6       53       65        0     124      9       39         7        0       55      6       33        7        0      46      40       36        4         0       80     305
 6:00 PM      1       69       62        0     132      8       32         5        0       45      4       36        3        0      43      33       30        11        0       74     294
  Total       14     272       254       0     540      36     162        18        0      216      21     145       22        0     188     151      140        32        0      323     1267
Approach %    2.6    50.4      47.0      0.0     -     16.7    75.0       8.3       0.0      -     11.2    77.1      11.7      0.0     -     46.7     43.3       9.9       0.0      -       -
 Total %      1.1    21.5      20.0      0.0   42.6     2.8    12.8       1.4       0.0    17.0     1.7    11.4      1.7       0.0   14.8    11.9     11.0       2.5       0.0    25.5      -
   PHF       0.583   0.800    0.882   0.000    0.944   0.750   0.844     0.643     0.000   0.857   0.875   0.884    0.611   0.000    0.839   0.944    0.921     0.727     0.000   0.928   0.908
   Car        14     272       254       0     540      36     162        18        0      216      21     145       22        0     188     151      140        32        0      323     1267
  % Car      100.0   100.0    100.0       -    100.0   100.0   100.0     100.0       -     100.0   100.0   100.0    100.0       -    100.0   100.0    100.0     100.0       -     100.0   100.0
                                                                 Town of Cary                         Count Name: High House Rd at
                                                             316 N. Academy St.                       Old Apex Rd
                                                               P.O. Box 8005                          Site Code:
                                                  Cary, North Carolina, United States 27513           Start Date: 08/15/2013
                                                                919.469.4030                          Page No: 7




                                                                  Old Apex Rd [N]
                                                               Out         In          Total
                                                               314         540         854
                                                               314         540         854


                                                         254         272         14            0
                                                         254         272         14            0
                                                          R          T           L             U




                                                                                                    18
                                                                                                    18
                                        U




                                                                                                    R
                                        0
                                        0




                                                        Peak Hour Data
                    Total
                            760
                                  760




                                                                                                          176
                                                                                                                176
                                                                                                                      Out
High House Rd [W]




                                                                                                                              High House Rd [E]
                                        151
                                        151




                                                                                                    162
                                                                                                    162
                                                                                                     T
                                         L




                                                           08/15/2013 5:15 PM
                            323
                                  323




                                                                                                          216
                                                                                                                216
                    In




                                                                                                                      In
                                                           Ending At
                                                           08/15/2013 6:15 PM
                                        140
                                        140




                                                                                                    36
                                                                                                    36
                                         T




                                                                                                     L
                                                           Car




                                                                                                                      Total
                            437
                                  437




                                                                                                          392
                                                                                                                392
                    Out




                                        32
                                        32
                                        R




                                                                                                    U
                                                                                                    0
                                                                                                    0




                                                          U          L           T             R
                                                          0          21          145           22
                                                          0          21          145           22


                                                               340         188         528
                                                               340         188         528
                                                               Out         In          Total
                                                                  Old Apex Rd [S]


                                         Turning Movement Peak Hour Data Plot (5:15 PM)
            Town of Cary                    Count Name: High House Rd at
           316 N. Academy St.               Old Apex Rd
             P.O. Box 8005                  Site Code:
Cary, North Carolina, United States 27513   Start Date: 08/15/2013
              919.469.4030                  Page No: 8
