                                                                                   Town of Cary                                                   Count Name: High House Rd at
                                                                           316 N. Academy St.                                                     Bond Park (Wed 4/4)
                                                                             P.O. Box 8005                                                        Site Code:
                                                                Cary, North Carolina, United States 27513                                         Start Date: 04/04/2012
                                                                              919.469.4030                                                        Page No: 1



                                                                      Turning Movement Data
                           St Michaels Ent                           High House Rd                            Bond Park Dr                               High House Rd
                             Southbound                                Westbound                                Northbound                                 Eastbound
Start Time                                       App.                                     App.                                     App.                                       App.     Int.
               Left   Thru     Right   U-Turn            Left   Thru     Right   U-Turn           Left   Thru     Right   U-Turn           Left     Thru     Right   U-Turn
                                                 Total                                    Total                                    Total                                      Total   Total
 12:00 AM       0      0         0           0    0       0      10        0         0     10      0      0         0        0      0       0        6        0          0     6       16
 12:15 AM       0      0         0           0    0       0      15        0         0     15      0      0         0        0      0       0        3        0          0     3       18
 12:30 AM       0      0         0           0    0       0      9         0         0     9       0      0         0        0      0       0        8        0          0     8       17
 12:45 AM       0      0         0           0    0       0      6         0         0     6       0      0         0        0      0       0        8        0          0     8       14
Hourly Total    0      0         0           0    0       0      40        0         0     40      0      0         0        0      0       0        25       0          0     25      65
 1:00 AM        0      0         0           0    0       0      5         0         0     5       0      0         1        0      1       0        7        0          0     7       13
 1:15 AM        0      0         0           0    0       0      2         0         0     2       0      0         0        0      0       0        8        0          0     8       10
 1:30 AM        0      0         0           0    0       0      4         0         0     4       0      0         0        0      0       0        2        0          0     2       6
 1:45 AM        0      0         0           0    0       0      2         0         0     2       0      0         0        0      0       0        1        0          0     1       3
Hourly Total    0      0         0           0    0       0      13        0         0     13      0      0         1        0      1       0        18       0          0     18      32
 2:00 AM        0      0         0           0    0       0      6         0         0     6       0      0         0        0      0       0        1        0          0     1       7
 2:15 AM        0      0         0           0    0       0      2         0         0     2       0      0         0        0      0       0        1        0          0     1       3
 2:30 AM        0      0         0           0    0       0      2         0         0     2       0      0         0        0      0       0        2        0          0     2       4
 2:45 AM        0      0         0           0    0       0      7         0         0     7       0      0         0        0      0       0        5        0          0     5       12
Hourly Total    0      0         0           0    0       0      17        0         0     17      0      0         0        0      0       0        9        0          0     9       26
 3:00 AM        0      0         0           0    0       0      3         0         0     3       0      0         0        0      0       0        0        0          0     0       3
 3:15 AM        0      0         0           0    0       0      2         0         0     2       0      0         0        0      0       0        0        0          0     0       2
 3:30 AM        0      0         0           0    0       0      1         0         0     1       0      0         0        0      0       0        0        0          0     0       1
 3:45 AM        0      0         0           0    0       0      2         0         0     2       0      0         0        0      0       0        2        0          0     2       4
Hourly Total    0      0         0           0    0       0      8         0         0     8       0      0         0        0      0       0        2        0          0     2       10
 4:00 AM        0      0         0           0    0       0      2         0         0     2       0      0         0        0      0       0        2        0          0     2       4
 4:15 AM        0      0         0           0    0       0      0         0         0     0       0      0         0        0      0       0        3        0          0     3       3
 4:30 AM        0      0         0           0    0       0      6         0         0     6       0      0         0        0      0       1        1        0          0     2       8
 4:45 AM        0      0         0           0    0       0      11        0         0     11      0      0         0        0      0       0        5        0          0     5       16
Hourly Total    0      0         0           0    0       0      19        0         0     19      0      0         0        0      0       1        11       0          0     12      31
 5:00 AM        0      0         0           0    0       0      10        0         0     10      0      0         0        0      0       0        3        0          0     3       13
 5:15 AM        0      0         0           0    0       0      16        0         0     16      0      0         0        0      0       0        11       0          0     11      27
 5:30 AM        0      0         0           0    0       0      15        0         0     15      0      0         0        0      0       0        13       0          0     13      28
 5:45 AM        0      0         0           0    0       1      25        0         0     26      0      0         0        0      0       0        11       0          0     11      37
Hourly Total    0      0         0           0    0       1      66        0         0     67      0      0         0        0      0       0        38       0          0     38     105
 6:00 AM        0      0         0           0    0       0      31        1         0     32      0      0         0        0      0       1        22       0          0     23      55
 6:15 AM        0      0         0           0    0       0      32        4         0     36      0      0         0        0      0       0        27       0          0     27      63
 6:30 AM        2      0         3           0    5       1      65        2         0     68      0      0         1        0      1       7        35       1          0     43     117
 6:45 AM        2      0         9           0    11      0      76        6         0     82      0      0         0        0      0      26        50       1          0     77     170
Hourly Total    4      0         12          0    16      1     204       13         0    218      0      0         1        0      1      34       134       2          0    170     405
 7:00 AM        1      0         1           0    2       0      77        1         0     78      2      0         1        0      3       9        75       1          0     85     168
 7:15 AM        4      0         9           0    13      0      77        5         0     82      0      0         0        0      0      19       106       0          0    125     220
 7:30 AM       22      1         58          0    81      2     128        1         0    131      0      0         0        0      0      13       221       0          0    234     446
 7:45 AM       42      0        101          1   144      4     147        2         0    153      0      0         2        0      2      15       220       1          0    236     535
Hourly Total   69      1        169          1   240      6     429        9         0    444      2      0         3        0      5      56       622       2          0    680     1369
 8:00 AM        9      0         16          0    25      1     135        1         0    137      0      0         3        0      3       8       175       2          0    185     350
 8:15 AM        2      0         4           0    6       6     125       12         0    143      0      0         3        0      3      44       143       0          0    187     339
 8:30 AM        1      0         3           0    4       1     146        3         0    150      0      1         0        0      1      12       108       2          0    122     277
 8:45 AM        0      1         0           0    1       5     144        3         0    152      2      0         6        0      8       4       142       2          0    148     309
Hourly Total   12      1         23          0    36     13     550       19         0    582      2      1        12        0      15     68       568       6          0    642     1275
 9:00 AM        4      0         13          0    17     10     137        0         0    147      0      0         3        0      3       7       142       3          0    152     319
 9:15 AM        9      0         25          0    34      3     128        1         0    132      0      0         0        0      0       4       130       2          0    136     302
 9:30 AM        2      1         7           0    10      8     117        2         0    127      5      0         2        0      7       8       130       4          0    142     286
 9:45 AM        0      0         11          0    11      6     122        2         0    130      0      0         5        0      5       5       114       4          0    123     269
Hourly Total   15      1         56          0    72     27     504        5         0    536      5      0        10        0      15     24       516       13         0    553     1176
 10:00 AM       2      0         2           0    4      10     119        4         0    133      1      0         4        0      5       4       127       5          0    136     278
 10:15 AM       4      0         4           0    8       1     114        1         0    116      2      0         4        0      6       3       134       9          0    146     276
 10:30 AM       2      0         3           0    5       9      99        2         0    110      0      0         2        0      2       2       116       5          0    123     240
 10:45 AM       2      0         4           0    6       5     146        0         0    151      4      0        10        0      14      8       128       5          0    141     312
Hourly Total   10      0         13          0    23     25     478        7         0    510      7      0        20        0      27     17       505       24         0    546     1106
 11:00 AM       3      0         3           0    6       6     135        3         0    144      3      0         5        0      8       3       139       5          0    147     305
 11:15 AM       2      1         6           0    9      10     128        1         0    139      7      0         5        0      12      6       131       6          0    143     303
 11:30 AM       1      0         7           0    8       6     133        1         0    140      9      0         4        0      13     10       163       7          0    180     341
 11:45 AM       3      0         4           0    7      10     165        0         0    175      7      0        10        0      17      6       172       8          0    186     385
Hourly Total    9      1         20          0    30     32     561        5         0    598     26      0        24        0      50     25       605       26         0    656     1334
 12:00 PM       1      0         5           0    6      10     147        1         0    158      5      0         9        0      14      5       144       6          0    155     333
 12:15 PM       1      0         9           0    10      6     156        2         0    164      7      0         8        0      15      5       163       10         0    178     367
 12:30 PM       1       0       2       0       3       14     161      1      0     176      4       0       5       0       9       1      170      1       0      172      360
 12:45 PM       2       1       1       0       4       14     178      1      0     193      9       0       7       0       16      5      141      3       0      149      362
Hourly Total    5       1       17      0       23      44     642      5      0     691      25      0       29      0       54      16     618      20      0      654     1422
 1:00 PM        0       0       2       0       2       10     183      3      0     196      10      1       13      0       24      2      127      4       0      133      355
 1:15 PM        2       0       1       0       3       7      155      1      0     163      5       0       10      0       15      11     143      5       0      159      340
 1:30 PM        4       0       3       0       7       11     158      7      0     176      5       0       10      0       15      14     164      3       1      182      380
 1:45 PM        0       0       0       0       0       5      176      14     0     195      3       0       14      0       17      41     158      4       0      203      415
Hourly Total    6       0       6       0       12      33     672      25     0     730      23      1       47      0       71      68     592      16      1      677     1490
 2:00 PM        1       0       5       0       6       10     154      4      0     168      7       0       5       0       12      12     148      1       0      161      347
 2:15 PM        1       0       2       0       3       7      147      1      0     155      3       0       11      0       14      4      164      8       0      176      348
 2:30 PM        11      0       25      0       36      5      187      8      0     200      10      0       8       0       18      16     179      8       0      203      457
 2:45 PM        13      0       21      0       34      10     195      5      0     210      4       0       7       0       11      11     171      8       0      190      445
Hourly Total    26      0       53      0       79      32     683      18     0     733      24      0       31      0       55      43     662      25      0      730     1597
 3:00 PM        27      0       91      0      118      9      198      5      0     212      9       0       12      0       21      9      164      2       0      175      526
 3:15 PM        18      0       60      0       78      11     172      0      0     183      10      0       12      0       22      3      177      4       0      184      467
 3:30 PM        0       0       7       0       7       11     164      1      0     176      6       0       8       0       14      4      121      6       0      131      328
 3:45 PM        2       0       5       0       7       9      163      0      0     172      4       0       3       0       7       0      182      7       0      189      375
Hourly Total    47      0      163      0      210      40     697      6      0     743      29      0       35      0       64      16     644      19      0      679     1696
 4:00 PM        0       0       1       0       1       3      143      4      0     150      5       0       8       0       13      2      176      8       0      186      350
 4:15 PM        6       0       12      0       18      10     192      2      0     204      3       0       13      0       16      7      166      3       0      176      414
 4:30 PM        4       0       4       0       8       10     165      1      0     176      4       0       8       0       12      4      199      4       0      207      403
 4:45 PM        0       0       2       0       2       11     225      1      0     237      10      1       20      0       31      2      174      3       0      179      449
Hourly Total    10      0       19      0       29      34     725      8      0     767      22      1       49      0       72      15     715      18      0      748     1616
 5:00 PM        2       0       3       0       5       12     193      1      0     206      9       0       24      0       33      4      229      7       0      240      484
 5:15 PM        3       0       7       0       10      5      231      0      0     236      3       0       15      0       18      1      204      4       0      209      473
 5:30 PM        0       0       1       0       1       11     197      1      0     209      25      0       25      0       50      0      216      5       0      221      481
 5:45 PM        0       0       0       0       0       8      191      0      0     199      5       0       1       1       7       1      210      4       1      216      422
Hourly Total    5       0       11      0       16      36     812      2      0     850      42      0       65      1      108      6      859      20      1      886     1860
 6:00 PM        0       0       3       0       3       8      177      0      0     185      4       0       8       0       12      1      178      4       0      183      383
 6:15 PM        0       0       2       0       2       5      160      1      0     166      3       0       2       0       5       3      184      1       0      188      361
 6:30 PM        0       0       0       0       0       5      129      1      0     135      3       0       5       0       8       6      157      1       0      164      307
 6:45 PM        0       0       3       0       3       5      135      1      0     141      6       0       1       0       7       6      169      2       0      177      328
Hourly Total    0       0       8       0       8       23     601      3      0     627      16      0       16      0       32      16     688      8       0      712     1379
 7:00 PM        0       0       0       0       0       1      135      0      0     136      6       0       10      0       16      4      150      2       0      156      308
 7:15 PM        0       0       0       0       0       4      139      0      0     143      1       0       4       0       5       2      137      0       0      139      287
 7:30 PM        1       0       2       0       3       1      103      0      0     104      2       0       1       0       3       1      107      1       0      109      219
 7:45 PM        0       0       0       0       0       2      102      1      0     105      3       0       4       0       7       2       90      1       0       93      205
Hourly Total    1       0       2       0       3       8      479      1      0     488      12      0       19      0       31      9      484      4       0      497     1019
 8:00 PM        0       0       0       0       0       1      100      0      0     101      3       0       6       0       9       3       91      0       0       94      204
 8:15 PM        1       0       2       0       3       0      110      1      0     111      1       0       5       0       6       2       90      0       0       92      212
 8:30 PM        1       0       6       0       7       0      107      0      0     107      0       0       1       0       1       0       76      0       0       76      191
 8:45 PM        0       0       4       0       4       0       98      0      0      98      0       0       0       0       0       0       74      0       0       74      176
Hourly Total    2       0       12      0       14      1      415      1      0     417      4       0       12      0       16      5      331      0       0      336      783
 9:00 PM        0       0       0       0       0       0       99      0      0      99      0       0       2       0       2       0       54      0       0       54      155
 9:15 PM        1       0       3       0       4       0       77      0      0      77      0       0       5       0       5       1       53      1       0       55      141
 9:30 PM        0       0       1       0       1       0       79      0      0      79      0       0       0       0       0       0       38      0       0       38      118
 9:45 PM        0       0       0       0       0       0       34      0      0      34      0       0       2       0       2       0       51      0       0       51      87
Hourly Total    1       0       4       0       5       0      289      0      0     289      0       0       9       0       9       1      196      1       0      198      501
 10:00 PM       0       0       0       0       0       1       39      1      0      41      0       0       1       0       1       0       35      0       0       35      77
 10:15 PM       0       0       0       0       0       0       34      0      0      34      0       0       0       0       0       0       29      0       0       29      63
 10:30 PM       0       0       0       0       0       0       25      0      0      25      0       0       0       0       0       0       23      0       0       23      48
 10:45 PM       0       0       1       0       1       0       30      0      0      30      0       0       1       0       1       0       13      0       0       13      45
Hourly Total    0       0       1       0       1       1      128      1      0     130      0       0       2       0       2       0      100      0       0      100      233
 11:00 PM       0       0       0       0       0       0       34      0      0      34      0       0       0       0       0       0       20      0       0       20      54
 11:15 PM       1       0       1       0       2       0       26      0      0      26      0       0       0       0       0       0       22      0       0       22      50
 11:30 PM       0       0       0       0       0       0       21      0      0      21      0       0       0       0       0       0       10      0       0       10      31
 11:45 PM       0       0       0       0       0       0       18      0      0      18      0       0       0       0       0       0       12      0       0       12      30
Hourly Total    1       0       1       0       2       0       99      0      0      99      0       0       0       0       0       0       64      0       0       64      165
Grand Total    223      5      590      1      819     357     9131    128     0     9616    239      3      385      1      628     420     9006    204      2      9632    20695
Approach %     27.2     0.6    72.0     0.1      -      3.7    95.0     1.3    0.0     -     38.1     0.5    61.3     0.2      -      4.4    93.5     2.1     0.0      -       -
  Total %       1.1     0.0     2.9     0.0     4.0     1.7    44.1     0.6    0.0   46.5     1.2     0.0     1.9     0.0     3.0     2.0    43.5     1.0     0.0    46.5      -
    Car        223      5      590      1      819     357     9131    128     0     9616    239      3      385      1      628     420     9006    204      2      9632    20695
  % Car        100.0   100.0   100.0   100.0   100.0   100.0   100.0   100.0    -    100.0   100.0   100.0   100.0   100.0   100.0   100.0   100.0   100.0   100.0   100.0   100.0
                                                                  Town of Cary                           Count Name: High House Rd at
                                                              316 N. Academy St.                         Bond Park (Wed 4/4)
                                                                P.O. Box 8005                            Site Code:
                                                   Cary, North Carolina, United States 27513             Start Date: 04/04/2012
                                                                 919.469.4030                            Page No: 3




                                                                  St Michaels Ent [N]
                                                                Out         In          Total
                                                                552         819         1371
                                                                552         819         1371


                                                          590         5           223           1
                                                          590         5           223           1
                                                           R          T           L             U




                                                                                                      128
                                                                                                      128
                                            U




                                                                                                       R
                                            2
                                            2
                            19594
                                    19594
                    Total




                                                                                                             9614
                                                                                                                     9614
                                                                                                                             Out
High House Rd [W]




                                                                                                                                     High House Rd [E]
                                                                                                      9131
                                                                                                      9131
                                            420
                                            420




                                                                                                       T
                                             L
                            9632
                                    9632




                                                                                                             9616
                                                                                                                     9616
                                                            04/04/2012 12:00 AM
                    In




                                                                                                                             In
                                                            Ending At
                                                            04/05/2012 12:00 AM
                                            9006
                                            9006




                                                                                                      357
                                                                                                      357
                                             T




                                                                                                       L




                                                                                                             19230
                                                                                                                     19230
                                                            Car
                            9962
                                    9962




                                                                                                                             Total
                    Out




                                            204
                                            204
                                             R




                                                                                                      U
                                                                                                      0
                                                                                                      0




                                                           U          L           T             R
                                                           1          239         3             385
                                                           1          239         3             385


                                                                567         628         1195
                                                                567         628         1195
                                                                Out         In          Total
                                                                   Bond Park Dr [S]


                                                   Turning Movement Data Plot
                                                                                    Town of Cary                                                       Count Name: High House Rd at
                                                                           316 N. Academy St.                                                          Bond Park (Wed 4/4)
                                                                             P.O. Box 8005                                                             Site Code:
                                                                Cary, North Carolina, United States 27513                                              Start Date: 04/04/2012
                                                                              919.469.4030                                                             Page No: 4




                                                Turning Movement Peak Hour Data (7:30 AM)
                          St Michaels Ent                          High House Rd                                   Bond Park Dr                             High House Rd
                            Southbound                                  Westbound                                  Northbound                                    Eastbound
Start Time                                      App.                                        App.                                        App.                                         App.     Int.
             Left    Thru     Right   U-Turn            Left    Thru      Right   U-Turn            Left    Thru      Right   U-Turn            Left     Thru      Right   U-Turn
                                                Total                                       Total                                       Total                                        Total   Total
 7:30 AM      22      1         58          0    81      2      128         1        0      131      0       0          0         0      0       13      221        0         0      234     446
 7:45 AM      42      0        101          1   144      4      147         2        0      153      0       0          2         0      2       15      220        1         0      236     535
 8:00 AM      9       0         16          0    25      1      135         1        0      137      0       0          3         0      3       8       175        2         0      185     350
 8:15 AM      2       0         4           0    6       6      125        12        0      143      0       0          3         0      3       44      143        0         0      187     339
  Total       75      1        179          1   256      13     535        16        0      564      0       0          8         0      8       80      759        3         0      842     1670
Approach %   29.3     0.4      69.9      0.4      -      2.3    94.9       2.8       0.0      -      0.0     0.0      100.0       0.0     -      9.5     90.1       0.4       0.0      -       -
 Total %      4.5     0.1      10.7      0.1    15.3     0.8    32.0       1.0       0.0    33.8     0.0     0.0       0.5        0.0    0.5     4.8     45.4       0.2       0.0    50.4      -
   PHF       0.446   0.250    0.443   0.250     0.444   0.542   0.910     0.333     0.000   0.922   0.000   0.000     0.667   0.000     0.667   0.455    0.859     0.375     0.000   0.892   0.780
   Car        75      1        179          1   256      13     535        16        0      564      0       0          8         0      8       80      759        3         0      842     1670
  % Car      100.0   100.0    100.0   100.0     100.0   100.0   100.0     100.0       -     100.0     -       -       100.0        -    100.0   100.0    100.0     100.0       -     100.0   100.0
                                                                   Town of Cary                     Count Name: High House Rd at
                                                               316 N. Academy St.                   Bond Park (Wed 4/4)
                                                                 P.O. Box 8005                      Site Code:
                                                    Cary, North Carolina, United States 27513       Start Date: 04/04/2012
                                                                  919.469.4030                      Page No: 5




                                                                   St Michaels Ent [N]
                                                                 Out       In         Total
                                                                 97        256        353
                                                                 97        256        353


                                                           179         1         75           1
                                                           179         1         75           1
                                                            R          T         L            U




                                                                                                  16
                                                                                                  16
                                          U




                                                                                                  R
                                          0
                                          0




                                                          Peak Hour Data
                    Total
                            1556
                                   1556




                                                                                                        842
                                                                                                               842
                                                                                                                      Out
High House Rd [W]




                                                                                                                              High House Rd [E]
                                                                                                  535
                                                                                                  535
                                          80
                                          80




                                                                                                   T
                                           L




                                                             04/04/2012 7:30 AM
                            842
                                   842




                                                                                                        564
                                                                                                               564
                    In




                                                                                                                      In
                                                             Ending At
                                                             04/04/2012 8:30 AM
                                          759
                                          759




                                                                                                  13
                                                                                                  13
                                           T




                                                                                                   L
                                                             Car




                                                                                                        1406
                                                                                                               1406
                                                                                                                      Total
                            714
                                   714
                    Out




                                          R




                                                                                                  U
                                          3
                                          3




                                                                                                  0
                                                                                                  0




                                                            U          L         T            R
                                                            0          0         0            8
                                                            0          0         0            8


                                                                 17        8           25
                                                                 17        8           25
                                                                 Out       In         Total
                                                                    Bond Park Dr [S]


                                           Turning Movement Peak Hour Data Plot (7:30 AM)
                                                                                     Town of Cary                                                       Count Name: High House Rd at
                                                                            316 N. Academy St.                                                          Bond Park (Wed 4/4)
                                                                              P.O. Box 8005                                                             Site Code:
                                                                 Cary, North Carolina, United States 27513                                              Start Date: 04/04/2012
                                                                               919.469.4030                                                             Page No: 6




                                                 Turning Movement Peak Hour Data (2:30 PM)
                           St Michaels Ent                          High House Rd                                   Bond Park Dr                             High House Rd
                            Southbound                                   Westbound                                  Northbound                                    Eastbound
Start Time                                       App.                                        App.                                        App.                                         App.     Int.
             Left    Thru      Right   U-Turn            Left    Thru      Right   U-Turn            Left    Thru      Right   U-Turn            Left     Thru      Right   U-Turn
                                                 Total                                       Total                                       Total                                        Total   Total
 2:30 PM      11      0          25          0    36      5      187         8        0      200      10      0          8         0      18      16      179        8         0      203     457
 2:45 PM      13      0          21          0    34      10     195         5        0      210      4       0          7         0      11      11      171        8         0      190     445
 3:00 PM      27      0          91          0   118      9      198         5        0      212      9       0         12         0      21      9       164        2         0      175     526
 3:15 PM      18      0          60          0    78      11     172         0        0      183      10      0         12         0      22      3       177        4         0      184     467
  Total       69      0         197          0   266      35     752        18        0      805      33      0         39         0      72      39      691        22        0      752     1895
Approach %   25.9     0.0       74.1     0.0       -      4.3    93.4       2.2       0.0      -     45.8     0.0       54.2       0.0     -      5.2     91.9       2.9       0.0      -       -
 Total %      3.6     0.0       10.4     0.0     14.0     1.8    39.7       0.9       0.0    42.5     1.7     0.0       2.1        0.0    3.8     2.1     36.5       1.2       0.0    39.7      -
   PHF       0.639   0.000     0.541   0.000     0.564   0.795   0.949     0.563     0.000   0.949   0.825   0.000     0.813   0.000     0.818   0.609    0.965     0.688     0.000   0.926   0.901
   Car        69      0         197          0   266      35     752        18        0      805      33      0         39         0      72      39      691        22        0      752     1895
  % Car      100.0     -       100.0         -   100.0   100.0   100.0     100.0       -     100.0   100.0     -       100.0        -    100.0   100.0    100.0     100.0       -     100.0   100.0
                                                                   Town of Cary                       Count Name: High House Rd at
                                                               316 N. Academy St.                     Bond Park (Wed 4/4)
                                                                 P.O. Box 8005                        Site Code:
                                                    Cary, North Carolina, United States 27513         Start Date: 04/04/2012
                                                                  919.469.4030                        Page No: 7




                                                                   St Michaels Ent [N]
                                                                 Out        In         Total
                                                                 57         266        323
                                                                 57         266        323


                                                           197         0          69           0
                                                           197         0          69           0
                                                            R          T          L            U




                                                                                                    18
                                                                                                    18
                                          U




                                                                                                    R
                                          0
                                          0




                                                          Peak Hour Data
                    Total
                            1734
                                   1734




                                                                                                          799
                                                                                                                 799
                                                                                                                        Out
High House Rd [W]




                                                                                                                                High House Rd [E]
                                                                                                    752
                                                                                                    752
                                          39
                                          39




                                                                                                     T
                                           L




                                                             04/04/2012 2:30 PM
                            752
                                   752




                                                                                                          805
                                                                                                                 805
                    In




                                                                                                                        In
                                                             Ending At
                                                             04/04/2012 3:30 PM
                                          691
                                          691




                                                                                                    35
                                                                                                    35
                                           T




                                                                                                     L
                                                             Car




                                                                                                          1604
                                                                                                                 1604
                                                                                                                        Total
                            982
                                   982
                    Out




                                          22
                                          22
                                          R




                                                                                                    U
                                                                                                    0
                                                                                                    0




                                                            U          L          T            R
                                                            0          33         0            39
                                                            0          33         0            39


                                                                 57         72         129
                                                                 57         72         129
                                                                 Out        In         Total
                                                                    Bond Park Dr [S]


                                           Turning Movement Peak Hour Data Plot (2:30 PM)
            Town of Cary                    Count Name: High House Rd at
           316 N. Academy St.               Bond Park (Wed 4/4)
             P.O. Box 8005                  Site Code:
Cary, North Carolina, United States 27513   Start Date: 04/04/2012
              919.469.4030                  Page No: 8
