                                                                                  Town of Cary                                                   Count Name: High House Rd at
                                                                          316 N. Academy St.                                                     Bond Park Dr
                                                                            P.O. Box 8005                                                        Site Code:
                                                               Cary, North Carolina, United States 27513                                         Start Date: 03/28/2012
                                                                             919.469.4030                                                        Page No: 1



                                                                     Turning Movement Data
                        St Michaels PVT                             High House Rd                              Bond Park                                High House Rd
                             Southbound                               Westbound                                Northbound                                 Eastbound
Start Time                                      App.                                     App.                                     App.                                       App.     Int.
               Left   Thru     Right   U-Turn           Left   Thru     Right   U-Turn           Left   Thru     Right   U-Turn           Left     Thru     Right   U-Turn
                                                Total                                    Total                                    Total                                      Total   Total
 12:00 AM       0      0         0        0      0       0      7         0         0     7       0      0         0        0      0       0        5        0          0     5       12
 12:15 AM       0      0         0        0      0       0      4         0         0     4       0      0         0        0      0       0        8        0          0     8       12
 12:30 AM       0      0         0        0      0       0      7         0         0     7       0      0         0        0      0       0        5        0          0     5       12
 12:45 AM       0      0         0        0      0       0      9         0         0     9       0      0         0        0      0       0        4        0          0     4       13
Hourly Total    0      0         0        0      0       0      27        0         0     27      0      0         0        0      0       0        22       0          0     22      49
 1:00 AM        0      0         0        0      0       0      3         0         0     3       0      0         0        0      0       0        3        0          0     3       6
 1:15 AM        0      0         0        0      0       0      3         0         0     3       0      0         0        0      0       0        0        0          0     0       3
 1:30 AM        0      0         0        0      0       0      1         0         0     1       0      0         0        0      0       0        2        0          0     2       3
 1:45 AM        0      0         0        0      0       0      3         0         0     3       0      0         0        0      0       0        4        0          0     4       7
Hourly Total    0      0         0        0      0       0      10        0         0     10      0      0         0        0      0       0        9        0          0     9       19
 2:00 AM        0      0         0        0      0       0      4         0         0     4       0      0         0        0      0       0        2        0          0     2       6
 2:15 AM        0      0         0        0      0       0      4         0         0     4       0      0         0        0      0       0        2        0          0     2       6
 2:30 AM        0      0         0        0      0       0      3         0         0     3       0      0         0        0      0       0        0        0          0     0       3
 2:45 AM        0      0         0        0      0       0      2         0         0     2       0      0         0        0      0       0        0        0          0     0       2
Hourly Total    0      0         0        0      0       0      13        0         0     13      0      0         0        0      0       0        4        0          0     4       17
 3:00 AM        0      0         0        0      0       0      5         0         0     5       0      0         0        0      0       0        1        0          0     1       6
 3:15 AM        0      0         0        0      0       0      1         0         0     1       0      0         0        0      0       0        1        0          0     1       2
 3:30 AM        0      0         0        0      0       0      3         0         0     3       0      0         0        0      0       0        3        0          0     3       6
 3:45 AM        0      0         0        0      0       0      1         0         0     1       0      0         0        0      0       0        2        0          0     2       3
Hourly Total    0      0         0        0      0       0      10        0         0     10      0      0         0        0      0       0        7        0          0     7       17
 4:00 AM        0      0         0        0      0       0      0         0         0     0       0      0         0        0      0       0        1        0          0     1       1
 4:15 AM        0      0         0        0      0       0      1         0         0     1       0      0         0        0      0       0        1        0          0     1       2
 4:30 AM        0      0         0        0      0       0      6         0         0     6       0      0         0        0      0       0        4        0          0     4       10
 4:45 AM        0      0         0        0      0       0      11        0         0     11      0      0         0        0      0       1        6        0          0     7       18
Hourly Total    0      0         0        0      0       0      18        0         0     18      0      0         0        0      0       1        12       0          0     13      31
 5:00 AM        0      0         0        0      0       0      17        0         0     17      0      0         0        0      0       0        4        0          0     4       21
 5:15 AM        0      0         0        0      0       0      23        0         0     23      0      0         0        0      0       0        6        0          0     6       29
 5:30 AM        0      0         0        0      0       0      26        0         0     26      0      0         0        0      0       0        17       0          0     17      43
 5:45 AM        0      0         1        0      1       0      29        0         0     29      0      0         0        0      0       0        18       0          0     18      48
Hourly Total    0      0         1        0      1       0      95        0         0     95      0      0         0        0      0       0        45       0          0     45     141
 6:00 AM        0      0         0        0      0       0      29        1         0     30      0      0         0        0      0       1        22       0          0     23      53
 6:15 AM        0      0         0        0      0       0      42        1         0     43      0      0         0        0      0       0        35       0          0     35      78
 6:30 AM        3      0         1        0      4       1      66        3         0     70      0      0         0        0      0       5        47       0          0     52     126
 6:45 AM        1      0         7        0      8       0      80        0         0     80      0      0         0        0      0      24        75       1          0    100     188
Hourly Total    4      0         8        0      12      1     217        5         0    223      0      0         0        0      0      30       179       1          0    210     445
 7:00 AM        1      0         3        0      4       0     107        0         0    107      0      0         0        0      0      14        93       0          0    107     218
 7:15 AM        9      0        10        0      19      0     127        1         0    128      0      0         0        0      0      10       123       0          0    133     280
 7:30 AM       21      0        51        0      72      2     168        3         0    173      0      0         1        0      1      19       227       1          0    247     493
 7:45 AM       30      0        108       0     138      5     171        2         0    178      0      0         1        0      1      14       265       1          0    280     597
Hourly Total   61      0        172       0     233      7     573        6         0    586      0      0         2        0      2      57       708       2          0    767     1588
 8:00 AM       13      2        22        0      37      2     158        1         0    161      1      0         2        0      3      12       156       2          0    170     371
 8:15 AM        1      0         9        0      10      6     149        7         0    162      0      0         1        0      1      41       182       0          0    223     396
 8:30 AM        0      0         1        0      1       5     156        4         0    165      2      0         2        0      4      15       178       1          0    194     364
 8:45 AM        0      0         0        0      0       5     178        1         0    184      0      0         3        0      3       8       200       1          0    209     396
Hourly Total   14      2        32        0      48     18     641       13         0    672      3      0         8        0      11     76       716       4          0    796     1527
 9:00 AM        1      0         4        0      5       5     162        4         0    171      1      0         3        0      4       6       215       1          0    222     402
 9:15 AM        4      0        26        0      30      2     178        2         0    182      2      0         3        0      5      32       207       4          0    243     460
 9:30 AM        4      0        20        0      24      7     166        2         0    175      0      0         1        0      1      26       132       0          0    158     358
 9:45 AM        2      0        27        0      29      8     118        2         0    128      1      0         3        0      4       5       145       2          0    152     313
Hourly Total   11      0        77        0      88     22     624       10         0    656      4      0        10        0      14     69       699       7          0    775     1533
 10:00 AM       1      0         5        0      6       2     108        0         0    110      2      0         4        0      6       3       113       3          0    119     241
 10:15 AM       3      0         2        0      5       5     104        1         0    110      0      0         2        0      2       5       130       5          0    140     257
 10:30 AM       1      0         3        0      4       1     128        1         0    130      2      0         8        0      10      4       122       7          0    133     277
 10:45 AM       1      0         5        0      6       6     117        0         0    123      3      0         8        0      11      1       147       1          0    149     289
Hourly Total    6      0        15        0      21     14     457        2         0    473      7      0        22        0      29     13       512       16         0    541     1064
 11:00 AM       0      0         0        0      0       5     116        1         0    122      3      0         0        0      3       2       115       7          0    124     249
 11:15 AM       1      0         3        0      4       4     136        2         0    142      5      0         9        0      14      3       133       3          0    139     299
 11:30 AM       1      1         4        0      6       6     129        0         0    135      1      0         8        0      9       7       164       1          0    172     322
 11:45 AM       3      0         3        0      6       3     127        1         0    131      3      0         8        0      11      2       168       1          0    171     319
Hourly Total    5      1        10        0      16     18     508        4         0    530     12      0        25        0      37     14       580       12         0    606     1189
 12:00 PM       0      0         0        0      0       1     168        1         0    170      1      0         8        0      9       6       154       4          0    164     343
 12:15 PM       1      0         2        0      3       5     171        5         0    181      6      0         7        0      13     16       164       0          0    180     377
 12:30 PM       3       0       21     0      24      13      189     3      0      205     0       0       2      0      2       10      154     2       0       166     397
 12:45 PM       1       0       5      0      6       11      170     4      0      185     4       0       4      0      8       4       173     4       0       181     380
Hourly Total    5       0       28     0      33      30      698     13     0      741     11      0       21     0      32      36      645     10      0       691    1497
 1:00 PM        1       0       3      0      4       9       190     1      0      200     4       0       3      0      7       8       167     3       1       179     390
 1:15 PM        1       0       2      0      3       6       193     1      0      200     5       1       8      0      14      6       155     6       0       167     384
 1:30 PM        1       0       6      0      7       8       170     1      0      179     2       1       4      0      7       1       152     3       0       156     349
 1:45 PM        2       0       8      0      10      6       142     2      0      150     4       0       4      0      8       3       153     4       0       160     328
Hourly Total    5       0       19     0      24      29      695     5      0      729     15      2       19     0      36      18      627     16      1       662    1451
 2:00 PM        0       0       3      0      3       4       182     2      0      188     6       0       7      0      13      6       147     5       0       158     362
 2:15 PM        1       1       3      0      5       5       160     1      0      166     11      0       8      0      19      5       163     8       0       176     366
 2:30 PM        1       0       1      0      2       3       171     3      0      177     10      0       9      0      19      13      158     2       0       173     371
 2:45 PM        3       0       8      0      11      8       194     4      0      206     2       0       6      0      8       20      174     4       0       198     423
Hourly Total    5       1       15     0      21      20      707     10     0      737     29      0       30     0      59      44      642     19      0       705    1522
 3:00 PM        23      2       76     0     101      7       192     8      0      207     12      0       15     0      27      10      211     13      0       234     569
 3:15 PM        15      1       76     0      92      12      190     1      0      203     3       0       11     0      14      2       180     3       0       185     494
 3:30 PM        0       0       3      0      3       11      204     3      0      218     7       0       5      0      12      2       218     5       0       225     458
 3:45 PM        0       1       11     0      12      11      209     6      0      226     6       0       6      0      12      9       196     9       0       214     464
Hourly Total    38      4      166     0     208      41      795     18     0      854     28      0       37     0      65      23      805     30      0       858    1985
 4:00 PM        7       1       18     0      26      12      195     15     0      222     5       0       9      0      14      12      199     7       0       218     480
 4:15 PM        4       0       12     0      16      7       204     4      0      215     3       0       5      0      8       8       207     5       0       220     459
 4:30 PM        4       0       4      0      8       9       213     6      0      228     3       0       12     0      15      12      201     7       0       220     471
 4:45 PM        3       0       13     0      16      17      201     6      0      224     4       0       2      0      6       30      206     5       0       241     487
Hourly Total    18      1       47     0      66      45      813     31     0      889     15      0       28     0      43      62      813     24      0       899    1897
 5:00 PM        4       1       23     0      28      16      223     0      0      239     3       0       12     0      15      20      214     10      0       244     526
 5:15 PM        2       0       2      0      4       6       252     2      0      260     4       0       15     0      19      7       232     7       0       246     529
 5:30 PM        2       1       7      0      10      22      255     2      0      279     11      0       14     0      25      14      239     8       0       261     575
 5:45 PM        4       0       7      0      11      24      206     2      0      232     9       0       30     0      39      21      224     14      0       259     541
Hourly Total    12      2       39     0      53      68      936     6      0     1010     27      0       71     0      98      62      909     39      0      1010    2171
 6:00 PM        1       0       36     0      37      19      246     9      0      274     20      0       34     0      54      23      251     12      0       286     651
 6:15 PM        10      0       16     0      26      19      201     5      0      225     12      0       15     0      27      15      212     5       0       232     510
 6:30 PM        17      0       21     0      38      17      187     2      0      206     5       0       16     0      21      6       194     5       0       205     470
 6:45 PM        1       0       1      0      2       19      165     6      0      190     4       0       7      0      11      14      168     7       0       189     392
Hourly Total    29      0       74     0     103      74      799     22     0      895     41      0       72     0     113      58      825     29      0       912    2023
 7:00 PM        0       0       5      0      5       10      156     0      0      166     8       0       13     0      21      16      166     3       0       185     377
 7:15 PM        2       0       15     0      17      12      149     1      0      162     12      0       16     0      28      17      158     11      0       186     393
 7:30 PM        5       0       13     0      18      3       159     0      0      162     10      1       25     0      36      4       142     2       0       148     364
 7:45 PM        0       0       0      0      0       4       160     0      0      164     19      0       24     0      43      0       116     1       1       118     325
Hourly Total    7       0       33     0      40      29      624     1      0      654     49      1       78     0     128      37      582     17      1       637    1459
 8:00 PM        0       0       9      0      9       1       140     0      0      141     13      0       17     0      30      6       116     1       0       123     303
 8:15 PM        0       0       4      0      4       1       128     1      0      130     1       0       4      0      5       2       106     0       0       108     247
 8:30 PM        3       0       3      0      6       0       112     0      0      112     1       0       1      0      2       2       90      0       0       92      212
 8:45 PM        7       0       9      0      16      1       113     0      0      114     1       0       2      0      3       6       80      4       0       90      223
Hourly Total    10      0       25     0      35      3       493     1      0      497     16      0       24     0      40      16      392     5       0       413     985
 9:00 PM        0       0       4      0      4       0       123     0      0      123     8       0       9      0      17      2       83      0       0       85      229
 9:15 PM        0       0       1      0      1       0       89      0      0      89      0       0       6      0      6       1       68      1       0       70      166
 9:30 PM        0       0       1      0      1       0       89      0      0      89      0       0       0      0      0       0       38      0       0       38      128
 9:45 PM        1       0       0      0      1       0       53      1      0      54      0       0       0      0      0       0       46      1       0       47      102
Hourly Total    1       0       6      0      7       0       354     1      0      355     8       0       15     0      23      3       235     2       0       240     625
 10:00 PM       0       0       1      0      1       0       50      0      0      50      0       0       1      0      1       0       41      0       0       41      93
 10:15 PM       0       0       1      0      1       0       38      0      0      38      0       0       1      0      1       1       30      0       0       31      71
 10:30 PM       0       0       0      0      0       0       31      0      0      31      0       0       0      0      0       0       35      0       0       35      66
 10:45 PM       0       0       0      0      0       0       21      0      0      21      0       0       1      0      1       0       20      0       0       20      42
Hourly Total    0       0       2      0      2       0       140     0      0      140     0       0       3      0      3       1       126     0       0       127     272
 11:00 PM       0       0       0      0      0       0       23      0      0      23      0       0       0      0      0       0       22      0       0       22      45
 11:15 PM       0       0       0      0      0       0       12      0      0      12      0       0       0      0      0       0       18      0       0       18      30
 11:30 PM       0       0       0      0      0       0       13      0      0      13      0       0       0      0      0       0        9      0       0       9       22
 11:45 PM       0       0       0      0      0       0       16      0      0      16      0       0       0      0      0       0        7      0       0       7       23
Hourly Total    0       0       0      0      0       0       64      0      0      64      0       0       0      0      0       0       56      0       0       56      120
Grand Total    231      11     769     0     1011    419     10311   148     0     10878   265      3      465     0     733     620     10150   233      2      11005   23627
Approach %     22.8     1.1    76.1    0.0     -      3.9    94.8     1.4    0.0     -     36.2     0.4    63.4    0.0     -      5.6    92.2     2.1     0.0      -       -
  Total %       1.0     0.0     3.3    0.0    4.3     1.8    43.6     0.6    0.0   46.0     1.1     0.0     2.0    0.0    3.1     2.6    43.0     1.0     0.0    46.6      -
    Car        231      11     769     0     1011    419     10311   148     0     10878   265      3      465     0     733     620     10150   233      2      11005   23627
  % Car        100.0   100.0   100.0    -    100.0   100.0   100.0   100.0    -    100.0   100.0   100.0   100.0    -    100.0   100.0   100.0   100.0   100.0   100.0   100.0
                                                                   Town of Cary                             Count Name: High House Rd at
                                                               316 N. Academy St.                           Bond Park Dr
                                                                 P.O. Box 8005                              Site Code:
                                                    Cary, North Carolina, United States 27513               Start Date: 03/28/2012
                                                                  919.469.4030                              Page No: 3




                                                                   St Michaels PVT [N]
                                                                 Out          In          Total
                                                                 771         1011         1782
                                                                 771         1011         1782


                                                           769         11           231           0
                                                           769         11           231           0
                                                            R           T           L             U




                                                                                                        148
                                                                                                        148
                                            U




                                                                                                         R
                                            2
                                            2
                            22352
                                    22352




                                                                                                                10846
                                                                                                                        10846
                    Total




                                                                                                                                Out
High House Rd [W]




                                                                                                                                        High House Rd [E]
                                                                                                        10311
                                                                                                        10311
                                            620
                                            620




                                                                                                          T
                                             L
                            11005
                                    11005




                                                                                                                10878
                                                                                                                        10878
                                                             03/28/2012 12:00 AM
                    In




                                                                                                                                In
                                                             Ending At
                                            10150
                                            10150




                                                             03/29/2012 12:00 AM




                                                                                                        419
                                                                                                        419
                                              T




                                                                                                         L
                            11347
                                    11347




                                                                                                                21724
                                                                                                                        21724
                                                             Car




                                                                                                                                Total
                    Out




                                            233
                                            233
                                             R




                                                                                                        U
                                                                                                        0
                                                                                                        0




                                                            U           L           T             R
                                                            0          265          3             465
                                                            0          265          3             465


                                                                 663         733          1396
                                                                 663         733          1396
                                                                 Out          In          Total
                                                                       Bond Park [S]


                                                    Turning Movement Data Plot
                                                                                   Town of Cary                                                       Count Name: High House Rd at
                                                                          316 N. Academy St.                                                          Bond Park Dr
                                                                            P.O. Box 8005                                                             Site Code:
                                                               Cary, North Carolina, United States 27513                                              Start Date: 03/28/2012
                                                                             919.469.4030                                                             Page No: 4




                                               Turning Movement Peak Hour Data (7:30 AM)
                       St Michaels PVT                            High House Rd                                    Bond Park                               High House Rd
                            Southbound                                 Westbound                                  Northbound                                    Eastbound
Start Time                                     App.                                        App.                                        App.                                         App.     Int.
             Left    Thru     Right   U-Turn           Left    Thru      Right   U-Turn            Left    Thru      Right   U-Turn            Left     Thru      Right   U-Turn
                                               Total                                       Total                                       Total                                        Total   Total
 7:30 AM      21      0        51        0      72      2      168         3        0      173      0       0         1         0       1       19      227        1         0      247     493
 7:45 AM      30      0        108       0     138      5      171         2        0      178      0       0         1         0       1       14      265        1         0      280     597
 8:00 AM      13      2        22        0      37      2      158         1        0      161      1       0         2         0       3       12      156        2         0      170     371
 8:15 AM      1       0         9        0      10      6      149         7        0      162      0       0         1         0       1       41      182        0         0      223     396
  Total       65      2        190       0     257      15     646        13        0      674      1       0         5         0       6       86      830        4         0      920     1857
Approach %   25.3     0.8      73.9      0.0     -      2.2    95.8       1.9       0.0      -     16.7     0.0      83.3       0.0      -      9.3     90.2       0.4       0.0      -       -
 Total %      3.5     0.1      10.2      0.0   13.8     0.8    34.8       0.7       0.0    36.3     0.1     0.0       0.3       0.0     0.3     4.6     44.7       0.2       0.0    49.5      -
   PHF       0.542   0.250    0.440   0.000    0.466   0.625   0.944     0.464     0.000   0.947   0.250   0.000     0.625     0.000   0.500   0.524    0.783     0.500     0.000   0.821   0.778
   Car        65      2        190       0     257      15     646        13        0      674      1       0         5         0       6       86      830        4         0      920     1857
  % Car      100.0   100.0    100.0       -    100.0   100.0   100.0     100.0       -     100.0   100.0     -       100.0       -     100.0   100.0    100.0     100.0       -     100.0   100.0
                                                                   Town of Cary                      Count Name: High House Rd at
                                                               316 N. Academy St.                    Bond Park Dr
                                                                 P.O. Box 8005                       Site Code:
                                                    Cary, North Carolina, United States 27513        Start Date: 03/28/2012
                                                                  919.469.4030                       Page No: 5




                                                                   St Michaels PVT [N]
                                                                 Out        In         Total
                                                                 99         257        356
                                                                 99         257        356


                                                           190          2         65           0
                                                           190          2         65           0
                                                            R           T         L            U




                                                                                                   13
                                                                                                   13
                                          U




                                                                                                   R
                                          0
                                          0




                                                          Peak Hour Data
                    Total
                            1757
                                   1757




                                                                                                         900
                                                                                                                900
                                                                                                                       Out
High House Rd [W]




                                                                                                                               High House Rd [E]
                                                                                                   646
                                                                                                   646
                                          86
                                          86




                                                                                                    T
                                           L




                                                             03/28/2012 7:30 AM
                            920
                                   920




                                                                                                         674
                                                                                                                674
                    In




                                                                                                                       In
                                                             Ending At
                                                             03/28/2012 8:30 AM
                                          830
                                          830




                                                                                                   15
                                                                                                   15
                                           T




                                                                                                    L
                                                             Car




                                                                                                         1574
                                                                                                                1574
                                                                                                                       Total
                            837
                                   837
                    Out




                                          R




                                                                                                   U
                                          4
                                          4




                                                                                                   0
                                                                                                   0




                                                            U           L         T            R
                                                            0           1         0            5
                                                            0           1         0            5


                                                                 21         6           27
                                                                 21         6           27
                                                                 Out        In         Total
                                                                       Bond Park [S]


                                           Turning Movement Peak Hour Data Plot (7:30 AM)
                                                                                   Town of Cary                                                       Count Name: High House Rd at
                                                                          316 N. Academy St.                                                          Bond Park Dr
                                                                            P.O. Box 8005                                                             Site Code:
                                                               Cary, North Carolina, United States 27513                                              Start Date: 03/28/2012
                                                                             919.469.4030                                                             Page No: 6




                                               Turning Movement Peak Hour Data (5:15 PM)
                       St Michaels PVT                            High House Rd                                    Bond Park                               High House Rd
                            Southbound                                 Westbound                                  Northbound                                    Eastbound
Start Time                                     App.                                        App.                                        App.                                         App.     Int.
             Left    Thru     Right   U-Turn           Left    Thru      Right   U-Turn            Left    Thru      Right   U-Turn            Left     Thru      Right   U-Turn
                                               Total                                       Total                                       Total                                        Total   Total
 5:15 PM      2       0         2        0      4       6      252         2        0      260      4       0         15        0       19      7       232        7         0      246     529
 5:30 PM      2       1         7        0      10      22     255         2        0      279      11      0         14        0       25      14      239        8         0      261     575
 5:45 PM      4       0         7        0      11      24     206         2        0      232      9       0         30        0       39      21      224        14        0      259     541
 6:00 PM      1       0        36        0      37      19     246         9        0      274      20      0         34        0       54      23      251        12        0      286     651
  Total       9       1        52        0      62      71     959        15        0      1045     44      0         93        0      137      65      946        41        0      1052    2296
Approach %   14.5     1.6      83.9      0.0     -      6.8    91.8       1.4       0.0      -     32.1     0.0      67.9       0.0      -      6.2     89.9       3.9       0.0      -       -
 Total %      0.4     0.0      2.3       0.0    2.7     3.1    41.8       0.7       0.0    45.5     1.9     0.0       4.1       0.0     6.0     2.8     41.2       1.8       0.0    45.8      -
   PHF       0.563   0.250    0.361   0.000    0.419   0.740   0.940     0.417     0.000   0.936   0.550   0.000     0.684     0.000   0.634   0.707    0.942     0.732     0.000   0.920   0.882
   Car        9       1        52        0      62      71     959        15        0      1045     44      0         93        0      137      65      946        41        0      1052    2296
  % Car      100.0   100.0    100.0       -    100.0   100.0   100.0     100.0       -     100.0   100.0     -       100.0       -     100.0   100.0    100.0     100.0       -     100.0   100.0
                                                                   Town of Cary                      Count Name: High House Rd at
                                                               316 N. Academy St.                    Bond Park Dr
                                                                 P.O. Box 8005                       Site Code:
                                                    Cary, North Carolina, United States 27513        Start Date: 03/28/2012
                                                                  919.469.4030                       Page No: 7




                                                                   St Michaels PVT [N]
                                                                 Out        In        Total
                                                                 80         62         142
                                                                 80         62         142


                                                            52          1         9           0
                                                            52          1         9           0
                                                            R           T         L           U




                                                                                                   15
                                                                                                   15
                                          U




                                                                                                   R
                                          0
                                          0




                                                          Peak Hour Data
                    Total
                            2107
                                   2107




                                                                                                         1048
                                                                                                                1048
                                                                                                                       Out
High House Rd [W]




                                                                                                                               High House Rd [E]
                                                                                                   959
                                                                                                   959
                                          65
                                          65




                                                                                                    T
                                           L
                            1052
                                   1052




                                                                                                         1045
                                                                                                                1045
                                                             03/28/2012 5:15 PM
                    In




                                                                                                                       In
                                                             Ending At
                                                             03/28/2012 6:15 PM
                                          946
                                          946




                                                                                                   71
                                                                                                   71
                                           T




                                                                                                    L
                                                             Car
                            1055
                                   1055




                                                                                                         2093
                                                                                                                2093
                                                                                                                       Total
                    Out




                                          41
                                          41
                                          R




                                                                                                   U
                                                                                                   0
                                                                                                   0




                                                            U           L         T           R
                                                            0          44         0           93
                                                            0          44         0           93


                                                                 113        137        250
                                                                 113        137        250
                                                                 Out        In        Total
                                                                       Bond Park [S]


                                           Turning Movement Peak Hour Data Plot (5:15 PM)
            Town of Cary                    Count Name: High House Rd at
           316 N. Academy St.               Bond Park Dr
             P.O. Box 8005                  Site Code:
Cary, North Carolina, United States 27513   Start Date: 03/28/2012
              919.469.4030                  Page No: 8
