                                                                                                    Town of Cary
                                                                                                 316 N. Academy St.                                                      Count Name: High House Rd at Bond Park Dr
                                                                                                   P.O. Box 8005                                                         Site Code:
                                                                                      Cary, North Carolina, United States 27513                                          Start Date: 11/09/2011
                                                                                       919.469.4030 tom.reilly@townofcary.org                                            Page No: 1



                                                                                         Turning Movement Data
                                   PVT Ent                                     High House Rd                                      Bond Park Dr                                     High House Rd
                               Southbound                                       Westbound                                          Northbound                                       Eastbound
Start Time                                              App.                                            App.                                             App.                                              App.
               Right   Thru   Left      U-Turn   Peds           Right   Thru   Left     U-Turn   Peds           Right   Thru      Left   U-Turn   Peds           Right      Thru   Left    U-Turn   Peds           Int. Total
                                                        Total                                           Total                                            Total                                             Total
 6:00 AM        0       0      0             0    0      0       1      33      0         0       0      34      0       0         0        0      0      0       0         22      0        0       0      22        56
 6:15 AM        0       0      0             0    0      0       1      46      0         0       0      47      0       0         0        0      0      0       0         49      2        0       0      51        98
 6:30 AM        2       0      1             0    1      3       2      78      0         0       0      80      0       0         0        0      0      0       0         49      9        0       0      58       141
 6:45 AM        2       0      0             0    2      2       1      107     0         0       0      108     0       0         0        0      2      0       1         76      18       0       0      95       205
Hourly Total    4       0      1             0    3      5       5      264     0         0       0      269     0       0         0        0      2      0       1         196     29       0       0     226       500
 7:00 AM        5       0      0             0    1      5       0      114     0         0       0      114     0       0         0        0      0      0       0         106     10       0       0     116       235
 7:15 AM        12      0     10             0    0      22      5      126     0         0       0      131     0       0         0        0      0      0       0         124     18       0       0     142       295
 7:30 AM        48      0     18             0    1      66      2      171     1         0       0      174     0       0         0        0      1      0       1         245     11       0       0     257       497
 7:45 AM       126      0     29             0    0     155      2      163     1         0       0      166     0       0         1        0      0      1       0         260     16       0       0     276       598
Hourly Total   191      0     57             0    2     248      9      574     2         0       0      585     0       0         1        0      1      1       1         735     55       0       0     791       1625
 8:00 AM        23      0     15             0    1      38      6      140     2         0       0      148     1       0         0        0      1      1       0         175     8        0       0     183       370
 8:15 AM        5       0      1             0    0      6       6      176     1         0       0      183     1       0         0        0      0      1       2         160     24       0       0     186       376
 8:30 AM        0       0      1             0    0      1       3      150     4         0       0      157     0       0         0        0      1      0       1         153     17       0       0     171       329
 8:45 AM        2       0      0             0    0      2       1      165     1         0       0      167     3       0         0        0      0      3       0         219     8        0       0     227       399
Hourly Total    30      0     17             0    1      47      16     631     8         0       0      655     5       0         0        0      2      5       3         707     57       0       0     767       1474
 9:00 AM        11      0      3             0    0      14      0      181     6         0       0      187     1       0         1        0      1      2       2         216     6        0       0     224       427
 9:15 AM        30      0      4             0    0      34      1      177    12         0       0      190     1       0         0        0      2      1       1         195     35       0       0     231       456
 9:30 AM        21      0      3             0    2      24      8      188     8         0       0      204     0       0         2        0      0      2       0         136     20       0       0     156       386
 9:45 AM        11      0      3             0    0      14      1      134     6         0       0      141     1       0         1        0      0      2       2         158     4        0       0     164       321
Hourly Total    73      0     13             0    2      86      10     680    32         0       0      722     3       0         4        0      3      7       5         705     65       0       0     775       1590
 10:00 AM       2       0      0             0    1      2       7      128     5         0       0      140     2       0         1        0      0      3       9         116     6        0       0     131       276
 10:15 AM       1       0      2             0    0      3       1      116     1         0       0      118     8       0         2        0      0      10      2         103     4        0       0     109       240
 10:30 AM       2       0      0             0    3      2       3      124     7         0       0      134     11      0         2        0      0      13      3         112     1        0       0     116       265
 10:45 AM       2       0      2             0    0      4       2      107     3         0       0      112     8       0         3        0      1      11      3         125     3        0       0     131       258
Hourly Total    7       0      4             0    4      11      13     475    16         0       0      504     29      0         8        0      1      37      17        456     14       0       0     487       1039
 11:00 AM       5       0      0             0    1      5       0      112     1         0       0      113     5       0         7        0      0      12      6         127     4        0       0     137       267
 11:15 AM       2       2      1             0    2      5       4      146     2         0       0      152     8       0         2        0      0      10      0         153     4        0       0     157       324
 11:30 AM       7       0      1             0    0      8       1      161     5         0       0      167     4       0         3        0      3      7       3         163     6        0       0     172       354
 11:45 AM       1       2      4             0    3      7       3      147     5         0       0      155     9       0         2        0      0      11      4         175     2        0       0     181       354
Hourly Total    15      4      6             0    6      25      8      566    13         0       0      587     26      0        14        0      3      40      13        618     16       0       0     647       1299
 12:00 PM       2       0      4             0    0      6       2      168     8         0       0      178     4       0         7        0      1      11      6         160     6        0       0     172       367
 12:15 PM       2       0      2             0    0      4       3      190    17         0       0      210     3       1         4        0      0      8       6         180     21       0       0     207       429
 12:30 PM       18      0      1             0    1      19      2      221     3         0       1      226     6       0         4        0      0      10      3         148     17       0       0     168       423
 12:45 PM       6       0      2             0    2      8       4      194     4         0       0      202     4       0         2        0      0      6       4         154     3        0       0     161       377
Hourly Total    28      0      9             0    3      37      11     773    32         0       1      816     17      1        17        0      1      35      19        642     47       0       0     708       1596
 1:00 PM        7       0      2             0    0      9       2      185    14         0       1      201     5       0         2        0      0      7       4         148     9        0       0     161       378
 1:15 PM        5       0      2             0    0      7       3      191     9         0       1      203     4       0         2        0      0      6       4         129     12       0       0     145       361
 1:30 PM        6       0       2      0      0       8       0      174      6       0       0       180     10      0       6      0      0       16      2      147      5      0     0    154     358
 1:45 PM        7       1       0      0      0       8       5      151      3       0       0       159     7       0       8      0      0       15      3      151      3      0     0    157     339
Hourly Total    25      1       6      0      0       32      10     701      32      0       2       743     26      0       18     0      0       44      13     575      29     0     0    617    1436
 2:00 PM        0       0       2      0      0       2       1      154      6       0       0       161     1       0       13     0      2       14      2      142      7      0     0    151     328
 2:15 PM        1       0       1      0      1       2       1      158      3       0       0       162     6       0       3      0      0       9       3      167      8      0     0    178     351
 2:30 PM        7       1       3      0      0       11      4      145      7       0       0       156     9       0       1      0      0       10      1      169      15     0     0    185     362
 2:45 PM        6       0       1      0      1       7       12     205      10      0       0       227     3       0       3      0      0       6       1      201      14     0     0    216     456
Hourly Total    14      1       7      0      2       22      18     662      26      0       0       706     19      0       20     0      2       39      7      679      44     0     0    730    1497
 3:00 PM        47      0       14     0      3       61      2      157      7       0       0       166     6       0       3      0      1       9       9      205      3      0     0    217     453
 3:15 PM        87      0       31     0      0      118      0      186      4       0       0       190     8       0       3      0      0       11      4      190      6      0     0    200     519
 3:30 PM        10      0       3      0      2       13      1      195      6       0       0       202     10      0       4      0      0       14      5      201      6      0     0    212     441
 3:45 PM        4       0       0      0      0       4       4      213      12      0       0       229     13      0       6      0      0       19      6      176      5      0     0    187     439
Hourly Total   148      0       48     0      5      196      7      751      29      0       0       787     37      0       16     0      1       53      24     772      20     0     0    816    1852
 4:00 PM        23      0       2      0      0       25      1      192      12      0       0       205     6       0       2      0      1       8       8      211      6      0     0    225     463
 4:15 PM        12      0       2      0      0       14      1      187      7       0       1       195     6       0       4      0      1       10      4      182      5      0     0    191     410
 4:30 PM        12      0       2      0      1       14      2      189      9       0       0       200     3       0       4      0      0       7       5      181      11     0     0    197     418
 4:45 PM        10      0       1      0      0       11      0      204      9       0       0       213     7       0       5      0      0       12      5      211      29     0     0    245     481
Hourly Total    57      0       7      0      1       64      4      772      37      0       1       813     22      0       15     0      2       37      22     785      51     0     0    858    1772
 5:00 PM        22      1       4      0      3       27      0      195      8       0       0       203     8       0       12     0      1       20      4      224      21     0     0    249     499
 5:15 PM        9       0       0      0      1       9       0      211      4       0       0       215     13      0       19     0      0       32      4      234      8      0     0    246     502
 5:30 PM        8       0       2      0      0       10      0      254      9       0       0       263     1       0       10     0      3       11      4      201      6      0     0    211     495
 5:45 PM        4       0       0      0      0       4       0      257      17      0       0       274     4       0       4      0      1       8       4      246      10     0     0    260     546
Hourly Total    43      1       6      0      4       50      0      917      38      0       0       955     26      0       45     0      5       71      16     905      45     0     0    966    2042
 6:00 PM        39      0       3      0      0       42      1      249      20      0       0       270     3       0       0      0      3       3       9      199      6      0     0    214     529
 6:15 PM        7       0       3      0      0       10      0      227      14      0       2       241     8       0       3      0      2       11      15     186      6      0     0    207     469
 6:30 PM        1       0       0      0      0       1       6      171      11      0       0       188     4       0       3      0      0       7       6      211      5      0     0    222     418
 6:45 PM        1       0       1      0      0       2       6      161      10      0       0       177     8       0       4      0      0       12      5      177      29     0     0    211     402
Hourly Total    48      0       7      0      0       55      13     808      55      0       2       876     23      0       10     0      5       33      35     773      46     0     0    854    1818
 7:00 PM        0       0       0      0      0       0       4      150      11      0       0       165     10      0       2      0      0       12      4      141      12     0     0    157     334
 7:15 PM        0       0       0      0      0       0       0      117      3       0       0       120     8       0       7      0      0       15      7      142      11     0     0    160     295
 7:30 PM        1       0       1      0      0       2       1      132      3       0       0       136     11      0       10     0      0       21      2      122      2      0     0    126     285
 7:45 PM        0       0       0      0      0       0       0      114      3       0       0       117     21      0       25     0      0       46      2       99      0      0     0    101     264
Hourly Total    1       0       1      0      0       2       5      513      20      0       0       538     50      0       44     0      0       94      15     504      25     0     0    544    1178
 8:00 PM        2       0       0      0      0       2       0      116      5       0       0       121     4       0       5      0      0       9       1       92      0      0     0    93      225
 8:15 PM        3       0       0      0      0       3       1      111      1       0       0       113     2       0       1      0      0       3       1       87      0      0     0    88      207
 8:30 PM        7       0       4      0      0       11      0       95      1       1       0       97      7       0       1      0      0       8       0       74      0      0     0    74      190
 8:45 PM        5       0       2      0      0       7       0      109      0       0       0       109     14      0       3      0      0       17      1       96      1      0     0    98      231
Hourly Total    17      0       6      0      0       23      1      431      7       1       0       440     27      0       10     0      0       37      3      349      1      0     0    353     853
 9:00 PM        2       0       0      0      0       2       0      127      0       0       0       127     0       0       0      0      0       0       0       74      0      0     0    74      203
 9:15 PM        2       0       0      0      0       2       0       96      0       0       0       96      7       0       14     0      0       21      0       55      0      0     0    55      174
 9:30 PM        2       0       0      0      0       2       0       69      0       0       0       69      2       0       4      0      0       6       0       41      0      0     0    41      118
 9:45 PM        0       0       0      0      0       0       0       47      0       0       0       47      0       0       1      0      1       1       0       29      0      0     0    29      77
Hourly Total    6       0       0      0      0       6       0      339      0       0       0       339     9       0       19     0      1       28      0      199      0      0     0    199     572
Grand Total    707      7      195     0      33     909     130     9857    347      1       6      10335   319      1      241     0      29     561     194     9600    544     0     0   10338   22143
Approach %     77.8     0.8    21.5    0.0     -       -      1.3    95.4     3.4     0.0      -       -     56.9     0.2    43.0    0.0     -       -      1.9    92.9     5.3    0.0   -     -       -
  Total %       3.2     0.0     0.9    0.0     -      4.1     0.6    44.5     1.6     0.0      -     46.7     1.4     0.0     1.1    0.0     -      2.5     0.9    43.4     2.5    0.0   -   46.7      -
    Car        707      7      195     0       -     909     130     9857    347      1        -     10335   319      1      241     0       -     561     194     9600    544     0     -   10338   22143
  % Car        100.0   100.0   100.0    -      -     100.0   100.0   100.0   100.0   100.0     -     100.0   100.0   100.0   100.0    -      -     100.0   100.0   100.0   100.0    -    -   100.0   100.0
    Ped          -       -       -      -     33       -       -       -       -       -      6        -       -       -       -      -     29       -       -       -       -      -    0     -       -
  % Ped          -       -       -      -    100.0     -       -       -       -       -     100.0     -       -       -       -      -    100.0     -       -       -       -      -    -     -       -
                                                                     Town of Cary
                                                                  316 N. Academy St.                                                                                    Count Name: High House Rd at Bond Park Dr
                                                                    P.O. Box 8005                                                                                       Site Code:
                                                       Cary, North Carolina, United States 27513                                                                        Start Date: 11/09/2011
                                                        919.469.4030 tom.reilly@townofcary.org                                                                          Page No: 3




                                                                               PVT Ent [N]
                                                                     Out            In       Total
                                                                     675           909       1584
                                                                         0          0           0
                                                                     675           909       1584


                                                             707         7         195          0    0
                                                              0          0          0           0    33
                                                             707         7         195          0    33
                                                              R          T          L           U    P




                                                                                                          130


                                                                                                                 130
                                                U




                                                                                                           R
                                                0
                                                0
                                                0




                                                                                                           0
                            21143


                                        21143




                                                                                                                        10115


                                                                                                                                    10115
                    Total




                                                                                                          9857


                                                                                                                 9857
                                                544


                                                544




                                                                                                                                            Out
                                                                                                           T
                                    0




                                                 0


                                                 L




                                                                                                           0




                                                                                                                                0
High House Rd [W]




                                                                                                                                                    High House Rd [E]
                            10338


                                        10338




                                                                                                                        10335


                                                                                                                                    10335
                                                9600


                                                9600
                                                                   11/09/2011 6:00 AM




                                                                                                          347


                                                                                                                 347
                    In




                                                                                                                                            In
                                                 T
                                    0




                                                 0




                                                                                                           L

                                                                                                           0




                                                                                                                                0
                                                                   Ending At
                                                                   11/09/2011 10:00 PM
                            10805


                                        10805




                                                                                                                        20450


                                                                                                                                    20450
                                                                   Car




                                                                                                                                            Total
                                                194


                                                194
                    Out




                                                 R




                                                                                                          U
                                    0




                                                 0




                                                                                                          1
                                                                                                          0
                                                                                                                 1



                                                                                                                                0
                                                                   Ped
                                                P




                                                                                                          P
                                                0
                                                0
                                                0




                                                                                                          6
                                                                                                          6
                                                                                                                 0
                                                              U          L          T           R    P
                                                              0      241            1        319     0
                                                              0          0          0           0    29
                                                              0      241            1        319     29


                                                                     548           561       1109
                                                                         0          0           0
                                                                     548           561       1109
                                                                     Out            In       Total
                                                                             Bond Park Dr [S]



                                                       Turning Movement Data Plot
                                                                                                       Town of Cary
                                                                                                    316 N. Academy St.                                                        Count Name: High House Rd at Bond Park Dr
                                                                                                      P.O. Box 8005                                                           Site Code:
                                                                                         Cary, North Carolina, United States 27513                                            Start Date: 11/09/2011
                                                                                          919.469.4030 tom.reilly@townofcary.org                                              Page No: 4




                                                                         Turning Movement Peak Hour Data (7:30 AM)
                                   PVT Ent                                       High House Rd                                        Bond Park Dr                                      High House Rd
                              Southbound                                           Westbound                                           Northbound                                         Eastbound
Start Time                                               App.                                              App.                                               App.                                              App.
             Right   Thru    Left       U-Turn   Peds            Right   Thru    Left      U-Turn   Peds           Right   Thru      Left    U-Turn   Peds            Right      Thru   Left    U-Turn   Peds           Int. Total
                                                         Total                                             Total                                              Total                                             Total
 7:30 AM      48      0       18             0    1       66      2      171      1          0       0      174     0       0         0         0      1       0       1         245     11       0       0     257       497
 7:45 AM     126      0       29             0    0      155      2      163      1          0       0      166     0       0         1         0      0       1       0         260     16       0       0     276       598
 8:00 AM      23      0       15             0    1       38      6      140      2          0       0      148     1       0         0         0      1       1       0         175     8        0       0     183       370
 8:15 AM      5       0       1              0    0       6       6      176      1          0       0      183     1       0         0         0      0       1       2         160     24       0       0     186       376
  Total      202      0       63             0    2      265      16     650      5          0       0      671     2       0         1         0      2       3       3         840     59       0       0     902       1841
Approach %   76.2     0.0    23.8        0.0       -       -      2.4    96.9     0.7        0.0     -       -     66.7     0.0      33.3      0.0      -       -      0.3       93.1    6.5     0.0      -       -         -
 Total %     11.0     0.0     3.4        0.0       -     14.4     0.9    35.3     0.3        0.0     -     36.4     0.1     0.0       0.1      0.0      -      0.2     0.2       45.6    3.2     0.0      -     49.0        -
   PHF       0.401   0.000   0.543      0.000      -     0.427   0.667   0.923   0.625      0.000    -     0.917   0.500   0.000     0.250    0.000     -     0.750   0.375     0.808   0.615   0.000     -     0.817    0.770
   Car       202      0       63             0     -     265      16     650      5          0       -      671     2       0         1         0       -      3       3         840     59       0       -     902       1841
  % Car      100.0     -     100.0           -     -     100.0   100.0   100.0   100.0        -      -     100.0   100.0     -       100.0      -       -     100.0   100.0     100.0   100.0     -       -     100.0    100.0
   Ped         -       -       -             -    2        -       -       -       -          -      0       -       -       -         -        -      2        -       -         -       -       -       0       -         -
  % Ped        -       -       -             -   100.0     -       -       -       -          -      -       -       -       -         -        -     100.0     -       -         -       -       -       -       -         -
                                                                  Town of Cary
                                                               316 N. Academy St.                                                                               Count Name: High House Rd at Bond Park Dr
                                                                 P.O. Box 8005                                                                                  Site Code:
                                                    Cary, North Carolina, United States 27513                                                                   Start Date: 11/09/2011
                                                     919.469.4030 tom.reilly@townofcary.org                                                                     Page No: 5




                                                                            PVT Ent [N]
                                                                  Out            In       Total
                                                                   75           265       340
                                                                      0          0           0
                                                                   75           265       340


                                                          202         0         63           0    0
                                                           0          0          0           0    2
                                                          202         0         63           0    2
                                                           R          T          L           U    P




                                                                                                      16


                                                                                                            16
                                              U




                                                                                                      R
                                              0
                                              0
                                              0




                                                                                                       0
                                                               Peak Hour Data
                    Total
                            1755


                                       1755




                                                                                                      650


                                                                                                            650


                                                                                                                  905


                                                                                                                             905
                                                                                                                                    Out
                                              59


                                              59




                                                                                                       T
                                   0




                                               0


                                               L




                                                                                                       0




                                                                                                                         0
High House Rd [W]




                                                                                                                                            High House Rd [E]
                                                                11/09/2011 7:30 AM
                            902


                                       902


                                              840


                                              840




                                                                                                                  671


                                                                                                                             671
                    In




                                                                                                                                    In
                                               T
                                   0




                                               0




                                                                                                      L
                                                                                                      5
                                                                                                      0
                                                                                                            5



                                                                                                                         0
                                                                Ending At
                                                                11/09/2011 8:30 AM

                                                                Car




                                                                                                                  1576


                                                                                                                             1576
                                                                                                                                    Total
                            853


                                       853
                    Out




                                              R




                                                                                                      U
                                   0



                                              3
                                              0
                                              3




                                                                                                      0
                                                                                                      0
                                                                                                            0



                                                                                                                         0
                                                                Ped
                                              P




                                                                                                      P
                                              0
                                              0
                                              0




                                                                                                      0
                                                                                                      0
                                                                                                            0
                                                           U          L          T           R    P
                                                           0          1          0           2    0
                                                           0          0          0           0    2
                                                           0          1          0           2    2


                                                                      8          3         11
                                                                      0          0           0
                                                                      8          3         11
                                                                  Out            In       Total
                                                                          Bond Park Dr [S]



                                       Turning Movement Peak Hour Data Plot (7:30 AM)
                                                                                                       Town of Cary
                                                                                                    316 N. Academy St.                                                        Count Name: High House Rd at Bond Park Dr
                                                                                                      P.O. Box 8005                                                           Site Code:
                                                                                         Cary, North Carolina, United States 27513                                            Start Date: 11/09/2011
                                                                                          919.469.4030 tom.reilly@townofcary.org                                              Page No: 6




                                                                         Turning Movement Peak Hour Data (5:15 PM)
                                   PVT Ent                                       High House Rd                                        Bond Park Dr                                      High House Rd
                              Southbound                                           Westbound                                           Northbound                                         Eastbound
Start Time                                               App.                                              App.                                               App.                                              App.
             Right   Thru    Left       U-Turn   Peds            Right   Thru    Left      U-Turn   Peds           Right   Thru      Left    U-Turn   Peds            Right      Thru   Left    U-Turn   Peds           Int. Total
                                                         Total                                             Total                                              Total                                             Total
 5:15 PM      9       0       0              0    1       9       0      211      4          0       0      215     13      0         19        0      0       32      4         234     8        0       0     246       502
 5:30 PM      8       0       2              0    0       10      0      254      9          0       0      263     1       0         10        0      3       11      4         201     6        0       0     211       495
 5:45 PM      4       0       0              0    0       4       0      257      17         0       0      274     4       0         4         0      1       8       4         246     10       0       0     260       546
 6:00 PM      39      0       3              0    0       42      1      249      20         0       0      270     3       0         0         0      3       3       9         199     6        0       0     214       529
  Total       60      0       5              0    1       65      1      971      50         0       0     1022     21      0         33        0      7       54      21        880     30       0       0     931       2072
Approach %   92.3     0.0     7.7        0.0       -       -      0.1    95.0     4.9        0.0     -       -     38.9     0.0      61.1      0.0      -       -      2.3       94.5    3.2     0.0      -       -         -
 Total %      2.9     0.0     0.2        0.0       -      3.1     0.0    46.9     2.4        0.0     -     49.3     1.0     0.0       1.6      0.0      -      2.6     1.0       42.5    1.4     0.0      -     44.9        -
   PHF       0.385   0.000   0.417      0.000      -     0.387   0.250   0.945   0.625      0.000    -     0.932   0.404   0.000     0.434    0.000     -     0.422   0.583     0.894   0.750   0.000     -     0.895    0.949
   Car        60      0       5              0     -      65      1      971      50         0       -     1022     21      0         33        0       -      54      21        880     30       0       -     931       2072
  % Car      100.0     -     100.0           -     -     100.0   100.0   100.0   100.0        -      -     100.0   100.0     -       100.0      -       -     100.0   100.0     100.0   100.0     -       -     100.0    100.0
   Ped         -       -       -             -    1        -       -       -       -          -      0       -       -       -         -        -      7        -       -         -       -       -       0       -         -
  % Ped        -       -       -             -   100.0     -       -       -       -          -      -       -       -       -         -        -     100.0     -       -         -       -       -       -       -         -
                                                                  Town of Cary
                                                               316 N. Academy St.                                                                               Count Name: High House Rd at Bond Park Dr
                                                                 P.O. Box 8005                                                                                  Site Code:
                                                    Cary, North Carolina, United States 27513                                                                   Start Date: 11/09/2011
                                                     919.469.4030 tom.reilly@townofcary.org                                                                     Page No: 7




                                                                            PVT Ent [N]
                                                                  Out            In       Total
                                                                   31           65         96
                                                                      0          0           0
                                                                   31           65         96


                                                           60         0          5           0    0
                                                           0          0          0           0    1
                                                           60         0          5           0    1
                                                           R          T          L           U    P




                                              U




                                                                                                      R
                                              0
                                              0
                                              0




                                                                                                      1
                                                                                                      0
                                                                                                            1
                                                               Peak Hour Data
                    Total
                            1995


                                       1995




                                                                                                      971


                                                                                                            971


                                                                                                                  906


                                                                                                                             906
                                                                                                                                    Out
                                              30


                                              30




                                                                                                       T
                                   0




                                               0


                                               L




                                                                                                       0




                                                                                                                         0
High House Rd [W]




                                                                                                                                            High House Rd [E]
                                                                                                                  1022


                                                                                                                             1022
                                                                11/09/2011 5:15 PM
                            931


                                       931


                                              880


                                              880




                                                                                                      50


                                                                                                            50
                    In




                                                                                                                                    In
                                               T
                                   0




                                               0




                                                                                                       L

                                                                                                       0




                                                                                                                         0
                                                                Ending At
                                                                11/09/2011 6:15 PM

                                                                Car
                            1064


                                       1064




                                                                                                                  1928


                                                                                                                             1928
                                                                                                                                    Total
                    Out




                                              21


                                              21
                                              R




                                                                                                      U
                                   0




                                               0




                                                                                                      0
                                                                                                      0
                                                                                                            0



                                                                                                                         0
                                                                Ped
                                              P




                                                                                                      P
                                              0
                                              0
                                              0




                                                                                                      0
                                                                                                      0
                                                                                                            0
                                                           U          L          T           R    P
                                                           0       33            0         21     0
                                                           0          0          0           0    7
                                                           0       33            0         21     7


                                                                   71           54        125
                                                                      0          0           0
                                                                   71           54        125
                                                                  Out            In       Total
                                                                          Bond Park Dr [S]



                                       Turning Movement Peak Hour Data Plot (5:15 PM)
              Town of Cary
           316 N. Academy St.               Count Name: High House Rd at Bond Park Dr
             P.O. Box 8005                  Site Code:
Cary, North Carolina, United States 27513   Start Date: 11/09/2011
 919.469.4030 tom.reilly@townofcary.org     Page No: 8
