                                                                                  Town of Cary                                                   Count Name: Jones Franklin Rd
                                                                          316 N. Academy St.                                                     at Crossroads Blvd
                                                                            P.O. Box 8005                                                        Site Code:
                                                               Cary, North Carolina, United States 27513                                         Start Date: 10/31/2013
                                                                             919.469.4030                                                        Page No: 1



                                                                     Turning Movement Data
                       Jones Franklin Rd                       Crossroads Crest Way                      Jones Franklin Rd                           Crossroads Blvd
                             Southbound                               Westbound                                Northbound                                 Eastbound
Start Time                                      App.                                     App.                                     App.                                       App.     Int.
               Left   Thru     Right   U-Turn           Left   Thru     Right   U-Turn           Left   Thru     Right   U-Turn           Left     Thru     Right   U-Turn
                                                Total                                    Total                                    Total                                      Total   Total
 6:00 AM        0     10         1        0      11      1      0         5        0      6       0     52         0        0      52      3        0        0        0       3       72
 6:15 AM        1     15         1        0      17      1      0         9        0      10      4     87         1        0      92      1        0        4        0       5      124
 6:30 AM        0     23         5        0      28      1      1        10        0      12      4     101        1        0     106     11        0        4        0       15     161
 6:45 AM        1     49         9        0      59      0      1        11        0      12      7     145        1        0     153     13        0        14       0       27     251
Hourly Total    2     97        16        0     115      3      2        35        0      40     15     385        3        0     403     28        0        22       0       50     608
 7:00 AM        0     52         7        0      59      0      4         7        0      11      6     174        0        0     180     16        0        9        0       25     275
 7:15 AM        0     86        11        0      97      3      2        12        0      17     14     235        0        0     249     15        1        17       0       33     396
 7:30 AM        3     120        4        0     127      1      2        10        0      13     10     268        1        0     279     24        2        14       0       40     459
 7:45 AM        2     156       11        0     169      6      3        16        0      25     10     252        1        0     263     22        0        26       0       48     505
Hourly Total    5     414       33        0     452     10      11       45        0      66     40     929        2        0     971     77        3        66       0      146     1635
 8:00 AM        1     111       17        0     129      6      4        18        0      28      8     249        1        0     258     34        0        16       0       50     465
 8:15 AM        1     148       14        0     163      2      2         8        0      12     22     262        1        0     285     20        0        24       0       44     504
 8:30 AM        2     125       30        0     157      5      1         7        0      13     22     235        3        0     260     24        0        26       0       50     480
 8:45 AM        2     105       11        0     118      5      4         8        0      17     19     185        2        0     206     25        1        15       0       41     382
Hourly Total    6     489       72        0     567     18      11       41        0      70     71     931        7        0     1009    103       1        81       0      185     1831
 9:00 AM        1     95        20        0     116      6      0        10        0      16     19     183        6        0     208     21        0        16       0       37     377
 9:15 AM        1     61        18        0      80      2      3        11        0      16     17     124        3        0     144     23        1        10       0       34     274
 9:30 AM        1     65        15        0      81      1      2         4        0      7      20     116        1        0     137     15        1        22       0       38     263
 9:45 AM        3     80        18        0     101      2      5        10        0      17     23     119        2        0     144     18        1        25       0       44     306
Hourly Total    6     301       71        0     378     11      10       35        0      56     79     542       12        0     633     77        3        73       0      153     1220
 10:00 AM       3     72        21        0      96      2      1         3        0      6      27     91         0        0     118     18        2        14       0       34     254
 10:15 AM       1     69         9        0      79      2      2         3        0      7      20     87         0        0     107     15        1        20       1       37     230
 10:30 AM       4     72        32        0     108      3      4         1        0      8      21     103        2        0     126     19        2        21       0       42     284
 10:45 AM       3     62        31        0      96      3      0         7        0      10     27     101        1        0     129     23        1        24       0       48     283
Hourly Total   11     275       93        0     379     10      7        14        0      31     95     382        3        0     480     75        6        79       1      161     1051
 11:00 AM       2     72        26        0     100      0      3         3        0      6      20     78         0        0      98     23        1        38       0       62     266
 11:15 AM       2     91        20        0     113      0      0         6        0      6      27     101        0        0     128     23        2        27       1       53     300
 11:30 AM       4     109       48        0     161      2      3         2        0      7      28     94         5        0     127     26        3        29       0       58     353
 11:45 AM       3     129       44        0     176      4      3         4        0      11     37     96         5        0     138     35        1        38       0       74     399
Hourly Total   11     401       138       0     550      6      9        15        0      30     112    369       10        0     491     107       7       132       1      247     1318
 12:00 PM       3     111       54        0     168      4      1         4        0      9      38     98         1        0     137     38        1        50       1       90     404
 12:15 PM       8     114       52        0     174      1      1         0        0      2      20     106        2        0     128     46        3        49       0       98     402
 12:30 PM       1     111       49        0     161      3      4         1        0      8      44     111        1        0     156     47        2        65       0      114     439
 12:45 PM       5     119       35        0     159      3      2         4        0      9      27     111        2        0     140     51        4        67       0      122     430
Hourly Total   17     455       190       0     662     11      8         9        0      28     129    426        6        0     561     182       10      231       1      424     1675
 1:00 PM        4     99        49        0     152      2      3         3        0      8      33     105        4        0     142     46        2        58       0      106     408
 1:15 PM        3     106       25        0     134      1      4         7        0      12     35     114        7        0     156     63        2        58       0      123     425
 1:30 PM        7     97        40        0     144      1      3         5        0      9      34     132        4        0     170     35        2        53       1       91     414
 1:45 PM        1     98        30        0     129      3      1         6        0      10     21     115        2        0     138     45        2        55       0      102     379
Hourly Total   15     400       144       0     559      7      11       21        0      39     123    466       17        0     606     189       8       224       1      422     1626
 2:00 PM        1     98        32        0     131      1      0         3        0      4      14     86         2        0     102     35        1        58       0       94     331
 2:15 PM        3     94        28        0     125      4      0         5        0      9      22     85         2        0     109     36        1        53       0       90     333
 2:30 PM        5     121       34        0     160      0      2         6        0      8      31     92         2        0     125     26        1        50       0       77     370
 2:45 PM        5     132       40        0     177      3      3         0        0      6      27     72         2        0     101     28        2        59       1       90     374
Hourly Total   14     445       134       0     593      8      5        14        0      27     94     335        8        0     437     125       5       220       1      351     1408
 3:00 PM        8     148       29        0     185      1      2         5        0      8      22     94         8        0     124     28        2        56       0       86     403
 3:15 PM        8     141       28        0     177      1      1         4        0      6      29     101        6        0     136     27        3        53       2       85     404
 3:30 PM        8     133       25        0     166      4      2         3        0      9      23     108        2        0     133     23        2        44       0       69     377
 3:45 PM        7     138       41        0     186      2      3         2        0      7      35     140        4        0     179     32        3        56       0       91     463
Hourly Total   31     560       123       0     714      8      8        14        0      30     109    443       20        0     572     110       10      209       2      331     1647
 4:00 PM        9     164       43        0     216      3      3         4        0      10     35     141        3        0     179     21        3        61       0       85     490
 4:15 PM        8     176       43        0     227      4      2         4        0      10     41     131        3        0     175     36        4        43       0       83     495
 4:30 PM        6     215       34        0     255      2      5         8        0      15     40     133        5        0     178     32        5        63       0      100     548
 4:45 PM       13     195       50        0     258      4      7         4        0      15     37     118        5        0     160     28        3        75       1      107     540
Hourly Total   36     750       170       0     956     13      17       20        0      50     153    523       16        0     692     117       15      242       1      375     2073
 5:00 PM        9     216       45        0     270      1      2         2        0      5      37     137       14        0     188     34        4        75       0      113     576
 5:15 PM        3     201       54        0     258      2      2         4        0      8      41     121       10        0     172     37        11       85       0      133     571
 5:30 PM        6     170       60        1     237      2      3         5        0      10     53     92        11        0     156     46        6        91       0      143     546
 5:45 PM       11     173       53        0     237      4      3         4        0      11     51     116        5        0     172     38        4        77       1      120     540
Hourly Total   29     760       212       1     1002     9      10       15        0      34     182    466       40        0     688     155       25      328       1      509     2233
 6:00 PM       14     152       37        0     203      5      8        11        0      24     34     99         6        0     139     38        8        81       0      127     493
 6:15 PM        5     124       30        0     159      1      5         6        0      12     29     94         8        0     131     47        4        84       0      135     437
 6:30 PM        11      93      28      0      132      5       3       3      0      11      32      83      10     0     125      28      2       56      0       86      354
 6:45 PM        5       84      23      0      112      4       3       8      0      15      22      67      8      0      97      30      6       59      0       95      319
Hourly Total    35     453     118      0      606      15      19      28     0      62     117     343      32     0     492     143      20     280      0      443     1603
 7:00 PM        3       81      23      0      107      2       2       2      0      6       26      62      6      0      94      24      5       45      0       74      281
 7:15 PM        7       87      19      0      113      8       3       4      0      15      28      69      10     0     107      23      6       43      0       72      307
 7:30 PM        4       69      18      0       91      2       2       5      0      9       25      66      6      0      97      30      5       50      0       85      282
 7:45 PM        6       67      21      0       94      6       5       6      0      17      13      63      7      0      83      27      6       41      1       75      269
Hourly Total    20     304      81      0      405      18      12      17     0      47      92     260      29     0     381     104      22     179      1      306     1139
 8:00 PM        4       59      17      0       80      4       2       3      0      9       15      56      7      0      78      19      1       35      0       55      222
 8:15 PM        8       49      13      0       70      2       2       2      0      6       18      57      5      0      80      16      6       28      0       50      206
 8:30 PM        7       51      8       0       66      5       2       2      0      9       17      53      10     0      80      21      3       28      0       52      207
 8:45 PM        7       64      12      0       83      1       3       1      0      5       12      51      9      0      72      17      3       26      0       46      206
Hourly Total    26     223      50      0      299      12      9       8      0      29      62     217      31     0     310      73      13     117      0      203      841
 9:00 PM        5       48      11      0       64      1       1       7      0      9       6       54      6      0      66      15      3       20      0       38      177
 9:15 PM        9       59      6       0       74      3       3       1      0      7       4       59      10     0      73      12      3       23      0       38      192
 9:30 PM        8       57      7       0       72      0       1       2      0      3       8       61      10     0      79      10      2       12      0       24      178
 9:45 PM        4       35      11      0       50      1       1       6      0      8       2       40      4      0      46      6       3       16      0       25      129
Hourly Total    26     199      35      0      260      5       6       16     0      27      20     214      30     0     264      43      11      71      0      125      676
 10:00 PM       0       2       0       0       2       0       0       0      0      0       0       0       0      0      0       1       0       0       0       1       3
Grand Total    290     6528    1680     1      8499    164     155     347     0     666     1493    7231    266     0     8990    1709    159     2554     10     4432    22587
Approach %      3.4    76.8    19.8     0.0      -     24.6    23.3    52.1    0.0     -     16.6    80.4     3.0    0.0     -     38.6     3.6    57.6     0.2      -       -
  Total %       1.3    28.9     7.4     0.0    37.6     0.7     0.7     1.5    0.0    2.9     6.6    32.0     1.2    0.0   39.8     7.6     0.7    11.3     0.0    19.6      -
    Car        290     6528    1680     1      8499    164     155     347     0     666     1493    7231    266     0     8990    1709    159     2554     10     4432    22587
  % Car        100.0   100.0   100.0   100.0   100.0   100.0   100.0   100.0    -    100.0   100.0   100.0   100.0    -    100.0   100.0   100.0   100.0   100.0   100.0   100.0
                                                                  Town of Cary                           Count Name: Jones Franklin Rd
                                                              316 N. Academy St.                         at Crossroads Blvd
                                                                P.O. Box 8005                            Site Code:
                                                   Cary, North Carolina, United States 27513             Start Date: 10/31/2013
                                                                 919.469.4030                            Page No: 3




                                                                 Jones Franklin Rd [N]
                                                                 Out          In         Total
                                                               9288         8499        17787
                                                               9288         8499        17787


                                                          1680         6528        290           1
                                                          1680         6528        290           1
                                                           R            T           L            U




                                                                                                       347
                                                                                                       347
                                            10
                                            10
                                            U




                                                                                                        R




                                                                                                                                   Crossroads Crest Way [E]
                      Total
                              7770
                                     7770




                                                                                                             715
                                                                                                                    715
                                                                                                                           Out
Crossroads Blvd [W]




                                            1709
                                            1709




                                                                                                       155
                                                                                                       155
                                                                                                        T
                                             L
                              4432
                                     4432




                                                            10/31/2013 6:00 AM




                                                                                                             666
                                                                                                                    666
                      In




                                                                                                                           In
                                                            Ending At
                                                            10/31/2013 10:15 PM
                                            159
                                            159




                                                                                                       164
                                                                                                       164
                                             T




                                                                                                        L
                                                            Car
                              3338
                                     3338




                                                                                                             1381
                                                                                                                    1381
                                                                                                                           Total
                      Out




                                            2554
                                            2554
                                             R




                                                                                                       U
                                                                                                       0
                                                                                                       0




                                                           U            L           T            R
                                                           0           1493        7231          266
                                                           0           1493        7231          266


                                                               9246         8990        18236
                                                               9246         8990        18236
                                                                 Out          In         Total
                                                                 Jones Franklin Rd [S]


                                                   Turning Movement Data Plot
                                                                                   Town of Cary                                                     Count Name: Jones Franklin Rd
                                                                          316 N. Academy St.                                                        at Crossroads Blvd
                                                                            P.O. Box 8005                                                           Site Code:
                                                               Cary, North Carolina, United States 27513                                            Start Date: 10/31/2013
                                                                             919.469.4030                                                           Page No: 4




                                               Turning Movement Peak Hour Data (7:45 AM)
                       Jones Franklin Rd                       Crossroads Crest Way                          Jones Franklin Rd                          Crossroads Blvd
                            Southbound                                 Westbound                                  Northbound                                  Eastbound
Start Time                                     App.                                        App.                                      App.                                         App.     Int.
             Left    Thru     Right   U-Turn           Left    Thru      Right   U-Turn            Left    Thru     Right   U-Turn           Left     Thru      Right   U-Turn
                                               Total                                       Total                                     Total                                        Total   Total
 7:45 AM      2      156       11        0     169      6       3         16        0       25      10     252        1        0     263      22       0         26        0       48     505
 8:00 AM      1      111       17        0     129      6       4         18        0       28      8      249        1        0     258      34       0         16        0       50     465
 8:15 AM      1      148       14        0     163      2       2          8        0       12      22     262        1        0     285      20       0         24        0       44     504
 8:30 AM      2      125       30        0     157      5       1          7        0       13      22     235        3        0     260      24       0         26        0       50     480
  Total       6      540       72        0     618      19      10        49        0       78      62     998        6        0     1066    100       0         92        0      192     1954
Approach %    1.0    87.4      11.7      0.0     -     24.4    12.8      62.8       0.0      -      5.8    93.6      0.6       0.0     -     52.1      0.0      47.9       0.0      -       -
 Total %      0.3    27.6      3.7       0.0   31.6     1.0     0.5       2.5       0.0     4.0     3.2    51.1      0.3       0.0   54.6     5.1      0.0       4.7       0.0     9.8      -
   PHF       0.750   0.865    0.600   0.000    0.914   0.792   0.625     0.681     0.000   0.696   0.705   0.952    0.500   0.000    0.935   0.735    0.000     0.885     0.000   0.960   0.967
   Car        6      540       72        0     618      19      10        49        0       78      62     998        6        0     1066    100       0         92        0      192     1954
  % Car      100.0   100.0    100.0       -    100.0   100.0   100.0     100.0       -     100.0   100.0   100.0    100.0       -    100.0   100.0      -       100.0       -     100.0   100.0
                                                                   Town of Cary                         Count Name: Jones Franklin Rd
                                                               316 N. Academy St.                       at Crossroads Blvd
                                                                 P.O. Box 8005                          Site Code:
                                                    Cary, North Carolina, United States 27513           Start Date: 10/31/2013
                                                                  919.469.4030                          Page No: 5




                                                                 Jones Franklin Rd [N]
                                                                 Out           In          Total
                                                                 1147         618          1765
                                                                 1147         618          1765


                                                            72          540          6             0
                                                            72          540          6             0
                                                            R           T            L             U




                                                                                                       49
                                                                                                       49
                                          U




                                                                                                       R
                                          0
                                          0




                                                          Peak Hour Data




                                                                                                                              Crossroads Crest Way [E]
                      Total
                              336
                                    336




                                                                                                                      Out
                                                                                                            12
                                                                                                                 12
Crossroads Blvd [W]




                                          100
                                          100




                                                                                                       10
                                                                                                       10
                                                                                                       T
                                           L




                                                             10/31/2013 7:45 AM
                              192
                                    192




                                                                                                            78
                                                                                                                 78
                      In




                                                                                                                      In
                                                             Ending At
                                                             10/31/2013 8:45 AM




                                                                                                       19
                                                                                                       19
                                          T
                                          0
                                          0




                                                                                                        L
                                                             Car




                                                                                                                      Total
                              144
                                    144
                      Out




                                                                                                            90
                                                                                                                 90
                                          92
                                          92
                                          R




                                                                                                       U
                                                                                                       0
                                                                                                       0




                                                            U           L            T             R
                                                            0           62           998           6
                                                            0           62           998           6


                                                                 651          1066         1717
                                                                 651          1066         1717
                                                                 Out           In          Total
                                                                 Jones Franklin Rd [S]


                                           Turning Movement Peak Hour Data Plot (7:45 AM)
                                                                                   Town of Cary                                                     Count Name: Jones Franklin Rd
                                                                          316 N. Academy St.                                                        at Crossroads Blvd
                                                                            P.O. Box 8005                                                           Site Code:
                                                               Cary, North Carolina, United States 27513                                            Start Date: 10/31/2013
                                                                             919.469.4030                                                           Page No: 6




                                               Turning Movement Peak Hour Data (4:30 PM)
                       Jones Franklin Rd                       Crossroads Crest Way                          Jones Franklin Rd                          Crossroads Blvd
                            Southbound                                 Westbound                                  Northbound                                  Eastbound
Start Time                                     App.                                        App.                                      App.                                         App.     Int.
             Left    Thru     Right   U-Turn           Left    Thru      Right   U-Turn            Left    Thru     Right   U-Turn           Left     Thru      Right   U-Turn
                                               Total                                       Total                                     Total                                        Total   Total
 4:30 PM      6      215       34        0     255      2       5          8        0       15      40     133        5        0     178      32       5         63        0      100     548
 4:45 PM      13     195       50        0     258      4       7          4        0       15      37     118        5        0     160      28       3         75        1      107     540
 5:00 PM      9      216       45        0     270      1       2          2        0       5       37     137       14        0     188      34       4         75        0      113     576
 5:15 PM      3      201       54        0     258      2       2          4        0       8       41     121       10        0     172      37       11        85        0      133     571
  Total       31     827       183       0     1041     9       16        18        0       43     155     509       34        0     698     131       23       298        1      453     2235
Approach %    3.0    79.4      17.6      0.0     -     20.9    37.2      41.9       0.0      -     22.2    72.9      4.9       0.0     -     28.9      5.1      65.8       0.2      -       -
 Total %      1.4    37.0      8.2       0.0   46.6     0.4     0.7       0.8       0.0     1.9     6.9    22.8      1.5       0.0   31.2     5.9      1.0      13.3       0.0    20.3      -
   PHF       0.596   0.957    0.847   0.000    0.964   0.563   0.571     0.563     0.000   0.717   0.945   0.929    0.607   0.000    0.928   0.885    0.523     0.876     0.250   0.852   0.970
   Car        31     827       183       0     1041     9       16        18        0       43     155     509       34        0     698     131       23       298        1      453     2235
  % Car      100.0   100.0    100.0       -    100.0   100.0   100.0     100.0       -     100.0   100.0   100.0    100.0       -    100.0   100.0    100.0     100.0     100.0   100.0   100.0
                                                                   Town of Cary                          Count Name: Jones Franklin Rd
                                                               316 N. Academy St.                        at Crossroads Blvd
                                                                 P.O. Box 8005                           Site Code:
                                                    Cary, North Carolina, United States 27513            Start Date: 10/31/2013
                                                                  919.469.4030                           Page No: 7




                                                                 Jones Franklin Rd [N]
                                                                 Out           In          Total
                                                                 658          1041         1699
                                                                 658          1041         1699


                                                           183          827          31            0
                                                           183          827          31            0
                                                            R           T            L             U




                                                                                                        18
                                                                                                        18
                                          U




                                                                                                        R
                                          1
                                          1




                                                          Peak Hour Data




                                                                                                                                 Crossroads Crest Way [E]
                      Total
                              808
                                    808




                                                                                                                         Out
                                                                                                             88
                                                                                                                   88
Crossroads Blvd [W]




                                          131
                                          131




                                                                                                        16
                                                                                                        16
                                                                                                        T
                                           L




                                                             10/31/2013 4:30 PM
                              453
                                    453




                                                                                                             43
                                                                                                                   43
                      In




                                                                                                                         In
                                                             Ending At
                                                             10/31/2013 5:30 PM
                                          23
                                          23
                                          T




                                                                                                        L
                                                                                                        9
                                                                                                        9
                                                             Car




                                                                                                                         Total
                              355
                                    355




                                                                                                             131
                                                                                                                   131
                      Out




                                          298
                                          298
                                           R




                                                                                                        U
                                                                                                        0
                                                                                                        0




                                                            U           L            T             R
                                                            0           155          509           34
                                                            0           155          509           34


                                                                 1134         698          1832
                                                                 1134         698          1832
                                                                 Out           In          Total
                                                                 Jones Franklin Rd [S]


                                           Turning Movement Peak Hour Data Plot (4:30 PM)
            Town of Cary                    Count Name: Jones Franklin Rd
           316 N. Academy St.               at Crossroads Blvd
             P.O. Box 8005                  Site Code:
Cary, North Carolina, United States 27513   Start Date: 10/31/2013
              919.469.4030                  Page No: 8
