                                                                                      Town of Cary                                                   Count Name: Maynard Rd at
                                                                              316 N. Academy St.                                                     Griffis St_Wicklow Dr
                                                                                P.O. Box 8005                                                        Site Code:
                                                                   Cary, North Carolina, United States 27513                                         Start Date: 05/16/2013
                                                                                 919.469.4030                                                        Page No: 1



                                                                         Turning Movement Data
                              Griffis St                                  Maynard Rd                               Wicklow Dr                                 Maynard Rd
                             Southbound                                   Westbound                                Northbound                                 Eastbound
Start Time                                          App.                                     App.                                     App.                                       App.     Int.
               Left   Thru     Right       U-Turn           Left   Thru     Right   U-Turn           Left   Thru     Right   U-Turn           Left     Thru     Right   U-Turn
                                                    Total                                    Total                                    Total                                      Total   Total
 6:00 AM        3      0          2          0       5       1      28        0        0      29      6      1         1        0      8       1        52        3        0      56      98
 6:15 AM        1      1          1          0       3       0      43        2        0      45     12      1         5        0      18      2        46        5        0      53     119
 6:30 AM        6      1          5          0       12      0      65        0        0      65     15      6         2        0      23      5       103        3        0     111     211
 6:45 AM        6      2          5          0       13      1      93        1        0      95     11      3         8        0      22     11       142        1        0     154     284
Hourly Total   16      4         13          0       33      2     229        3        0     234     44     11        16        0      71     19       343       12        0     374     712
 7:00 AM        6      0          5          0       11      4     153        6        0     163     16      2         4        0      22     12       217        5        0     234     430
 7:15 AM        6      0          8          0       14      2     182        2        0     186     13      4         3        0      20     12       174        5        0     191     411
 7:30 AM        4      1          7          0       12      0     152        3        0     155     12      3         2        0      17     19       252        6        0     277     461
 7:45 AM        3      5          7          0       15      0     206        4        0     210     24      2         1        0      27     19       258        5        0     282     534
Hourly Total   19      6         27          0       52      6     693       15        0     714     65     11        10        0      86     62       901       21        0     984     1836
 8:00 AM        5      1          7          0       13      3     155        3        0     161     44      5         7        0      56     11       270        4        0     285     515
 8:15 AM        5      1         12          0       18      2     154        4        0     160     30      6         5        0      41      8       241        7        0     256     475
 8:30 AM        5      1         10          0       16      0     166        6        0     172     11      4         6        0      21     14       209        8        0     231     440
 8:45 AM        4      2          9          0       15      0     176        4        0     180      8      1         6        0      15      9       234        7        0     250     460
Hourly Total   19      5         38          0       62      5     651       17        0     673     93     16        24        0     133     42       954       26        0     1022    1890
 9:00 AM        1      1          3          0       5       3     135        5        0     143      6      6         7        0      19     16       192        5        0     213     380
 9:15 AM       10      1          6          0       17      1     121        6        0     128      6      1         7        0      14     18       171        7        0     196     355
 9:30 AM        7      2         23          0       32      3     133        3        0     139      4      0         5        0      9      13       138        2        0     153     333
 9:45 AM        8      0          7          0       15      1     138        5        0     144      5      1         0        0      6       6       171        4        0     181     346
Hourly Total   26      4         39          0       69      8     527       19        0     554     21      8        19        0      48     53       672       18        0     743     1414
 10:00 AM       2      3          5          0       10      3     101        3        0     107      7      1         5        0      13     13       156        3        0     172     302
 10:15 AM       7      0          6          0       13      2     116        3        0     121     14      5         8        0      27     13       143        4        0     160     321
 10:30 AM       6      1          7          0       14      3     124        2        0     129     12      3         2        0      17      6       152        7        0     165     325
 10:45 AM       3      2          5          0       10      3     116        2        0     121     18      0         2        0      20      8       146        2        0     156     307
Hourly Total   18      6         23          0       47     11     457       10        0     478     51      9        17        0      77     40       597       16        0     653     1255
 11:00 AM       8      5          4          0       17      4     106        1        0     111     19      3         3        0      25      9       156        5        0     170     323
 11:15 AM       2      5          6          0       13      1     107        3        0     111      6      1         2        0      9       7       152        6        0     165     298
 11:30 AM       4      3          7          0       14      4     157        6        0     167     15      3         1        0      19      8       163        5        0     176     376
 11:45 AM       3      1          8          0       12      0     168        4        0     172      5      2         6        0      13     11       171        6        0     188     385
Hourly Total   17     14         25          0       56      9     538       14        0     561     45      9        12        0      66     35       642       22        0     699     1382
 12:00 PM       5      0          8          0       13      5     184       11        0     200      7      3         4        0      14     11       174        8        0     193     420
 12:15 PM       5      3         11          0       19      3     154       10        0     167      7      1         5        0      13     16       175        8        0     199     398
 12:30 PM       5      3         18          0       26      1     148        3        1     153      6      2         6        0      14      6       183        6        0     195     388
 12:45 PM      12      2         17          0       31      2     198        6        0     206      7      3         4        0      14      3       189        7        0     199     450
Hourly Total   27      8         54          0       89     11     684       30        1     726     27      9        19        0      55     36       721       29        0     786     1656
 1:00 PM        6      2         14          0       22      4     154        6        0     164      9      2         5        0      16     13       162       13        0     188     390
 1:15 PM        5      3         14          0       22      3     146        4        0     153      3      0         4        0      7       6       151       12        0     169     351
 1:30 PM        6      2         10          0       18      3     147        4        0     154      4      4         5        0      13     10       163       12        0     185     370
 1:45 PM        4      3          5          0       12      3     154        5        0     162     11      3         0        0      14     10       155        8        0     173     361
Hourly Total   21     10         43          0       74     13     601       19        0     633     27      9        14        0      50     39       631       45        0     715     1472
 2:00 PM        7      0          2          0       9       1     130        6        0     137     11      0         2        0      13     10       178       14        0     202     361
 2:15 PM        5      3         11          0       19      2     171        1        0     174      9      2         2        0      13      7       201       10        0     218     424
 2:30 PM        7      0          7          0       14      4     206        4        0     214     10      1         1        0      12      8       217       17        0     242     482
 2:45 PM        6      1          9          0       16      3     203        7        1     214     16      3         3        0      22     10       269       17        0     296     548
Hourly Total   25      4         29          0       58     10     710       18        1     739     46      6         8        0      60     35       865       58        0     958     1815
 3:00 PM        4      5         17          0       26      4     212        6        0     222     36      3         4        0      43      8       229       17        0     254     545
 3:15 PM        6      6          4          0       16      7     203        6        0     216     18      8         4        0      30      9       182       11        0     202     464
 3:30 PM        6      4         12          0       22      4     195        3        0     202     13      1         7        0      21      9       206        9        1     225     470
 3:45 PM        5      3          9          0       17      2     184        7        0     193      8      2         4        0      14     10       215       17        0     242     466
Hourly Total   21     18         42          0       81     17     794       22        0     833     75     14        19        0     108     36       832       54        1     923     1945
 4:00 PM        6      6         12          0       24      6     193        3        0     202     15      0         6        0      21      9       223       19        0     251     498
 4:15 PM        6      6         17          0       29      5     190        5        0     200     10      2         5        0      17     11       224       19        0     254     500
 4:30 PM        6      3         22          0       31      3     183       10        0     196     17      5         7        0      29      9       208       11        0     228     484
 4:45 PM        4      2         21          0       27      4     202        5        0     211      8      1         7        0      16     18       220       10        0     248     502
Hourly Total   22     17         72          0      111     18     768       23        0     809     50      8        25        0      83     47       875       59        0     981     1984
 5:00 PM        9      2         23          0       34      4     257        5        0     266     18      3         4        0      25     11       247       15        0     273     598
 5:15 PM        6      5          9          0       20      3     289        9        0     301     15      0         8        0      23     14       251       15        0     280     624
 5:30 PM        8      4         12          0       24      3     279        6        0     288     11      0         2        0      13     19       269       12        0     300     625
 5:45 PM        4      4         11          0       19      3     275        8        0     286     13      1         2        0      16     12       260       17        0     289     610
Hourly Total   27     15         55          0       97     13     1100      28        0     1141    57      4        16        0      77     56       1027      59        0     1142    2457
 6:00 PM        4      4         14          0       22      3     217       10        0     230      7      0         8        0      15     10       238       18        0     266     533
 6:15 PM        6      6         15          0       27      4     201        5        0     210      4      2         1        0      7      11       253       15        0     279     523
 6:30 PM        0       8       12     0      20      9      166      4       0      179      5       3       3      0      11      11      197     15      0       223     433
 6:45 PM        3       2       10     0      15      4      161      2       0      167      10      2       6      0      18      12      182     9       0       203     403
Hourly Total    13      20      51     0      84      20     745      21      0      786      26      7       18     0      51      44      870     57      0       971    1892
 7:00 PM        4       0       6      0      10      5      147      2       0      154      5       4       4      0      13      10      170     7       0       187     364
 7:15 PM        1       0       8      0      9       2      161      8       0      171      8       1       3      0      12      7       138     9       0       154     346
 7:30 PM        10      2       7      0      19      4      162      5       0      171      9       0       4      0      13      4       144     8       0       156     359
 7:45 PM        1       2       2      0      5       1       54      2       0       57      0       0       2      0      2       2       50      0       0       52      116
Hourly Total    16      4       23     0      43      12     524      17      0      553      22      5       13     0      40      23      502     24      0       549    1185
Grand Total    287     135     534     0     956     155     9021    256      2      9434    649     126     230     0     1005    567     10432   500      1      11500   22895
Approach %     30.0    14.1    55.9    0.0     -      1.6    95.6     2.7     0.0      -     64.6    12.5    22.9    0.0     -      4.9    90.7     4.3     0.0      -       -
  Total %       1.3     0.6     2.3    0.0    4.2     0.7    39.4     1.1     0.0    41.2     2.8     0.6     1.0    0.0    4.4     2.5    45.6     2.2     0.0    50.2      -
    Car        287     135     534     0     956     155     9021    256      2      9434    649     126     230     0     1005    567     10432   500      1      11500   22895
  % Car        100.0   100.0   100.0    -    100.0   100.0   100.0   100.0   100.0   100.0   100.0   100.0   100.0    -    100.0   100.0   100.0   100.0   100.0   100.0   100.0
                                                                Town of Cary                            Count Name: Maynard Rd at
                                                            316 N. Academy St.                          Griffis St_Wicklow Dr
                                                              P.O. Box 8005                             Site Code:
                                                 Cary, North Carolina, United States 27513              Start Date: 05/16/2013
                                                               919.469.4030                             Page No: 3




                                                                     Griffis St [N]
                                                              Out          In          Total
                                                              949         956          1905
                                                              949         956          1905


                                                        534         135          287           0
                                                        534         135          287           0
                                                         R           T           L             U




                                                                                                     256
                                                                                                     256
                                         U




                                                                                                      R
                                         1
                                         1
                         21705
                                 21705




                                                                                                            10951
                                                                                                                    10951
                 Total




                                                                                                                            Out
Maynard Rd [W]




                                                                                                                                    Maynard Rd [E]
                                                                                                     9021
                                                                                                     9021
                                         567
                                         567




                                                                                                      T
                                          L
                         11500
                                 11500




                                                                                                            9434
                                                                                                                    9434
                                                          05/16/2013 6:00 AM
                 In




                                                                                                                            In
                                                          Ending At
                                         10432
                                         10432




                                                          05/16/2013 8:00 PM




                                                                                                     155
                                                                                                     155
                                           T




                                                                                                      L
                         10205
                                 10205




                                                                                                            20385
                                                                                                                    20385
                                                          Car




                                                                                                                            Total
                 Out




                                         500
                                         500
                                          R




                                                                                                     U
                                                                                                     2
                                                                                                     2




                                                         U           L           T             R
                                                         0          649          126           230
                                                         0          649          126           230


                                                              790         1005         1795
                                                              790         1005         1795
                                                              Out          In          Total
                                                                    Wicklow Dr [S]


                                                 Turning Movement Data Plot
                                                                                       Town of Cary                                                        Count Name: Maynard Rd at
                                                                              316 N. Academy St.                                                           Griffis St_Wicklow Dr
                                                                                P.O. Box 8005                                                              Site Code:
                                                                   Cary, North Carolina, United States 27513                                               Start Date: 05/16/2013
                                                                                 919.469.4030                                                              Page No: 4




                                                   Turning Movement Peak Hour Data (7:30 AM)
                             Griffis St                                   Maynard Rd                                   Wicklow Dr                                   Maynard Rd
                            Southbound                                     Westbound                                  Northbound                                     Eastbound
Start Time                                         App.                                        App.                                         App.                                         App.     Int.
             Left    Thru     Right       U-Turn           Left    Thru      Right   U-Turn            Left    Thru      Right   U-Turn             Left     Thru      Right   U-Turn
                                                   Total                                       Total                                        Total                                        Total   Total
 7:30 AM      4       1          7          0       12      0      152         3        0      155      12      3          2         0       17      19      252        6         0      277     461
 7:45 AM      3       5          7          0       15      0      206         4        0      210      24      2          1         0       27      19      258        5         0      282     534
 8:00 AM      5       1          7          0       13      3      155         3        0      161      44      5          7         0       56      11      270        4         0      285     515
 8:15 AM      5       1         12          0       18      2      154         4        0      160      30      6          5         0       41      8       241        7         0      256     475
  Total       17      8         33          0       58      5      667        14        0      686     110      16        15         0      141      57      1021       22        0      1100    1985
Approach %   29.3    13.8      56.9        0.0       -      0.7    97.2       2.0       0.0      -     78.0    11.3       10.6       0.0      -      5.2     92.8       2.0       0.0      -       -
 Total %      0.9     0.4       1.7        0.0      2.9     0.3    33.6       0.7       0.0    34.6     5.5     0.8       0.8        0.0     7.1     2.9     51.4       1.1       0.0    55.4      -
   PHF       0.850   0.400    0.688       0.000    0.806   0.417   0.809     0.875     0.000   0.817   0.625   0.667     0.536      0.000   0.629   0.750    0.945     0.786     0.000   0.965   0.929
   Car        17      8         33          0       58      5      667        14        0      686     110      16        15         0      141      57      1021       22        0      1100    1985
  % Car      100.0   100.0    100.0         -      100.0   100.0   100.0     100.0       -     100.0   100.0   100.0     100.0        -     100.0   100.0    100.0     100.0       -     100.0   100.0
                                                                Town of Cary                         Count Name: Maynard Rd at
                                                            316 N. Academy St.                       Griffis St_Wicklow Dr
                                                              P.O. Box 8005                          Site Code:
                                                 Cary, North Carolina, United States 27513           Start Date: 05/16/2013
                                                               919.469.4030                          Page No: 5




                                                                     Griffis St [N]
                                                              Out         In          Total
                                                              87          58          145
                                                              87          58          145


                                                         33          8          17            0
                                                         33          8          17            0
                                                         R           T          L             U




                                                                                                   14
                                                                                                   14
                                       U




                                                                                                   R
                                       0
                                       0




                                                       Peak Hour Data
                 Total
                         1910
                                1910




                                                                                                         1053
                                                                                                                1053
                                                                                                                       Out
Maynard Rd [W]




                                                                                                                               Maynard Rd [E]
                                                                                                   667
                                                                                                   667
                                       57
                                       57




                                                                                                    T
                                        L
                         1100
                                1100




                                                          05/16/2013 7:30 AM




                                                                                                         686
                                                                                                                686
                 In




                                                                                                                       In
                                                          Ending At
                                                          05/16/2013 8:30 AM
                                       1021
                                       1021
                                        T




                                                                                                   L
                                                                                                   5
                                                                                                   5
                                                          Car




                                                                                                         1739
                                                                                                                1739
                                                                                                                       Total
                         810
                                810
                 Out




                                       22
                                       22
                                       R




                                                                                                   U
                                                                                                   0
                                                                                                   0




                                                         U           L          T             R
                                                         0          110         16            15
                                                         0          110         16            15


                                                              35          141         176
                                                              35          141         176
                                                              Out         In          Total
                                                                    Wicklow Dr [S]


                                        Turning Movement Peak Hour Data Plot (7:30 AM)
                                                                                       Town of Cary                                                        Count Name: Maynard Rd at
                                                                              316 N. Academy St.                                                           Griffis St_Wicklow Dr
                                                                                P.O. Box 8005                                                              Site Code:
                                                                   Cary, North Carolina, United States 27513                                               Start Date: 05/16/2013
                                                                                 919.469.4030                                                              Page No: 6




                                                   Turning Movement Peak Hour Data (5:00 PM)
                             Griffis St                                   Maynard Rd                                   Wicklow Dr                                   Maynard Rd
                            Southbound                                     Westbound                                  Northbound                                     Eastbound
Start Time                                         App.                                        App.                                         App.                                         App.     Int.
             Left    Thru     Right       U-Turn           Left    Thru      Right   U-Turn            Left    Thru      Right   U-Turn             Left     Thru      Right   U-Turn
                                                   Total                                       Total                                        Total                                        Total   Total
 5:00 PM      9       2         23          0       34      4      257         5        0      266      18      3          4         0       25      11      247        15        0      273     598
 5:15 PM      6       5          9          0       20      3      289         9        0      301      15      0          8         0       23      14      251        15        0      280     624
 5:30 PM      8       4         12          0       24      3      279         6        0      288      11      0          2         0       13      19      269        12        0      300     625
 5:45 PM      4       4         11          0       19      3      275         8        0      286      13      1          2         0       16      12      260        17        0      289     610
  Total       27      15        55          0       97      13     1100       28        0      1141     57      4         16         0       77      56      1027       59        0      1142    2457
Approach %   27.8    15.5      56.7        0.0       -      1.1    96.4       2.5       0.0      -     74.0     5.2       20.8       0.0      -      4.9     89.9       5.2       0.0      -       -
 Total %      1.1     0.6       2.2        0.0      3.9     0.5    44.8       1.1       0.0    46.4     2.3     0.2       0.7        0.0     3.1     2.3     41.8       2.4       0.0    46.5      -
   PHF       0.750   0.750    0.598       0.000    0.713   0.813   0.952     0.778     0.000   0.948   0.792   0.333     0.500      0.000   0.770   0.737    0.954     0.868     0.000   0.952   0.983
   Car        27      15        55          0       97      13     1100       28        0      1141     57      4         16         0       77      56      1027       59        0      1142    2457
  % Car      100.0   100.0    100.0         -      100.0   100.0   100.0     100.0       -     100.0   100.0   100.0     100.0        -     100.0   100.0    100.0     100.0       -     100.0   100.0
                                                                Town of Cary                          Count Name: Maynard Rd at
                                                            316 N. Academy St.                        Griffis St_Wicklow Dr
                                                              P.O. Box 8005                           Site Code:
                                                 Cary, North Carolina, United States 27513            Start Date: 05/16/2013
                                                               919.469.4030                           Page No: 7




                                                                     Griffis St [N]
                                                              Out         In          Total
                                                              88          97          185
                                                              88          97          185


                                                         55          15        27             0
                                                         55          15        27             0
                                                         R           T          L             U




                                                                                                   28
                                                                                                   28
                                       U




                                                                                                   R
                                       0
                                       0




                                                       Peak Hour Data
                 Total
                         2354
                                2354




                                                                                                          1070
                                                                                                                 1070
                                                                                                                        Out
Maynard Rd [W]




                                                                                                                                Maynard Rd [E]
                                                                                                   1100
                                                                                                   1100
                                       56
                                       56




                                                                                                    T
                                        L
                         1142
                                1142




                                                                                                          1141
                                                                                                                 1141
                                                          05/16/2013 5:00 PM
                 In




                                                                                                                        In
                                                          Ending At
                                                          05/16/2013 6:00 PM
                                       1027
                                       1027




                                                                                                   13
                                                                                                   13
                                        T




                                                                                                    L
                                                          Car
                         1212
                                1212




                                                                                                          2211
                                                                                                                 2211
                                                                                                                        Total
                 Out




                                       59
                                       59
                                       R




                                                                                                   U
                                                                                                   0
                                                                                                   0




                                                         U           L          T             R
                                                         0           57         4             16
                                                         0           57         4             16


                                                              87          77          164
                                                              87          77          164
                                                              Out         In          Total
                                                                    Wicklow Dr [S]


                                        Turning Movement Peak Hour Data Plot (5:00 PM)
            Town of Cary                    Count Name: Maynard Rd at
           316 N. Academy St.               Griffis St_Wicklow Dr
             P.O. Box 8005                  Site Code:
Cary, North Carolina, United States 27513   Start Date: 05/16/2013
              919.469.4030                  Page No: 8
