                                                                                  Town of Cary
                                                                          316 N. Academy St.                                                     Count Name: NC 55 at Catlin Rd
                                                                            P.O. Box 8005                                                        Site Code:
                                                               Cary, North Carolina, United States 27513                                         Start Date: 01/17/2013
                                                                             919.469.4030                                                        Page No: 1



                                                                    Turning Movement Data
                               NC 55                                Parkscene Ln                                 NC 55                                    Catlin Rd
                             Southbound                               Westbound                                Northbound                                 Eastbound
Start Time                                      App.                                     App.                                     App.                                         App.     Int.
               Left   Thru     Right   U-Turn           Left   Thru     Right   U-Turn           Left   Thru     Right   U-Turn           Left     Thru     Right     U-Turn
                                                Total                                    Total                                    Total                                        Total   Total
 6:00 AM        1      50        1        0      52      2      0         3        0      5       0     102        0        0     102      1        0        0          0       1      160
 6:15 AM        1      83        0        0      84      2      0         5        0      7       1     184        2        0     187      1        0        2          0       3      281
 6:30 AM        1     100        1        0     102      1      0         4        0      5       0     277        1        0     278      9        0        2          0       11     396
 6:45 AM        0     133        1        0     134      3      0        16        0      19      2     343        1        0     346      7        0        3          0       10     509
Hourly Total    3     366        3        0     372      8      0        28        0      36      3     906        4        0     913     18        0        7          0       25     1346
 7:00 AM        0     152        0        0     152      1      0        21        0      22      0     371        2        0     373      9        0        2          0       11     558
 7:15 AM        2     205        1        0     208      1      0        16        0      17      0     383        0        0     383      3        0        1          0       4      612
 7:30 AM        0     216        1        0     217      2      0        16        0      18      0     424        2        0     426      4        0        1          0       5      666
 7:45 AM        3     209        2        0     214      2      0        11        0      13      0     404        1        0     405      4        0        1          0       5      637
Hourly Total    5     782        4        0     791      6      0        64        0      70      0     1582       5        0     1587    20        0        5          0       25     2473
 8:00 AM        2     176        2        0     180      2      0         7        0      9       1     395        1        0     397      7        0        1          0       8      594
 8:15 AM        2     193        1        0     196      3      0        11        0      14      3     415        3        0     421     10        0        6          0       16     647
 8:30 AM        0     189        1        0     190      2      0        15        0      17      1     373        4        0     378      7        0        7          0       14     599
 8:45 AM        2     192        1        0     195      1      0         6        0      7       3     371        2        1     377      4        0        5          0       9      588
Hourly Total    6     750        5        0     761      8      0        39        0      47      8     1554      10        1     1573    28        0        19         0       47     2428
 9:00 AM        3     218        0        0     221      4      0        10        0      14      2     303        1        0     306      3        1        1          0       5      546
 9:15 AM        1     206        0        0     207      2      0         5        0      7       0     273        5        0     278      4        0        2          0       6      498
 9:30 AM        3     165        3        0     171      0      0         1        0      1       0     231        1        0     232      1        0        1          0       2      406
 9:45 AM        1     182        1        0     184      3      0         6        0      9       0     194        2        0     196      3        0        0          0       3      392
Hourly Total    8     771        4        0     783      9      0        22        0      31      2     1001       9        0     1012    11        1        4          0       16     1842
 10:00 AM       3     156        1        0     160      1      0         2        0      3       2     175        1        0     178      1        0        1          0       2      343
 10:15 AM       2     173        0        1     176      2      0         1        0      3       0     185        5        0     190      3        0        3          0       6      375
 10:30 AM       3     159        2        0     164      5      1         4        0      10      0     199        2        0     201      2        0        2          0       4      379
 10:45 AM       2     188        1        0     191      2      0         5        0      7       0     193        3        0     196      2        0        0          0       2      396
Hourly Total   10     676        4        1     691     10      1        12        0      23      2     752       11        0     765      8        0        6          0       14     1493
 11:00 AM       2     146        1        0     149      4      0         3        0      7       0     187        4        0     191      1        0        2          0       3      350
 11:15 AM       1     167        4        0     172      2      0         6        0      8       1     202        1        0     204      0        0        0          0       0      384
 11:30 AM       4     178        3        0     185      2      0         8        0      10      0     185        2        0     187      1        0        3          0       4      386
 11:45 AM       0     304        7        0     311      3      0         2        0      5       0     203        1        0     204      2        0        2          0       4      524
Hourly Total    7     795       15        0     817     11      0        19        0      30      1     777        8        0     786      4        0        7          0       11     1644
 12:00 PM       0     224        4        0     228      2      0         4        0      6       1     181        2        0     184      0        0        2          0       2      420
 12:15 PM       6     226        0        0     232      4      0         4        0      8       2     179        6        0     187      1        0        1          0       2      429
 12:30 PM       3     216        5        0     224      5      0         1        0      6       2     206        3        1     212      0        0        1          0       1      443
 12:45 PM       3     177        4        0     184      2      0         3        0      5       6     220        2        1     229      3        0        4          0       7      425
Hourly Total   12     843       13        0     868     13      0        12        0      25     11     786       13        2     812      4        0        8          0       12     1717
 1:00 PM        5     186        2        0     193      3      0         1        0      4       4     199        9        0     212      4        0        1          0       5      414
 1:15 PM        5     181        6        0     192      1      0         6        0      7       1     218        4        0     223      1        0        4          0       5      427
 1:30 PM        4     209        0        0     213      2      0         1        0      3       1     186        1        0     188      0        0        0          0       0      404
 1:45 PM        4     192        1        0     197      1      0         3        0      4       2     193        5        0     200      3        0        1          0       4      405
Hourly Total   18     768        9        0     795      7      0        11        0      18      8     796       19        0     823      8        0        6          0       14     1650
 2:00 PM        1     191        1        0     193      3      0         4        0      7       0     181        1        0     182      2        0        2          0       4      386
 2:15 PM        4     211        3        1     219      2      0         4        0      6       1     218        3        0     222      1        0        1          0       2      449
 2:30 PM        9     240        1        0     250      2      0         5        0      7       2     179        4        0     185      4        0        1          0       5      447
 2:45 PM        1     243        1        0     245      3      0         2        0      5       2     180        3        0     185      0        0        5          0       5      440
Hourly Total   15     885        6        1     907     10      0        15        0      25      5     758       11        0     774      7        0        9          0       16     1722
 3:00 PM        3     231        2        0     236      3      0         3        0      6       2     224        4        0     230      0        0        0          0       0      472
 3:15 PM        5     234        3        0     242      3      0         1        0      4       3     227        6        0     236      4        0        5          0       9      491
 3:30 PM        4     309        3        0     316      2      0         5        0      7       1     197        2        0     200      1        0        1          0       2      525
 3:45 PM        8     283        1        0     292      2      0         7        0      9       2     222        5        0     229      2        0        2          0       4      534
Hourly Total   20     1057       9        0     1086    10      0        16        0      26      8     870       17        0     895      7        0        8          0       15     2022
 4:00 PM        8     258        1        0     267      2      1         5        0      8       4     208        5        0     217      2        0        2          0       4      496
 4:15 PM       11     368        2        0     381      2      0         1        0      3       0     255        3        0     258      2        0        1          0       3      645
 4:30 PM       13     380        7        1     401      2      1         5        0      8       5     216        3        0     224      1        0        2          0       3      636
 4:45 PM        9     403        5        0     417      0      0         7        0      7       6     230       12        0     248      1        0        5          0       6      678
Hourly Total   41     1409      15        1     1466     6      2        18        0      26     15     909       23        0     947      6        0        10         0       16     2455
 5:00 PM        8     431        6        0     445      1      0         3        0      4       0     212        3        0     215      3        0        3          0       6      670
 5:15 PM       13     420        7        0     440      0      0         2        0      2       3     233       10        0     246      2        0        3          0       5      693
 5:30 PM       15     431       13        0     459      0      0         3        0      3       1     260        3        0     264      0        0        1          0       1      727
 5:45 PM       16     413        6        0     435      1      0         8        0      9       2     216        8        0     226      4        0        5          0       9      679
Hourly Total   52     1695      32        0     1779     2      0        16        0      18      6     921       24        0     951      9        0        12         0       21     2769
 6:00 PM       20     360        7        0     387      0      0         4        0      4       4     243        4        0     251      4        0        2          0       6      648
 6:15 PM       14     314        7        0     335      2      0         3        0      5       3     181        6        0     190      2        0        3          0       5      535
 6:30 PM        11     272      4       0       287     1       0       5      0      6       4      177      2       0      183      1       0       2      0      3       479
 6:45 PM        9      209      2       0       220     1       1       2      0      4       2      176      4       0      182      1       1       3      0      5       411
Hourly Total    54     1155     20      0      1229     4       1       14     0      19      13     777      16      0      806      8       1       10     0      19     2073
 7:00 PM        9      186      2       0       197     6       0       1      0      7       3      136      4       0      143      0       0       2      0      2       349
 7:15 PM        7      155      1       0       163     2       0       3      0      5       2      135      5       0      142      2       0       1      0      3       313
 7:30 PM        4      122      1       0       127     0       0       3      0      3       2      134      6       0      142      0       0       0      0      0       272
 7:45 PM        2      118      2       0       122     4       0       3      0      7       1       99      4       0      104      0       0       0      0      0       233
Hourly Total    22     581      6       0       609     12      0       10     0      22      8      504      19      0      531      2       0       3      0      5      1167
 8:00 PM        4      112      4       0       120     0       0       2      0      2       2       93      4       0       99      3       0       1      0      4       225
 8:15 PM        5      115      0       0       120     0       0       1      0      1       2       98      2       0      102      0       0       2      0      2       225
 8:30 PM        2       93      1       0       96      2       0       0      0      2       2       54      4       0       60      1       0       1      0      2       160
 8:45 PM        4       85      2       0       91      3       0       2      0      5       1       81      3       0       85      0       0       0      0      0       181
Hourly Total    15     405      7       0       427     5       0       5      0      10      7      326      13      0      346      4       0       4      0      8       791
 9:00 PM        4       76      2       0       82      1       0       1      0      2       0       67      0       0       67      1       0       0      0      1       152
 9:15 PM        3       65      1       0       69      0       0       0      0      0       1       80      1       0       82      1       0       1      0      2       153
 9:30 PM        1       70      1       0       72      0       0       1      0      1       1       62      1       0       64      2       0       0      0      2       139
 9:45 PM        3       75      6       0       84      0       0       0      0      0       0       58      1       0       59      0       0       0      0      0       143
Hourly Total    11     286      10      0       307     1       0       2      0      3       2      267      3       0      272      4       0       1      0      5       587
Grand Total    299     13224   162      3      13688   122      4      303     0     429      99     13486   205      3      13793   148      2      119     0     269     28179
Approach %      2.2    96.6     1.2     0.0      -     28.4     0.9    70.6    0.0     -      0.7    97.8     1.5     0.0      -     55.0     0.7    44.2    0.0     -       -
  Total %       1.1    46.9     0.6     0.0    48.6     0.4     0.0     1.1    0.0    1.5     0.4    47.9     0.7     0.0    48.9     0.5     0.0     0.4    0.0    1.0      -
    Car        299     13224   162      3      13688   122      4      303     0     429      99     13486   205      3      13793   148      2      119     0     269     28179
  % Car        100.0   100.0   100.0   100.0   100.0   100.0   100.0   100.0    -    100.0   100.0   100.0   100.0   100.0   100.0   100.0   100.0   100.0    -    100.0   100.0
                                                         Town of Cary
                                                     316 N. Academy St.                         Count Name: NC 55 at Catlin Rd
                                                       P.O. Box 8005                            Site Code:
                                          Cary, North Carolina, United States 27513             Start Date: 01/17/2013
                                                        919.469.4030                            Page No: 3




                                                              NC 55 [N]
                                                       Out          In          Total
                                                      13940        13688       27628
                                                      13940        13688       27628


                                                 162      13224           299           3
                                                 162      13224           299           3
                                                  R           T            L            U




                                                                                              303
                                                                                              303
                                    U




                                                                                               R
                                    0
                                    0
                Total
                        534
                              534




                                                                                                    506
                                                                                                          506
                                                                                                                Out
                                                                                                                        Parkscene Ln [E]
Catlin Rd [W]




                                    148
                                    148




                                                                                              T
                                     L




                                                                                              4
                                                                                              4
                                                   01/17/2013 6:00 AM
                        269
                              269




                                                                                                    429
                                                                                                          429
                In




                                                                                                                In
                                                   Ending At
                                                   01/17/2013 10:00 PM




                                                                                              122
                                                                                              122
                                    T
                                    2
                                    2




                                                                                               L
                                                   Car




                                                                                                                Total
                        265
                              265




                                                                                                    935
                                                                                                          935
                Out




                                    119
                                    119
                                     R




                                                                                              U
                                                                                              0
                                                                                              0




                                                  U           L            T            R
                                                  3           99         13486          205
                                                  3           99         13486          205


                                                      13468        13793       27261
                                                      13468        13793       27261
                                                       Out          In          Total
                                                              NC 55 [S]


                                          Turning Movement Data Plot
                                                                                   Town of Cary
                                                                          316 N. Academy St.                                                        Count Name: NC 55 at Catlin Rd
                                                                            P.O. Box 8005                                                           Site Code:
                                                               Cary, North Carolina, United States 27513                                            Start Date: 01/17/2013
                                                                             919.469.4030                                                           Page No: 4




                                               Turning Movement Peak Hour Data (7:30 AM)
                              NC 55                                   Parkscene Ln                                  NC 55                                     Catlin Rd
                            Southbound                                 Westbound                                  Northbound                                  Eastbound
Start Time                                     App.                                        App.                                      App.                                          App.     Int.
             Left    Thru     Right   U-Turn           Left    Thru      Right   U-Turn            Left    Thru     Right   U-Turn           Left     Thru      Right     U-Turn
                                               Total                                       Total                                     Total                                         Total   Total
 7:30 AM      0      216        1        0     217      2       0         16         0      18      0      424        2        0     426      4        0         1          0       5      666
 7:45 AM      3      209        2        0     214      2       0         11         0      13      0      404        1        0     405      4        0         1          0       5      637
 8:00 AM      2      176        2        0     180      2       0          7         0      9       1      395        1        0     397      7        0         1          0       8      594
 8:15 AM      2      193        1        0     196      3       0         11         0      14      3      415        3        0     421      10       0         6          0       16     647
  Total       7      794        6        0     807      9       0         45         0      54      4      1638       7        0     1649     25       0         9          0       34     2544
Approach %    0.9    98.4      0.7       0.0     -     16.7     0.0       83.3       0.0     -      0.2    99.3      0.4       0.0     -     73.5      0.0      26.5       0.0       -       -
 Total %      0.3    31.2      0.2       0.0   31.7     0.4     0.0       1.8        0.0    2.1     0.2    64.4      0.3       0.0   64.8     1.0      0.0       0.4       0.0      1.3      -
   PHF       0.583   0.919    0.750   0.000    0.930   0.750   0.000     0.703     0.000   0.750   0.333   0.966    0.583   0.000    0.968   0.625    0.000     0.375     0.000    0.531   0.955
   Car        7      794        6        0     807      9       0         45         0      54      4      1638       7        0     1649     25       0         9          0       34     2544
  % Car      100.0   100.0    100.0       -    100.0   100.0     -       100.0        -    100.0   100.0   100.0    100.0       -    100.0   100.0      -       100.0       -      100.0   100.0
                                                          Town of Cary
                                                      316 N. Academy St.                    Count Name: NC 55 at Catlin Rd
                                                        P.O. Box 8005                       Site Code:
                                           Cary, North Carolina, United States 27513        Start Date: 01/17/2013
                                                         919.469.4030                       Page No: 5




                                                               NC 55 [N]
                                                       Out           In        Total
                                                       1708         807        2515
                                                       1708         807        2515


                                                   6          794          7           0
                                                   6          794          7           0
                                                   R          T            L           U




                                                                                           45
                                                                                           45
                                  U




                                                                                           R
                                  0
                                  0




                                                 Peak Hour Data
                Total




                                                                                                          Out
                        44
                             44




                                                                                                14
                                                                                                     14


                                                                                                                  Parkscene Ln [E]
Catlin Rd [W]




                                  25
                                  25




                                                                                           T
                                   L




                                                                                           0
                                                                                           0
                                                    01/17/2013 7:30 AM
                        34
                             34




                                                                                                54
                                                                                                     54
                In




                                                                                                          In
                                                    Ending At
                                                    01/17/2013 8:30 AM
                                  T
                                  0
                                  0




                                                                                           L
                                                                                           9
                                                                                           9
                                                    Car




                                                                                                          Total
                Out
                        10
                             10




                                                                                                68
                                                                                                     68
                                  R




                                                                                           U
                                  9
                                  9




                                                                                           0
                                                                                           0




                                                   U          L            T           R
                                                   0          4           1638         7
                                                   0          4           1638         7


                                                       812          1649       2461
                                                       812          1649       2461
                                                       Out           In        Total
                                                               NC 55 [S]


                                  Turning Movement Peak Hour Data Plot (7:30 AM)
                                                                                   Town of Cary
                                                                          316 N. Academy St.                                                        Count Name: NC 55 at Catlin Rd
                                                                            P.O. Box 8005                                                           Site Code:
                                                               Cary, North Carolina, United States 27513                                            Start Date: 01/17/2013
                                                                             919.469.4030                                                           Page No: 6




                                               Turning Movement Peak Hour Data (5:00 PM)
                              NC 55                                   Parkscene Ln                                  NC 55                                     Catlin Rd
                            Southbound                                 Westbound                                  Northbound                                  Eastbound
Start Time                                     App.                                        App.                                      App.                                          App.     Int.
             Left    Thru     Right   U-Turn           Left    Thru      Right   U-Turn            Left    Thru     Right   U-Turn           Left     Thru      Right     U-Turn
                                               Total                                       Total                                     Total                                         Total   Total
 5:00 PM      8      431        6        0     445      1       0          3         0      4       0      212        3        0     215      3        0         3          0       6      670
 5:15 PM      13     420        7        0     440      0       0          2         0      2       3      233       10        0     246      2        0         3          0       5      693
 5:30 PM      15     431       13        0     459      0       0          3         0      3       1      260        3        0     264      0        0         1          0       1      727
 5:45 PM      16     413        6        0     435      1       0          8         0      9       2      216        8        0     226      4        0         5          0       9      679
  Total       52     1695      32        0     1779     2       0         16         0      18      6      921       24        0     951      9        0         12         0       21     2769
Approach %    2.9    95.3      1.8       0.0     -     11.1     0.0       88.9       0.0     -      0.6    96.8      2.5       0.0     -     42.9      0.0      57.1       0.0       -       -
 Total %      1.9    61.2      1.2       0.0   64.2     0.1     0.0       0.6        0.0    0.7     0.2    33.3      0.9       0.0   34.3     0.3      0.0       0.4       0.0      0.8      -
   PHF       0.813   0.983    0.615   0.000    0.969   0.500   0.000     0.500     0.000   0.500   0.500   0.886    0.600   0.000    0.901   0.563    0.000     0.600     0.000    0.583   0.952
   Car        52     1695      32        0     1779     2       0         16         0      18      6      921       24        0     951      9        0         12         0       21     2769
  % Car      100.0   100.0    100.0       -    100.0   100.0     -       100.0        -    100.0   100.0   100.0    100.0       -    100.0   100.0      -       100.0       -      100.0   100.0
                                                          Town of Cary
                                                      316 N. Academy St.                       Count Name: NC 55 at Catlin Rd
                                                        P.O. Box 8005                          Site Code:
                                           Cary, North Carolina, United States 27513           Start Date: 01/17/2013
                                                         919.469.4030                          Page No: 7




                                                               NC 55 [N]
                                                        Out          In          Total
                                                        946        1779          2725
                                                        946        1779          2725


                                                   32         1695         52            0
                                                   32         1695         52            0
                                                   R           T           L             U




                                                                                              16
                                                                                              16
                                  U




                                                                                              R
                                  0
                                  0




                                                 Peak Hour Data
                Total




                                                                                                             Out
                        59
                             59




                                                                                                   76
                                                                                                        76


                                                                                                                     Parkscene Ln [E]
Catlin Rd [W]




                                                                                              T
                                  9
                                  9
                                  L




                                                                                              0
                                                                                              0
                                                    01/17/2013 5:00 PM
                        21
                             21




                                                                                                   18
                                                                                                        18
                In




                                                                                                             In
                                                    Ending At
                                                    01/17/2013 6:00 PM
                                  T
                                  0
                                  0




                                                                                              L
                                                                                              2
                                                                                              2
                                                    Car




                                                                                                             Total
                Out
                        38
                             38




                                                                                                   94
                                                                                                        94
                                  12
                                  12
                                  R




                                                                                              U
                                                                                              0
                                                                                              0




                                                   U           L           T             R
                                                   0           6           921           24
                                                   0           6           921           24


                                                        1709         951         2660
                                                        1709         951         2660
                                                        Out          In          Total
                                                               NC 55 [S]


                                  Turning Movement Peak Hour Data Plot (5:00 PM)
            Town of Cary
           316 N. Academy St.               Count Name: NC 55 at Catlin Rd
             P.O. Box 8005                  Site Code:
Cary, North Carolina, United States 27513   Start Date: 01/17/2013
              919.469.4030                  Page No: 8
