                                                                                 Town of Cary                                                      Count Name: US 64 @
School: in session                                                       316 N. Academy St.                                                        Edinburgh Dr-16hr-2010
Weather: partly cloudy                                                     P.O. Box 8005                                                           Site Code: 00000108
Pedestrians: counted                                          Cary, North Carolina, United States 27513                                            Start Date: 05/04/2010
                                                                            919.469.4030                                                           Page No: 1



                                                                    Turning Movement Data
                         Edinburgh Drive                               US 64                              Edinburgh Drive                                    US 64
                              Southbound                             Westbound                                 Northbound                                   Eastbound
 Start Time                                    App.                                      App.                                       App.                                        App.     Int.
                Left   Thru     Right   Peds           Left   Thru     Peds      Right           Left   Peds      Thru      Right           Left     Peds     Thru      Right
                                               Total                                     Total                                      Total                                       Total   Total
  6:00 AM        1      1         0        0    2       1      73        7        3       84      0      0         1         3       4       1        6        91        0       98     188
  6:15 AM        5      1         1        0    7       2     134       17        3      156      1      0         0         3       4       0        5       160        0      165     332
  6:30 AM        4      0         2        1    7       7     210       12        1      230      0      0         0         6       6       0        6       189        0      195     438
  6:45 AM        9      0         2        1    12     11     292       10        8      321      0      0         0         8       8       0        6       299        2      307     648
 Hourly Total   19      2         5        2    26     21     709       46        15     745      1      0         1         20      22      1        23      739        2      742     1535
  7:00 AM       12      0        10        1    23     11     298       10        4      323      1      1         0         14      16      1        5       415        1      422     784
  7:15 AM       19      0         6        0    25     22     375       11        3      411      2      0         0         25      27      3        12      451        1      467     930
  7:30 AM       10      6         6        0    22     25     398       15        8      446      3      0         2         27      32      2        6       491        0      499     999
  7:45 AM       13      1         5        0    19     59     535       10        6      610      3      0         0         20      23      1        8       562        2      573     1225
 Hourly Total   54      7        27        1    88     117    1606      46        21     1744     9      1         2         86      97      7        31      1919       4      1930    3859
  8:00 AM       16      1         7        0    24     38     428       22        8      496      2      0         1         25      28      1        6       432        3      442     990
  8:15 AM       14      2        10        0    26     40     473       22        8      543      0      0         0         30      30      2        5       487        2      496     1095
  8:30 AM       15      3         2        0    20     49     365       34        15     463      2      0         1         18      21      4        10      516        5      535     1039
  8:45 AM       11      2        10        0    23     32     241       12        6      291      6      0         0         17      23      2        6       406        6      420     757
 Hourly Total   56      8        29        0    93     159    1507      90        37     1703    10      0         2         90     102      9        27      1841       16     1866    3764
  9:00 AM       12      3         4        0    19     30     352       17        13     412      3      0         1         14      18      6        8       386        4      404     853
  9:15 AM       11      0         4        0    15     22     327       18        16     383      7      0         1         20      28      6        10      382        11     409     835
  9:30 AM       22      2         4        0    28     34     258       12        10     314      6      0         3         26      35      5        9       368        8      390     767
  9:45 AM       11      3         4        0    18     28     230       14        15     287      5      0         3         32      40      4        8       353        5      370     715
 Hourly Total   56      8        16        0    80     114    1167      61        54     1335    21      0         8         92     121     21        35      1489       28     1538    3074
  10:00 AM      10      3         5        1    19     24     233       15        16     288      8      0         2         15      25      6        5       295        7      313     645
  10:15 AM       9      3         5        2    19     19     236       16        17     288      1      1         0         14      16      3        5       309        8      325     648
  10:30 AM      15      2         5        0    22     24     266       18        16     324      7      0         3         19      29      6        10      293        5      314     689
  10:45 AM      16      0        13        3    32     34     305       15        5      359     10      1         3         28      42      9        6       314        5      334     767
 Hourly Total   50      8        28        6    86     101    1040      64        54     1195    26      2         8         76     110     24        26      1211       25     1260    2651
  11:00 AM       5      0         2        0    7      32     304       20        10     366     12      0         0         29      41      3        6       312        7      328     742
  11:15 AM      15      6         1        1    23     30     287       10        8      335      2      1         2         39      44      4        6       291        5      306     708
  11:30 AM      11      1         5        0    17     15     272       11        8      306     11      0         3         38      52      8        8       325        10     351     726
  11:45 AM      10      2         7        0    19     29     304       14        12     359      8      0         4         49      61      8        8       330        10     356     795
 Hourly Total   41      9        15        1    65     106    1167      55        38     1311    33      1         9        155     197     23        28      1258       32     1313    2886
  12:00 PM       9      3         8        0    20     43     335       16        16     410      5      0         6         59      70      7        8       335        10     360     860
  12:15 PM       2      1         9        0    12     41     379       12        12     444     10      0         6         60      76      4        5       361        10     380     912
  12:30 PM      14      4         6        1    25     40     348       15        22     425      8      0         2         61      71     13        12      344        8      377     898
  12:45 PM       7      2        10        0    19     54     383        8        15     460      8      0         4         32      44      6        6       350        6      368     891
 Hourly Total   32     10        33        1    75     178    1445      51        65     1688    31      0        18        212     261     30        31      1390       34     1454    3478
  1:00 PM       10      0         9        0    19     41     335       14        13     403      8      0         2         39      49      4        6       365        6      381     852
  1:15 PM       11      2         2        1    16     26     362       14        11     413     10      0         1         35      46      3        12      306        11     332     807
  1:30 PM       26      4        20        0    50     32     303       14        7      356     12      1         3         41      57      3        9       313        6      331     794
  1:45 PM       16      3        14        0    33     38     345       19        10     412      6      1         1         45      53     11        2       324        10     347     845
 Hourly Total   63      9        45        1   117     137    1345      61        41     1523    36      2         7        160     203     21        29      1308       33     1362    3205
  2:00 PM       15      3         7        1    26     22     313       22        9      366     15      0         2         31      48      3        6       311        5      325     765
  2:15 PM        3      1         7        1    12     20     339       14        10     383      7      0         2         32      41      2        7       293        5      307     743
  2:30 PM       16      2         5        0    23     24     265       10        7      306      6      0         3         34      43      8        6       299        4      317     689
  2:45 PM       13      0         2        1    16      9     285       10        8      312      1      0         6         25      32      8        3       381        7      399     759
 Hourly Total   47      6        21        3    74     75     1202      56        34     1311    29      0        13        122     164     21        22      1284       21     1326    2875
  3:00 PM        7      2         8        2    19     29     274        8        12     323      3      0         3         37      43      5        3       333        4      345     730
  3:15 PM       15      3         4        0    22     21     420       19        18     478      9      0         2         32      43      6        6       369        5      386     929
  3:30 PM        7      1        11        3    22     22     367       11        14     414     13      0         3         30      46      7        8       348        12     375     857
  3:45 PM       10      3         7        1    21     16     377        3        19     415      2      1         1         20      24      7        6       406        9      428     888
 Hourly Total   39      9        30        6    78     88     1438      41        63     1589    27      1         9        119     155     25        23      1456       30     1511    3333
  4:00 PM       10      3         6        1    20     20     386        7        35     448      3      1         4         35      43      5        7       452        7      471     982
  4:15 PM        9      2         5        0    16     23     395       11        50     479      3      0         8         50      61      3        8       498        4      513     1069
  4:30 PM        8      1         4        0    13     27     434       17        20     498      8      0         3         59      70      8        5       425        5      443     1024
  4:45 PM       11      1         4        1    17     27     474        5        11     517      5      0         1         43      49      5        4       472        8      489     1072
 Hourly Total   38      7        19        2    64     97     1689      40       116     1902    19      1        16        187     222     21        24      1847       24     1892    4080
  5:00 PM        8      0         5        0    13     20     597        7        25     649      8      0         3         88      99      3        8       545        11     567     1328
  5:15 PM       16      2        15        0    33     42     627        4        20     693      5      0         4        108     117      3        8       556        0      567     1410
  5:30 PM       30      2         6        0    38     41     552        4        23     620      6      0         5         76      87      3        5       546        7      561     1306
  5:45 PM       20      8        12        1    41     43     473        9        10     535     10      0         2         67      79      5        7       569        2      583     1238
 Hourly Total   74     12        38        1   124     146    2249      24        78     2473    29      0        14        339     382     14        28      2216       20     2250    5229
  6:00 PM       10      4         4        0    18     26     362        5        8      401      8      0         4         82      94      4        1       484        9      498     1011
  6:15 PM       12      0         2        0    14     48     446        9        26     529      6      0         0         33      39      3        1       440        10     454     1036
  6:30 PM        13      2       37      0       52      27      353     6       13      399     11      0       5      35      51      3       1       324     0       328     830
  6:45 PM        5       5       4       0       14      30      337     5       17      389     8       0       5      25      38      1       3       283     11      298     739
Hourly Total     40      11      47      0       98     131     1498     25      64     1693     33      0      14     175     222      11      6      1531     30     1572    3585
  7:00 PM        2       2       5       0       9       24      329     4       12      369     4       0       4      24      32      5       3       263     4       275     685
  7:15 PM        9       2       4       0       15      12      272     7       12      303     9       0       1      32      42      1       1       269     6       277     637
  7:30 PM        5       2       3       0       10      19      250     5       19      293     9       0       7      31      47      5       2       195     10      212     562
  7:45 PM        3       2       5       0       10      29      244     3       9       285     11      0       2      21      34      1       2       211     3       217     546
Hourly Total     19      8       17      0       44      84     1095     19      52     1231     33      0      14     108     155      12      8       938     23      973    2403
  8:00 PM        3       1       4       0       8       25      225     3       9       262     4       0       3      26      33      3       3       206     3       215     518
  8:15 PM        3       0       2       0       5       21      205     3       8       237     2       0       0      29      31      3       1       223     7       234     507
  8:30 PM        3       0       3       0       6       17      193     3       7       220     4       0       0      24      28      2       2       171     1       176     430
  8:45 PM        2       0       0       0       2       20      170     5       6       201     4       0       0      28      32      6       2       189     7       204     439
Hourly Total     11      1       9       0       21      83      793     14      30      906     14      0       3     107     124      14      8       789     18      821    1872
  9:00 PM        1       0       2       0       3       10      184     2       3       199     8       0       1      24      33      2       1       159     6       168     403
  9:15 PM        2       1       1       0       4       6       151     3       6       166     10      0       0      19      29      3       2       165     2       172     371
  9:30 PM        5       0       1       0       6       9       165     3       4       181     7       0       0      12      19      0       0       131     5       136     342
  9:45 PM        4       1       2       0       7       7       131     2       3       143     6       0       1      14      21      4       2       120     3       129     300
Hourly Total     12      2       6       0       20      32      631     10      16      679     31      0       2      69     102      9       5       575     16      600    1401
 Grand Total    651     117     385      24     1153    1669    20581   703     778     23028   382      8      140    2117    2639    263     354     21791   356     22410   49230
Approach %      56.5    10.1    33.4      -       -      7.2    89.4      -      3.4      -     14.5      -     5.3    80.2      -      1.2      -     97.2     1.6      -       -
   Total %       1.3     0.2     0.8      -      2.3     3.4    41.8      -      1.6    46.8     0.8      -     0.3     4.3     5.4     0.5      -     44.3     0.7    45.5      -
Cars & Trucks   651     117     385      24     1153    1669    20581   703     778     23028   382      8      139    2117    2638    263     354     21789   356     22408   49227
  % Cars &      100.0   100.0   100.0   100.0   100.0   100.0   100.0   100.0   100.0   100.0   100.0   100.0   99.3   100.0   100.0   100.0   100.0   100.0   100.0   100.0   100.0
   Trucks
    Peds         0       0       0       0       0       0       0       0       0       0       0       0       1      0       1       0       0        2      0       2       3
  % Peds         0.0     0.0     0.0     0.0     0.0     0.0     0.0     0.0     0.0     0.0     0.0     0.0    0.7     0.0     0.0     0.0     0.0     0.0     0.0     0.0     0.0
   Class 3       0       0       0       0       0       0       0       0       0       0       0       0       0      0       0       0       0        0      0       0       0
 % Class 3       0.0     0.0     0.0     0.0     0.0     0.0     0.0     0.0     0.0     0.0     0.0     0.0    0.0     0.0     0.0     0.0     0.0     0.0     0.0     0.0     0.0
                                                                                                       Town of Cary                                                       Count Name: US 64 @
School: in session                                                                                 316 N. Academy St.                                                     Edinburgh Dr-16hr-2010
Weather: partly cloudy                                                                               P.O. Box 8005                                                        Site Code: 00000108
Pedestrians: counted                                                                    Cary, North Carolina, United States 27513                                         Start Date: 05/04/2010
                                                                                                      919.469.4030                                                        Page No: 3




                                                                                                        Edinburgh Drive [N]
                                                                                                       Out           In          Total
                                                                                                       2269         1153         3422
                                                                                                        1            0            1
                                                                                                        0            0            0
                                                                                                       2270         1153         3423


                                                                                                 385          117          651           24
                                                                                                  0           0            0             0
                                                                                                  0           0            0             0
                                                                                                 385          117          651           24
                                                                                                 R            T            L             U
                                    43756




                                                    43758




                                                                                                                                                                          24559




                                                                                                                                                                                          24557
                            Total




                                                                                                                                                  1481



                                                                                                                                                                  1481
                                                            617



                                                                            617




                                                                                                                                                                                                  Out
                                                                                                                                              R
                                            2
                                                0




                                                                    0
                                                                        0


                                                                                    L




                                                                                                                                                          0
                                                                                                                                                              0




                                                                                                                                                                                  0
                                                                                                                                                                                      2
                US 64 [W]




                                                                                                                                                                                                          US 64 [E]
                                    22408




                                                    22410


                                                            21789



                                                                            21791




                                                                                                                                                  20581



                                                                                                                                                                  20581


                                                                                                                                                                          23028




                                                                                                                                                                                          23028
                                                                                                  05/04/2010 6:00 AM
                            In




                                                                                                                                                                                                  In
                                                                                    T




                                                                                                                                              T
                                            2
                                                0




                                                                    2
                                                                        0




                                                                                                                                                          0
                                                                                                                                                              0




                                                                                                                                                                                  0
                                                                                                                                                                                      0
                                                                                                  Ending At
                                                                                                  05/04/2010 10:00 PM
                                    21348




                                                    21348




                                                                                                                                                                          47587




                                                                                                                                                                                          47585
                                                                                                  Cars & Trucks
                                                                                                                                                  1669



                                                                                                                                                                  1669




                                                                                                                                                                                                  Total
                                                            356



                                                                            356
                            Out




                                                                                    R
                                            0
                                                0




                                                                    0
                                                                        0




                                                                                                                                              L


                                                                                                                                                          0
                                                                                                                                                              0




                                                                                                                                                                                  0
                                                                                                                                                                                      2
                                                                                                  Peds
                                                                                                  Class 3




                                                                                                        L            T            R
                                                                                                       382          147          2117
                                                                                                        0            1            0
                                                                                                        0            0            0
                                                                                                       382          148          2117


                                                                                                       2142         2638         4780
                                                                                                        0            1            1
                                                                                                        0            0            0
                                                                                                       2142         2639         4781
                                                                                                       Out           In          Total
                                                                                                        Edinburgh Drive [S]


                                                                                        Turning Movement Data Plot
                                                                                    Town of Cary                                                       Count Name: US 64 @
School: in session                                                         316 N. Academy St.                                                          Edinburgh Dr-16hr-2010
Weather: partly cloudy                                                       P.O. Box 8005                                                             Site Code: 00000108
Pedestrians: counted                                            Cary, North Carolina, United States 27513                                              Start Date: 05/04/2010
                                                                              919.469.4030                                                             Page No: 4




                                                Turning Movement Peak Hour Data (7:45 AM)
                          Edinburgh Drive                                 US 64                                  Edinburgh Drive                                  US 64
                               Southbound                               Westbound                                  Northbound                                    Eastbound
 Start Time                                     App.                                        App.                                        App.                                         App.     Int.
                Left    Thru     Right   Peds           Left    Thru      Peds      Right           Left    Peds      Thru      Right           Left     Peds      Thru      Right
                                                Total                                       Total                                       Total                                        Total   Total
  7:45 AM        13      1         5        0    19      59     535        10        6      610      3       0         0         20      23      1        8        562        2      573     1225
  8:00 AM        16      1         7        0    24      38     428        22        8      496      2       0         1         25      28      1        6        432        3      442     990
  8:15 AM        14      2        10        0    26      40     473        22        8      543      0       0         0         30      30      2        5        487        2      496     1095
  8:30 AM        15      3         2        0    20      49     365        34        15     463      2       0         1         18      21      4        10       516        5      535     1039
    Total        58      7        24        0    89     186     1801       88        37     2024     7       0         2         93     102      8        29       1997       12     2017    4232
 Approach %     65.2     7.9      27.0      -     -      9.2    89.0        -        1.8      -      6.9     -         2.0      91.2      -      0.4       -       99.0       0.6      -       -
   Total %       1.4     0.2      0.6       -    2.1     4.4    42.6        -        0.9    47.8     0.2     -         0.0       2.2     2.4     0.2       -       47.2       0.3    47.7      -
    PHF         0.906   0.583    0.600      -   0.856   0.788   0.842       -       0.617   0.843   0.583    -       0.500   0.775      0.850   0.500      -       0.888     0.600   0.892   0.877
Cars & Trucks    58      7        24        0    89     186     1801       88        37     2024     7       0         2         93     102      8        29       1997       12     2017    4232
  % Cars &      100.0   100.0    100.0      -   100.0   100.0   100.0     100.0     100.0   100.0   100.0    -       100.0   100.0      100.0   100.0    100.0     100.0     100.0   100.0   100.0
   Trucks
    Peds         0       0         0        0    0       0       0          0        0       0       0       0         0         0       0       0        0         0         0       0       0
  % Peds         0.0     0.0      0.0       -    0.0     0.0     0.0       0.0       0.0     0.0     0.0     -         0.0       0.0     0.0     0.0      0.0       0.0       0.0     0.0     0.0
   Class 3       0       0         0        0    0       0       0          0        0       0       0       0         0         0       0       0        0         0         0       0       0
 % Class 3       0.0     0.0      0.0       -    0.0     0.0     0.0       0.0       0.0     0.0     0.0     -         0.0       0.0     0.0     0.0      0.0       0.0       0.0     0.0     0.0
                                                                                                   Town of Cary                                               Count Name: US 64 @
School: in session                                                                              316 N. Academy St.                                            Edinburgh Dr-16hr-2010
Weather: partly cloudy                                                                            P.O. Box 8005                                               Site Code: 00000108
Pedestrians: counted                                                                 Cary, North Carolina, United States 27513                                Start Date: 05/04/2010
                                                                                                   919.469.4030                                               Page No: 5




                                                                                                    Edinburgh Drive [N]
                                                                                                   Out       In         Total
                                                                                                   164       89         253
                                                                                                   0         0           0
                                                                                                   0         0           0
                                                                                                   164       89         253


                                                                                              24         7         58           0
                                                                                               0         0         0            0
                                                                                               0         0         0            0
                                                                                              24         7         58           0
                                                                                              R          T         L            U




                                                                                            Peak Hour Data
                            Total
                                    3849




                                                   3849




                                                                                                                                                              2148




                                                                                                                                                                             2148
                                                                                                                                        125



                                                                                                                                                       125




                                                                                                                                                                                    Out
                                                           37



                                                                          37




                                                                                                                                    R
                                           0
                                               0




                                                                  0
                                                                      0


                                                                                 L




                                                                                                                                               0
                                                                                                                                                   0




                                                                                                                                                                     0
                                                                                                                                                                         0
                US 64 [W]




                                                                                                                                                                                            US 64 [E]
                                    2017




                                                   2017


                                                           1997



                                                                          1997




                                                                                                                                        1801



                                                                                                                                                       1801


                                                                                                                                                              2024




                                                                                                                                                                             2024
                                                                                               05/04/2010 7:45 AM
                            In




                                                                                                                                                                                    In
                                                                                 T




                                                                                                                                    T
                                           0
                                               0




                                                                  0
                                                                      0




                                                                                                                                               0
                                                                                                                                                   0




                                                                                                                                                                     0
                                                                                                                                                                         0
                                                                                               Ending At
                                                                                               05/04/2010 8:45 AM

                                                                                               Cars & Trucks
                                    1832




                                                   1832




                                                                                                                                                              4172




                                                                                                                                                                             4172
                                                                                                                                                                                    Total
                                                                                                                                        186



                                                                                                                                                       186
                            Out




                                                           12



                                                                          12
                                                                                 R
                                           0
                                               0




                                                                  0
                                                                      0




                                                                                                                                    L


                                                                                                                                               0
                                                                                                                                                   0




                                                                                                                                                                     0
                                                                                                                                                                         0
                                                                                               Peds
                                                                                               Class 3




                                                                                                   L         T           R
                                                                                                   7         2           93
                                                                                                   0         0           0
                                                                                                   0         0           0
                                                                                                   7         2           93


                                                                                                   205       102        307
                                                                                                   0         0           0
                                                                                                   0         0           0
                                                                                                   205       102        307
                                                                                                   Out       In         Total
                                                                                                    Edinburgh Drive [S]


                                                          Turning Movement Peak Hour Data Plot (7:45 AM)
                                                                                      Town of Cary                                                       Count Name: US 64 @
School: in session                                                           316 N. Academy St.                                                          Edinburgh Dr-16hr-2010
Weather: partly cloudy                                                         P.O. Box 8005                                                             Site Code: 00000108
Pedestrians: counted                                              Cary, North Carolina, United States 27513                                              Start Date: 05/04/2010
                                                                                919.469.4030                                                             Page No: 6




                                                  Turning Movement Peak Hour Data (5:00 PM)
                          Edinburgh Drive                                   US 64                                  Edinburgh Drive                                  US 64
                               Southbound                                 Westbound                                  Northbound                                    Eastbound
 Start Time                                       App.                                        App.                                        App.                                         App.     Int.
                Left    Thru     Right   Peds             Left    Thru      Peds      Right           Left    Peds      Thru      Right           Left     Peds      Thru      Right
                                                  Total                                       Total                                       Total                                        Total   Total
  5:00 PM        8       0         5        0      13      20     597         7        25     649      8       0         3         88      99      3        8        545        11     567     1328
  5:15 PM        16      2        15        0      33      42     627         4        20     693      5       0         4        108     117      3        8        556        0      567     1410
  5:30 PM        30      2         6        0      38      41     552         4        23     620      6       0         5         76      87      3        5        546        7      561     1306
  5:45 PM        20      8        12        1      41      43     473         9        10     535      10      0         2         67      79      5        7        569        2      583     1238
    Total        74      12       38        1     124     146     2249       24        78     2473     29      0         14       339     382      14       28       2216       20     2250    5229
 Approach %     59.7     9.7      30.6       -      -      5.9    90.9        -        3.2      -      7.6     -         3.7      88.7      -      0.6       -       98.5       0.9      -       -
   Total %       1.4     0.2      0.7        -     2.4     2.8    43.0        -        1.5    47.3     0.6     -         0.3       6.5     7.3     0.3       -       42.4       0.4    43.0      -
    PHF         0.617   0.375    0.633       -    0.775   0.849   0.897       -       0.780   0.897   0.725    -       0.700   0.785      0.816   0.700      -       0.974     0.455   0.977   0.935
Cars & Trucks    74      12       38        1     124     146     2249       24        78     2473     29      0         14       339     382      14       28       2216       20     2250    5229
  % Cars &      100.0   100.0    100.0   100.0    100.0   100.0   100.0     100.0     100.0   100.0   100.0    -       100.0   100.0      100.0   100.0    100.0     100.0     100.0   100.0   100.0
   Trucks
    Peds         0       0         0        0      0       0       0          0        0       0       0       0         0         0       0       0        0         0         0       0       0
  % Peds         0.0     0.0      0.0       0.0    0.0     0.0     0.0       0.0       0.0     0.0     0.0     -         0.0       0.0     0.0     0.0      0.0       0.0       0.0     0.0     0.0
   Class 3       0       0         0        0      0       0       0          0        0       0       0       0         0         0       0       0        0         0         0       0       0
 % Class 3       0.0     0.0      0.0       0.0    0.0     0.0     0.0       0.0       0.0     0.0     0.0     -         0.0       0.0     0.0     0.0      0.0       0.0       0.0     0.0     0.0
                                                                                                   Town of Cary                                                Count Name: US 64 @
School: in session                                                                              316 N. Academy St.                                             Edinburgh Dr-16hr-2010
Weather: partly cloudy                                                                            P.O. Box 8005                                                Site Code: 00000108
Pedestrians: counted                                                                 Cary, North Carolina, United States 27513                                 Start Date: 05/04/2010
                                                                                                   919.469.4030                                                Page No: 7




                                                                                                    Edinburgh Drive [N]
                                                                                                   Out        In         Total
                                                                                                   159        124        283
                                                                                                   0          0           0
                                                                                                   0          0           0
                                                                                                   159        124        283


                                                                                              38         12         74           1
                                                                                               0         0          0            0
                                                                                               0         0          0            0
                                                                                              38         12         74           1
                                                                                              R          T          L            U




                                                                                            Peak Hour Data
                            Total
                                    4566




                                                   4566




                                                                                                                                                               2629




                                                                                                                                                                              2629
                                                                                                                                         102



                                                                                                                                                        102




                                                                                                                                                                                     Out
                                                           42



                                                                          42




                                                                                                                                     R
                                           0
                                               0




                                                                  0
                                                                      0


                                                                                 L




                                                                                                                                                0
                                                                                                                                                    0




                                                                                                                                                                      0
                                                                                                                                                                          0
                US 64 [W]




                                                                                                                                                                                             US 64 [E]
                                    2250




                                                   2250


                                                           2216



                                                                          2216




                                                                                                                                         2249



                                                                                                                                                        2249


                                                                                                                                                               2473




                                                                                                                                                                              2473
                                                                                               05/04/2010 5:00 PM
                            In




                                                                                                                                                                                     In
                                                                                 T




                                                                                                                                     T
                                           0
                                               0




                                                                  0
                                                                      0




                                                                                                                                                0
                                                                                                                                                    0




                                                                                                                                                                      0
                                                                                                                                                                          0
                                                                                               Ending At
                                                                                               05/04/2010 6:00 PM

                                                                                               Cars & Trucks
                                    2316




                                                   2316




                                                                                                                                                               5102




                                                                                                                                                                              5102
                                                                                                                                                                                     Total
                                                                                                                                         146



                                                                                                                                                        146
                            Out




                                                           20



                                                                          20
                                                                                 R
                                           0
                                               0




                                                                  0
                                                                      0




                                                                                                                                     L


                                                                                                                                                0
                                                                                                                                                    0




                                                                                                                                                                      0
                                                                                                                                                                          0
                                                                                               Peds
                                                                                               Class 3




                                                                                                   L          T           R
                                                                                                   29         14         339
                                                                                                   0          0           0
                                                                                                   0          0           0
                                                                                                   29         14         339


                                                                                                   178        382        560
                                                                                                   0          0           0
                                                                                                   0          0           0
                                                                                                   178        382        560
                                                                                                   Out        In         Total
                                                                                                    Edinburgh Drive [S]


                                                          Turning Movement Peak Hour Data Plot (5:00 PM)
