                                                                                     Town of Cary                                                    Count Name: Walnut St at
                                                                            316 N. Academy St.                                                       Meeting St
                                                                              P.O. Box 8005                                                          Site Code:
                                                                 Cary, North Carolina, United States 27513                                           Start Date: 11/09/2012
                                                                               919.469.4030                                                          Page No: 1



                                                                       Turning Movement Data
                             Walnut St                                  Meeting St                               Walnut St                                    Meeting St
                             Southbound                                 Westbound                                Northbound                                   Eastbound
Start Time                                        App.                                     App.                                       App.                                       App.     Int.
               Left   Thru     Right     U-Turn           Left   Thru     Right   U-Turn           Left   Thru     Right     U-Turn           Left     Thru     Right   U-Turn
                                                  Total                                    Total                                      Total                                      Total   Total
 6:00 AM        7      19        6         2       34      8      5         9         0     22      3     41         8         0       52     10        3         1        0      14     122
 6:15 AM       13      40        1         3       57      5      6         1         0     12      5     76        10         0       91     11        2         3        0      16     176
 6:30 AM       28      57        8         7      100     11      6        12         0     29     12     108       19         0      139     18        1         3        0      22     290
 6:45 AM       32      62       12         9      115     15      9        10         0     34     13     125       23         0      161     23        4         3        0      30     340
Hourly Total   80     178       27        21      306     39      26       32         0     97     33     350       60         0      443     62        10       10        0      82     928
 7:00 AM       25      74        6         4      109     13      4        15         0     32      8     184       22         0      214     26        7         6        0      39     394
 7:15 AM       41      89       13        17      160     26      11       15         0     52     19     248       35         1      303     35        9         5        0      49     564
 7:30 AM       41     122       12         1      176     36      15       22         0     73     13     292       35         0      340     38        8         2        0      48     637
 7:45 AM       60     157       14        10      241     29      12       22         0     63     16     323       45         0      384     43        14        4        0      61     749
Hourly Total   167    442       45        32      686     104     42       74         0    220     56     1047      137        1      1241    142       38       17        0     197     2344
 8:00 AM       54     148       23         3      228     35      11       17         0     63     16     275       41         0      332     44        10        6        0      60     683
 8:15 AM       51     137       15        10      213     32      22       36         0     90      9     204       37         0      250     37        8         7        0      52     605
 8:30 AM       63     124       20         9      216     37      23       20         0     80     18     237       31         0      286     35        9         4        0      48     630
 8:45 AM       71     162       28         7      268     35      22       35         0     92     12     207       47         0      266     42        11        9        0      62     688
Hourly Total   239    571       86        29      925     139     78       108        0    325     55     923       156        0      1134    158       38       26        0     222     2606
 9:00 AM       89     160       16         7      272     38      18       18         0     74     25     205       28         1      259     39        12        7        0      58     663
 9:15 AM       94     135       29        13      271     32      25       24         0     81     13     205       52         0      270     35        14        4        0      53     675
 9:30 AM       98     139       32        10      279     21      17       33         0     71     19     178       47         0      244     35        20        8        0      63     657
 9:45 AM       88     101       31        10      230     40      21       39         0    100     12     190       46         0      248     51        14       14        0      79     657
Hourly Total   369    535       108       40      1052    131     81       114        0    326     69     778       173        1      1021    160       60       33        0     253     2652
 10:00 AM      113    133       37         6      289     38      15       57         0    110     18     184       59         0      261     41        17       10        0      68     728
 10:15 AM      110    118       28         4      260     40      24       69         0    133     13     165       68         1      247     48        18       13        0      79     719
 10:30 AM      127    139       36         4      306     42      11       62         0    115     10     166       56         1      233     41        25       11        0      77     731
 10:45 AM      119    133       32         8      292     60      34       84         0    178     12     189       69         0      270     42        16       12        0      70     810
Hourly Total   469    523       133       22      1147    180     84       272        0    536     53     704       252        2      1011    172       76       46        0     294     2988
 11:00 AM      117    168       31         6      322     61      29       75         0    165     14     191       55         0      260     30        19       20        0      69     816
 11:15 AM      140    192       34         3      369     67      28       66         0    161     14     215       100        0      329     53        12       16        0      81     940
 11:30 AM      167    197       37         6      407     61      37       95         0    193     22     234       79         1      336     37        28       12        0      77     1013
 11:45 AM      165    213       39         2      419     76      47       105        0    228     18     276       96         1      391     56        17       23        0      96     1134
Hourly Total   589    770       141       17      1517    265    141       341        0    747     68     916       330        2      1316    176       76       71        0     323     3903
 12:00 PM      172    235       44         4      455     90      39       119        0    248     30     243       90         2      365     61        19       14        0      94     1162
 12:15 PM      188    246       41         2      477     76      32       110        0    218     19     277       110        2      408     47        20       18        0      85     1188
 12:30 PM      172    238       34         4      448     84      39       110        0    233     25     253       92         1      371     51        30       17        0      98     1150
 12:45 PM      164    231       59         1      455     97      41       124        0    262     19     266       92         2      379     65        32       19        0     116     1212
Hourly Total   696    950       178       11      1835    347    151       463        0    961     93     1039      384        7      1523    224      101       68        0     393     4712
 1:00 PM       132    227       35         6      400     98      46       119        0    263     17     263       83         0      363     46        31       14        0      91     1117
 1:15 PM       171    233       45         3      452     76      39       154        0    269     12     264       76         1      353     54        24       24        0     102     1176
 1:30 PM       151    209       43         6      409     66      43       129        0    238     21     223       72         1      317     39        25       16        0      80     1044
 1:45 PM       141    237       44         4      426     89      40       119        0    248     21     234       70         1      326     57        21       21        0      99     1099
Hourly Total   595    906       167       19      1687    329    168       521        0    1018    71     984       301        3      1359    196      101       75        0     372     4436
 2:00 PM       148    234       52         7      441     63      39       128        0    230     11     259       71         1      342     52        30       17        0      99     1112
 2:15 PM       142    209       45         4      400     81      33       123        0    237     24     242       53         0      319     44        22       17        0      83     1039
 2:30 PM       164    235       43         2      444     72      51       118        0    241     10     275       69         0      354     46        18       20        0      84     1123
 2:45 PM       134    197       38         8      377     89      42       133        0    264      9     198       73         2      282     62        19       16        0      97     1020
Hourly Total   588    875       178       21      1662    305    165       502        0    972     54     974       266        3      1297    204       89       70        0     363     4294
 3:00 PM       156    230       41         3      430     69      43       105        0    217      9     282       59         0      350     40        22       11        0      73     1070
 3:15 PM       114    218       40         5      377     110     50       99         0    259     13     229       64         0      306     59        12        6        0      77     1019
 3:30 PM       140    260       32         8      440     76      31       103        0    210      9     283       60         1      353     50        23        8        0      81     1084
 3:45 PM       127    270       26         5      428     102     41       89         0    232      9     253       77         1      340     52        14        8        0      74     1074
Hourly Total   537    978       139       21      1675    357    165       396        0    918     40     1047      260        2      1349    201       71       33        0     305     4247
 4:00 PM       134    269       34         2      439     97      43       120        0    260      6     299       70         1      376     43        13       14        0      70     1145
 4:15 PM       121    236       28         6      391     86      31       99         0    216     12     290       53         1      356     29        18        9        0      56     1019
 4:30 PM       157    280       25         3      465     80      31       93         0    204     13     228       62         2      305     36        27       12        0      75     1049
 4:45 PM       140    257       37         4      438     88      33       106        1    228      8     257       73         1      339     54        18       18        0      90     1095
Hourly Total   552    1042      124       15      1733    351    138       418        1    908     39     1074      258        5      1376    162       76       53        0     291     4308
 5:00 PM       169    292       43        10      514     95      37       108        0    240     11     314       70         0      395     44        28        8        0      80     1229
 5:15 PM       145    303       27         3      478     68      35       115        0    218      8     270       66         2      346     33        13       10        0      56     1098
 5:30 PM       168    278       34        11      491     71      35       117        0    223     13     279       64         0      356     40        19        8        0      67     1137
 5:45 PM       202    294       27         3      526     106     32       102        0    240     17     276       60         3      356     38        14       15        1      68     1190
Hourly Total   684    1167      131       27      2009    340    139       442        0    921     49     1139      260        5      1453    155       74       41        1     271     4654
 6:00 PM       162    279       38         6      485     86      31       119        1    237     13     286       85         0      384     40        14       10        0      64     1170
 6:15 PM       171    300       35         3      509     75      30       111        0    216     12     257       85         1      355     36        18       10        0      64     1144
 6:30 PM       135     294      30      5       464     80      24     102      0       206     12     221      70      0      303      38      17      9       0       64     1037
 6:45 PM       158     247      30      4       439     66      31     121      0       218     18     247      67      0      332      40      20      14      0       74     1063
Hourly Total   626     1120    133      18     1897    307     116     453      1       877     55     1011    307      1      1374    154      69      43      0      266     4414
 7:00 PM       175     201      33      2       411     68      32     122      0       222     9      204      56      0      269      33      18      10      0       61      963
 7:15 PM       137     204      22      3       366     76      25     115      1       217     10     183      82      0      275      39      17      14      0       70      928
 7:30 PM       151     186      22      3       362     61      29     102      0       192     4      187      48      1      240      37      15      11      0       63      857
 7:45 PM       110     145      19      4       278     78      27      81      2       188     7      176      65      0      248      21      9       11      0       41      755
Hourly Total   573     736      96      12     1417    283     113     420      3       819     30     750     251      1      1032    130      59      46      0      235     3503
 8:00 PM       117     167      15      3       302     78      30     111      1       220     2      145      43      0      190      28      5       10      0       43      755
 8:15 PM        90     134      12      7       243     73      26     100      1       200     6      128      36      4      174      36      9       14      0       59      676
 8:30 PM        69     124      10      4       207     54      21      98      1       174     9      149      35      0      193      25      5       7       0       37      611
 8:45 PM        96     146      12      4       258     58      32     115      1       206     4      131      25      0      160      21      5       5       1       32      656
Hourly Total   372     571      49      18     1010    263     109     424      4       800     21     553     139      4      717     110      24      36      1      171     2698
 9:00 PM        53     119      10      3       185     51      16      86      0       153     5      128      15      1      149      22      3       7       0       32      519
 9:15 PM        48     100      4       3       155     52      27      82      1       162     4      116      14      0      134      20      5       5       0       30      481
 9:30 PM        51     126      4       6       187     45      18      86      0       149     8      114      18      0      140      16      0       4       0       20      496
 9:45 PM        38      84      10      5       137     42      8       53      0       103     3       96      14      0      113      13      2       1       0       16      369
Hourly Total   190     429      28      17      664    190      69     307      1       567     20     454      61      1      536      71      10      17      0       98     1865
Grand Total    7326    11793   1763    340     21222   3930    1785    5287     10     11012   806     13743   3595     38     18182   2477    972     685      2      4136    54552
Approach %     34.5    55.6     8.3     1.6      -     35.7    16.2    48.0     0.1      -      4.4    75.6    19.8     0.2      -     59.9    23.5    16.6     0.0      -       -
  Total %      13.4    21.6     3.2     0.6    38.9     7.2     3.3     9.7     0.0    20.2     1.5    25.2     6.6     0.1    33.3     4.5     1.8     1.3     0.0     7.6      -
    Car        7326    11793   1763    340     21222   3930    1785    5287     10     11012   806     13743   3595     38     18182   2477    972     685      2      4136    54552
  % Car        100.0   100.0   100.0   100.0   100.0   100.0   100.0   100.0   100.0   100.0   100.0   100.0   100.0   100.0   100.0   100.0   100.0   100.0   100.0   100.0   100.0
                                                             Town of Cary                           Count Name: Walnut St at
                                                         316 N. Academy St.                         Meeting St
                                                           P.O. Box 8005                            Site Code:
                                              Cary, North Carolina, United States 27513             Start Date: 11/09/2012
                                                            919.469.4030                            Page No: 3




                                                                  Walnut St [N]
                                                            Out         In         Total
                                                           21847       21222       43069
                                                           21847       21222       43069


                                                     1763     11793          7326          340
                                                     1763     11793          7326          340
                                                      R            T           L           U




                                                                                                 5287
                                                                                                 5287
                                       U




                                                                                                  R
                                       2
                                       2




                                                                                                        11903
                                                                                                                11903
                 Total
                         8492
                                8492




                                                                                                                        Out
Meeting St [W]




                                       2477
                                       2477




                                                                                                 1785
                                                                                                 1785




                                                                                                                                Meeting St [E]
                                                                                                  T
                                        L




                                                                                                        11012
                                                                                                                11012
                         4136
                                4136




                                                       11/09/2012 6:00 AM
                 In




                                                                                                                        In
                                                       Ending At
                                                       11/09/2012 10:00 PM




                                                                                                 3930
                                                                                                 3930
                                       972
                                       972
                                        T




                                                                                                  L




                                                                                                        22915
                                                                                                                22915
                                                       Car
                         4356
                                4356




                                                                                                                        Total
                 Out




                                       685
                                       685




                                                                                                 10
                                                                                                 10
                                        R




                                                                                                 U




                                                      U            L           T           R
                                                      38          806        13743     3595
                                                      38          806        13743     3595


                                                           16446       18182       34628
                                                           16446       18182       34628
                                                            Out         In         Total
                                                                  Walnut St [S]


                                              Turning Movement Data Plot
                                                                                       Town of Cary                                                        Count Name: Walnut St at
                                                                             316 N. Academy St.                                                            Meeting St
                                                                               P.O. Box 8005                                                               Site Code:
                                                                  Cary, North Carolina, United States 27513                                                Start Date: 11/09/2012
                                                                                919.469.4030                                                               Page No: 4




                                                  Turning Movement Peak Hour Data (11:00 AM)
                             Walnut St                                    Meeting St                                   Walnut St                                     Meeting St
                            Southbound                                    Westbound                                   Northbound                                     Eastbound
Start Time                                        App.                                         App.                                         App.                                          App.     Int.
             Left    Thru      Right     U-Turn           Left    Thru      Right   U-Turn             Left    Thru      Right     U-Turn           Left     Thru      Right   U-Turn
                                                  Total                                        Total                                        Total                                         Total   Total
 11:00 AM    117     168        31         6       322     61      29        75         0      165      14     191        55         0      260      30       19        20         0       69     816
 11:15 AM    140     192        34         3       369     67      28        66         0      161      14     215       100         0      329      53       12        16         0       81     940
 11:30 AM    167     197        37         6       407     61      37        95         0      193      22     234        79         1      336      37       28        12         0       77     1013
 11:45 AM    165     213        39         2       419     76      47        105        0      228      18     276        96         1      391      56       17        23         0       96     1134
  Total      589     770       141        17      1517    265     141        341        0      747      68     916       330         2      1316    176       76        71         0      323     3903
Approach %   38.8    50.8       9.3       1.1       -     35.5    18.9      45.6        0.0      -      5.2    69.6      25.1       0.2       -     54.5     23.5      22.0        0.0      -       -
 Total %     15.1    19.7       3.6       0.4      38.9    6.8     3.6       8.7        0.0    19.1     1.7    23.5       8.5       0.1     33.7     4.5      1.9       1.8        0.0     8.3      -
   PHF       0.882   0.904    0.904      0.708    0.905   0.872   0.750     0.812      0.000   0.819   0.773   0.830    0.825      0.500    0.841   0.786    0.679     0.772      0.000   0.841   0.860
   Car       589     770       141        17      1517    265     141        341        0      747      68     916       330         2      1316    176       76        71         0      323     3903
  % Car      100.0   100.0    100.0      100.0    100.0   100.0   100.0     100.0        -     100.0   100.0   100.0    100.0      100.0    100.0   100.0    100.0     100.0        -     100.0   100.0
                                                              Town of Cary                            Count Name: Walnut St at
                                                          316 N. Academy St.                          Meeting St
                                                            P.O. Box 8005                             Site Code:
                                               Cary, North Carolina, United States 27513              Start Date: 11/09/2012
                                                             919.469.4030                             Page No: 5




                                                                   Walnut St [N]
                                                            Out           In          Total
                                                            1450         1517         2967
                                                            1450         1517         2967


                                                      141          770          589           17
                                                      141          770          589           17
                                                       R            T           L             U




                                                                                                    341
                                                                                                    341
                                     U




                                                                                                     R
                                     0
                                     0




                                                     Peak Hour Data
                 Total
                         673
                               673




                                                                                                          995
                                                                                                                 995
                                                                                                                        Out
Meeting St [W]




                                                                                                                                Meeting St [E]
                                     176
                                     176




                                                                                                    141
                                                                                                    141
                                                                                                     T
                                      L




                                                        11/09/2012 11:00 AM
                         323
                               323




                                                                                                          747
                                                                                                                 747
                 In




                                                                                                                        In
                                                        Ending At
                                                        11/09/2012 12:00 PM




                                                                                                    265
                                                                                                    265
                                     76
                                     76
                                     T




                                                                                                     L
                                                        Car




                                                                                                          1742
                                                                                                                 1742
                                                                                                                        Total
                         350
                               350
                 Out




                                     71
                                     71
                                     R




                                                                                                    U
                                                                                                    0
                                                                                                    0




                                                       U            L           T             R
                                                       2           68           916           330
                                                       2           68           916           330


                                                            1108         1316         2424
                                                            1108         1316         2424
                                                            Out           In          Total
                                                                   Walnut St [S]


                                     Turning Movement Peak Hour Data Plot (11:00 AM)
                                                                                       Town of Cary                                                        Count Name: Walnut St at
                                                                             316 N. Academy St.                                                            Meeting St
                                                                               P.O. Box 8005                                                               Site Code:
                                                                  Cary, North Carolina, United States 27513                                                Start Date: 11/09/2012
                                                                                919.469.4030                                                               Page No: 6




                                                  Turning Movement Peak Hour Data (12:00 PM)
                             Walnut St                                    Meeting St                                   Walnut St                                     Meeting St
                            Southbound                                    Westbound                                   Northbound                                     Eastbound
Start Time                                        App.                                         App.                                         App.                                          App.     Int.
             Left    Thru      Right     U-Turn           Left    Thru      Right   U-Turn             Left    Thru      Right     U-Turn           Left     Thru      Right   U-Turn
                                                  Total                                        Total                                        Total                                         Total   Total
 12:00 PM    172     235        44         4       455     90      39        119        0      248      30     243        90         2      365      61       19        14         0       94     1162
 12:15 PM    188     246        41         2       477     76      32        110        0      218      19     277       110         2      408      47       20        18         0       85     1188
 12:30 PM    172     238        34         4       448     84      39        110        0      233      25     253        92         1      371      51       30        17         0       98     1150
 12:45 PM    164     231        59         1       455     97      41        124        0      262      19     266        92         2      379      65       32        19         0      116     1212
  Total      696     950       178        11      1835    347     151        463        0      961      93     1039      384         7      1523    224      101        68         0      393     4712
Approach %   37.9    51.8       9.7       0.6       -     36.1    15.7      48.2        0.0      -      6.1    68.2      25.2       0.5       -     57.0     25.7      17.3        0.0      -       -
 Total %     14.8    20.2       3.8       0.2      38.9    7.4     3.2       9.8        0.0    20.4     2.0    22.1       8.1       0.1     32.3     4.8      2.1       1.4        0.0     8.3      -
   PHF       0.926   0.965    0.754      0.688    0.962   0.894   0.921     0.933      0.000   0.917   0.775   0.938    0.873      0.875    0.933   0.862    0.789     0.895      0.000   0.847   0.972
   Car       696     950       178        11      1835    347     151        463        0      961      93     1039      384         7      1523    224      101        68         0      393     4712
  % Car      100.0   100.0    100.0      100.0    100.0   100.0   100.0     100.0        -     100.0   100.0   100.0    100.0      100.0    100.0   100.0    100.0     100.0        -     100.0   100.0
                                                              Town of Cary                            Count Name: Walnut St at
                                                          316 N. Academy St.                          Meeting St
                                                            P.O. Box 8005                             Site Code:
                                               Cary, North Carolina, United States 27513              Start Date: 11/09/2012
                                                             919.469.4030                             Page No: 7




                                                                   Walnut St [N]
                                                            Out           In          Total
                                                            1737         1835         3572
                                                            1737         1835         3572


                                                      178          950          696           11
                                                      178          950          696           11
                                                       R            T           L             U




                                                                                                    463
                                                                                                    463
                                     U




                                                                                                     R
                                     0
                                     0




                                                     Peak Hour Data
                 Total




                                                                                                          1181
                                                                                                                 1181
                         815
                               815




                                                                                                                        Out
Meeting St [W]




                                                                                                                                Meeting St [E]
                                     224
                                     224




                                                                                                    151
                                                                                                    151
                                                                                                     T
                                      L




                                                        11/09/2012 12:00 PM
                         393
                               393




                                                                                                          961
                                                                                                                 961
                 In




                                                                                                                        In
                                                        Ending At
                                                        11/09/2012 1:00 PM
                                     101
                                     101




                                                                                                    347
                                                                                                    347
                                      T




                                                                                                     L
                                                        Car




                                                                                                          2142
                                                                                                                 2142
                                                                                                                        Total
                         422
                               422
                 Out




                                     68
                                     68
                                     R




                                                                                                    U
                                                                                                    0
                                                                                                    0




                                                       U            L           T             R
                                                       7           93          1039           384
                                                       7           93          1039           384


                                                            1372         1523         2895
                                                            1372         1523         2895
                                                            Out           In          Total
                                                                   Walnut St [S]


                                     Turning Movement Peak Hour Data Plot (12:00 PM)
            Town of Cary                    Count Name: Walnut St at
           316 N. Academy St.               Meeting St
             P.O. Box 8005                  Site Code:
Cary, North Carolina, United States 27513   Start Date: 11/09/2012
              919.469.4030                  Page No: 8
