                                                                                                                                                     Count Name: Walnut St at
                                                                                    Town of Cary                                                     Macedonia Rd_Crossroads
                                                                            316 N. Academy St.                                                       Manor Ct
                                                                              P.O. Box 8005                                                          Site Code:
                                                                 Cary, North Carolina, United States 27513                                           Start Date: 02/16/2012
                                                                               919.469.4030                                                          Page No: 1



                                                                       Turning Movement Data
                             Walnut St                                 Macedonia Rd                              Walnut St                             Crossroads Manor Ct
                             Southbound                                 Westbound                                Northbound                                   Eastbound
Start Time                                        App.                                     App.                                       App.                                       App.     Int.
               Left   Thru     Right     U-Turn           Left   Thru     Right   U-Turn           Left   Thru     Right     U-Turn           Left     Thru     Right   U-Turn
                                                  Total                                    Total                                      Total                                      Total   Total
 6:00 AM        0     24         0         0       24      0      0         1         0     1       0     54         0         0       54      3        1        1        0       5       84
 6:15 AM        3     13         0         0       16      0      0         2         0     2       0     75         2         0       77      5        1        4        0       10     105
 6:30 AM        2     28         0         0       30      0      0         7         0     7       0     92         0         0       92     11        1        2        0       14     143
 6:45 AM        3     24         1         0       28      0      0         4         0     4       4     121        1         0      126     14        2        12       0       28     186
Hourly Total    8     89         1         0       98      0      0        14         0     14      4     342        3         0      349     33        5        19       0       57     518
 7:00 AM        5     47         4         0       56      0      0         7         0     7       4     221        2         0      227     17        3        6        0       26     316
 7:15 AM        8     55         3         0       66      0      1         9         0     10      3     278        0         0      281     19        2        17       0       38     395
 7:30 AM        7     83         4         0       94      0      0        13         0     13      4     267        0         2      273     26        2        12       0       40     420
 7:45 AM        6     72         4         0       82      0      1        22         0     23      0     311        1         2      314     20        4        12       0       36     455
Hourly Total   26     257       15         0      298      0      2        51         0     53     11     1077       3         4      1095    82        11       47       0      140     1586
 8:00 AM        5     77         6         0       88      1      1         8         0     10      7     255        0         0      262     16        5        12       0       33     393
 8:15 AM       10     69         5         0       84      0      1         9         0     10      4     216        1         0      221     17        5        9        0       31     346
 8:30 AM        5     70         7         0       82      1      2         9         0     12      4     193        0         1      198     23        2        12       0       37     329
 8:45 AM        9     96         6         0      111      2      3        17         0     22      3     207        1         1      212      7        3        14       0       24     369
Hourly Total   29     312       24         0      365      4      7        43         0     54     18     871        2         2      893     63        15       47       0      125     1437
 9:00 AM        8     91         8         0      107      1      0        14         0     15      5     161        1         0      167     14        0        10       0       24     313
 9:15 AM       11     99         1         0      111      0      1        15         0     16      3     145        3         1      152      8        1        6        0       15     294
 9:30 AM        7     98         4         3      112      0      0        12         0     12      2     140        1         2      145     16        2        8        0       26     295
 9:45 AM        9     82         1         0       92      1      0         9         0     10      5     127        0         4      136      7        0        2        0       9      247
Hourly Total   35     370       14         3      422      2      1        50         0     53     15     573        5         7      600     45        3        26       0       74     1149
 10:00 AM       5     82         2         0       89      0      0        15         0     15      5     112        0         0      117      5        2        7        0       14     235
 10:15 AM       6     85         3         1       95      0      1         7         0     8       2     105        0         2      109      6        2        5        0       13     225
 10:30 AM       9     99         3         0      111      0      1        10         0     11      1     118        1         2      122      7        2        5        0       14     258
 10:45 AM      13     102        5         2      122      0      1         8         0     9       6     139        0         2      147      5        0        6        0       11     289
Hourly Total   33     368       13         3      417      0      3        40         0     43     14     474        1         6      495     23        6        23       0       52     1007
 11:00 AM       9     94         3         5      111      0      0        18         0     18      3     132        1         1      137     11        1        4        0       16     282
 11:15 AM       8     124        6         2      140      0      1        13         0     14      3     131        0         2      136      9        1        1        0       11     301
 11:30 AM       9     128        4         2      143      1      2        13         0     16      3     172        1         1      177      4        0        5        0       9      345
 11:45 AM      13     149        9         1      172      2      0        17         0     19      7     148        0         5      160      2        1        5        0       8      359
Hourly Total   39     495       22        10      566      3      3        61         0     67     16     583        2         9      610     26        3        15       0       44     1287
 12:00 PM      16     136        4         3      159      0      2        17         0     19      5     177        1         3      186      8        1        12       0       21     385
 12:15 PM      18     158        5         1      182      0      0        16         0     16      2     186        3         0      191      1        1        3        0       5      394
 12:30 PM      15     176        6         1      198      0      0         9         0     9       6     180        2         0      188      5        3        10       0       18     413
 12:45 PM      21     154        4         1      180      0      4        15         0     19      6     177        2         1      186      6        3        7        0       16     401
Hourly Total   70     624       19         6      719      0      6        57         0     63     19     720        8         4      751     20        8        32       0       60     1593
 1:00 PM       28     158        6         2      194      3      0        14         0     17      6     149        2         1      158      8        2        7        0       17     386
 1:15 PM       18     175        6         0      199      0      1         9         0     10      1     148        0         2      151      9        4        5        0       18     378
 1:30 PM       10     185        9         0      204      1      1        11         0     13      3     133        1         1      138      4        0        7        0       11     366
 1:45 PM       13     174        9         1      197      0      0        18         0     18      1     127        0         1      129      6        1        8        0       15     359
Hourly Total   69     692       30         3      794      4      2        52         0     58     11     557        3         5      576     27        7        27       0       61     1489
 2:00 PM       10     175        6         1      192      1      0        12         0     13      7     120        1         1      129     11        1        5        0       17     351
 2:15 PM       16     187        5         1      209      0      0        14         0     14      2     105        1         0      108      8        0        6        0       14     345
 2:30 PM       18     158        6         0      182      1      4         8         0     13      3     132        0         1      136      6        7        8        0       21     352
 2:45 PM       24     182        7         1      214      1      0         8         0     9       4     134        0         0      138     10        1        7        0       18     379
Hourly Total   68     702       24         3      797      3      4        42         0     49     16     491        2         2      511     35        9        26       0       70     1427
 3:00 PM        9     179       11         0      199      1      1        11         0     13      7     148        2         3      160      2        1        7        0       10     382
 3:15 PM       17     212        8         2      239      0      0         7         0     7       3     136        0         0      139      5        0        8        0       13     398
 3:30 PM       18     207       11         2      238      1      1        14         0     16      6     118        0         1      125      8        0        7        0       15     394
 3:45 PM       16     191       10         0      217      0      0         7         0     7       4     165        2         1      172     10        1        9        0       20     416
Hourly Total   60     789       40         4      893      2      2        39         0     43     20     567        4         5      596     25        2        31       0       58     1590
 4:00 PM       20     206        7         1      234      0      1         8         0     9       2     124        0         1      127      6        0        3        0       9      379
 4:15 PM       18     219       10         1      248      1      2        13         0     16      4     125        1         1      131      7        2        3        0       12     407
 4:30 PM       16     238       12         1      267      1      0         7         0     8       4     124        2         1      131      6        1        3        0       10     416
 4:45 PM       27     229       10         0      266      1      2        16         0     19     11     127        0         0      138      9        1        11       0       21     444
Hourly Total   81     892       39         3      1015     3      5        44         0     52     21     500        3         3      527     28        4        20       0       52     1646
 5:00 PM       30     276       25         0      331      4      4        18         0     26      5     143        0         1      149      3        3        11       0       17     523
 5:15 PM       31     238       16         1      286      2      5        10         0     17     10     141        3         2      156      6        2        8        0       16     475
 5:30 PM       30     221       10         3      264      2      1        16         0     19     15     155        2         2      174     10        1        8        0       19     476
 5:45 PM       23     236       24         0      283      2      1        11         0     14      9     162        0         1      172     11        1        7        0       19     488
Hourly Total   114    971       75         4      1164    10      11       55         0     76     39     601        5         6      651     30        7        34       0       71     1962
 6:00 PM       13     236       12         1      262      0      4        15         0     19      9     133        1         1      144     12        1        9        0       22     447
 6:15 PM       11     245       17         0      273      1      1        18         0     20      7     126        0         2      135      9        1        9        0       19     447
 6:30 PM        14     189      21      2       226     0       2       12      0       14      5      120      0       1      126      5       3       11     0      19      385
 6:45 PM        16     189      12      1       218     0       2       7       0       9       6      127      1       1      135      4       1       5      0      10      372
Hourly Total    54     859      62      4       979     1       9       52      0       62      27     506      2       5      540      30      6       34     0      70     1651
 7:00 PM        22     182      13      0       217     1       0       8       1       10      4      101      0       2      107      4       3       3      0      10      344
 7:15 PM        14     202      22      1       239     0       2       3       0       5       3      111      0       3      117      7       1       11     0      19      380
 7:30 PM        16     150      11      0       177     0       3       10      0       13      5       84      0       0       89      7       0       3      0      10      289
 7:45 PM        19     141      7       0       167     2       1       5       0       8       0       72      0       1       73      3       0       10     0      13      261
Hourly Total    71     675      53      1       800     3       6       26      1       36      12     368      0       6      386      21      4       27     0      52     1274
 8:00 PM        11     163      5       2       181     0       0       4       0       4       4       75      1       0       80      3       0       7      0      10      275
 8:15 PM        10     143      17      0       170     1       2       5       0       8       6       47      1       1       55      3       0       5      0      8       241
 8:30 PM        8      127      7       0       142     0       2       6       0       8       5       55      1       1       62      5       1       6      0      12      224
 8:45 PM        13     119      14      0       146     0       3       0       0       3       2       44      0       0       46      5       2       6      0      13      208
Hourly Total    42     552      43      2       639     1       7       15      0       23      17     221      3       2      243      16      3       24     0      43      948
 9:00 PM        4      122      6       1       133     0       1       5       0       6       1       34      0       0       35      2       1       4      0      7       181
 9:15 PM        4      107      5       0       116     1       3       0       0       4       8       47      3       0       58      1       1       2      0      4       182
 9:30 PM        3       81      6       1       91      0       2       5       0       7       3       43      1       1       48      0       0       4      0      4       150
 9:45 PM        5       61      3       0       69      0       0       1       0       1       0       43      1       1       45      4       0       4      0      8       123
Hourly Total    16     371      20      2       409     1       6       11      0       18      12     167      5       2      186      7       2       14     0      23      636
Grand Total    815     9018    494      48     10375    37      74     652      1      764     272     8618     51      68     9009    511      95     446     0     1052    21200
Approach %      7.9    86.9     4.8     0.5      -      4.8     9.7    85.3     0.1      -      3.0    95.7     0.6     0.8      -     48.6     9.0    42.4    0.0     -       -
  Total %       3.8    42.5     2.3     0.2    48.9     0.2     0.3     3.1     0.0     3.6     1.3    40.7     0.2     0.3    42.5     2.4     0.4     2.1    0.0    5.0      -
    Car        815     9018    494      48     10375    37      74     652      1      764     272     8618     51      68     9009    511      95     446     0     1052    21200
  % Car        100.0   100.0   100.0   100.0   100.0   100.0   100.0   100.0   100.0   100.0   100.0   100.0   100.0   100.0   100.0   100.0   100.0   100.0    -    100.0   100.0
                                                                                                            Count Name: Walnut St at
                                                                     Town of Cary                           Macedonia Rd_Crossroads
                                                                 316 N. Academy St.                         Manor Ct
                                                                   P.O. Box 8005                            Site Code:
                                                      Cary, North Carolina, United States 27513             Start Date: 02/16/2012
                                                                    919.469.4030                            Page No: 3




                                                                          Walnut St [N]
                                                                   Out           In          Total
                                                                   9829        10375       20204
                                                                   9829        10375       20204


                                                             494         9018          815           48
                                                             494         9018          815           48
                                                              R            T           L             U




                                                                                                          652
                                                                                                          652
                                                U




                                                                                                           R
                                                0
                                                0
Crossroads Manor Ct [W]
                          Total
                                  1892
                                         1892




                                                                                                                962
                                                                                                                       962
                                                                                                                              Out
                                                                                                                                      Macedonia Rd [E]
                                                511
                                                511




                                                                                                          74
                                                                                                          74
                                                                                                          T
                                                 L
                                  1052
                                         1052




                                                               02/16/2012 6:00 AM




                                                                                                                764
                                                                                                                       764
                          In




                                                                                                                              In
                                                               Ending At
                                                               02/16/2012 10:00 PM
                                                95
                                                95




                                                                                                          37
                                                                                                          37
                                                T




                                                                                                           L
                                                               Car




                                                                                                                1726
                                                                                                                       1726
                                                                                                                              Total
                                  840
                                         840
                          Out




                                                446
                                                446
                                                 R




                                                                                                          U
                                                                                                          1
                                                                                                          1




                                                              U            L           T             R
                                                              68          272         8618           51
                                                              68          272         8618           51


                                                                   9569         9009       18578
                                                                   9569         9009       18578
                                                                   Out           In          Total
                                                                          Walnut St [S]


                                                      Turning Movement Data Plot
                                                                                                                                                          Count Name: Walnut St at
                                                                                      Town of Cary                                                        Macedonia Rd_Crossroads
                                                                             316 N. Academy St.                                                           Manor Ct
                                                                               P.O. Box 8005                                                              Site Code:
                                                                  Cary, North Carolina, United States 27513                                               Start Date: 02/16/2012
                                                                                919.469.4030                                                              Page No: 4




                                                  Turning Movement Peak Hour Data (7:15 AM)
                             Walnut St                                 Macedonia Rd                                   Walnut St                             Crossroads Manor Ct
                            Southbound                                    Westbound                                  Northbound                                     Eastbound
Start Time                                        App.                                        App.                                         App.                                         App.     Int.
             Left    Thru      Right     U-Turn           Left    Thru      Right   U-Turn            Left    Thru      Right     U-Turn           Left     Thru      Right   U-Turn
                                                  Total                                       Total                                        Total                                        Total   Total
 7:15 AM      8       55        3          0       66      0       1          9        0       10      3      278        0          0      281      19       2         17        0       38     395
 7:30 AM      7       83        4          0       94      0       0         13        0       13      4      267        0          2      273      26       2         12        0       40     420
 7:45 AM      6       72        4          0       82      0       1         22        0       23      0      311        1          2      314      20       4         12        0       36     455
 8:00 AM      5       77        6          0       88      1       1          8        0       10      7      255        0          0      262      16       5         12        0       33     393
  Total       26     287        17         0      330      1       3         52        0       56      14     1111       1          4      1130     81       13        53        0      147     1663
Approach %    7.9    87.0       5.2       0.0       -      1.8     5.4      92.9       0.0      -      1.2    98.3       0.1       0.4       -     55.1      8.8      36.1       0.0      -       -
 Total %      1.6    17.3       1.0       0.0     19.8     0.1     0.2       3.1       0.0     3.4     0.8    66.8       0.1       0.2     67.9     4.9      0.8       3.2       0.0     8.8      -
   PHF       0.813   0.864    0.708      0.000    0.878   0.250   0.750     0.591     0.000   0.609   0.500   0.893    0.250      0.500    0.900   0.779    0.650     0.779     0.000   0.919   0.914
   Car        26     287        17         0      330      1       3         52        0       56      14     1111       1          4      1130     81       13        53        0      147     1663
  % Car      100.0   100.0    100.0        -      100.0   100.0   100.0     100.0       -     100.0   100.0   100.0    100.0      100.0    100.0   100.0    100.0     100.0       -     100.0   100.0
                                                                                                          Count Name: Walnut St at
                                                                      Town of Cary                        Macedonia Rd_Crossroads
                                                                  316 N. Academy St.                      Manor Ct
                                                                    P.O. Box 8005                         Site Code:
                                                       Cary, North Carolina, United States 27513          Start Date: 02/16/2012
                                                                     919.469.4030                         Page No: 5




                                                                           Walnut St [N]
                                                                    Out           In         Total
                                                                    1244         330         1574
                                                                    1244         330         1574


                                                               17          287          26           0
                                                               17          287          26           0
                                                               R            T           L            U




                                                                                                         52
                                                                                                         52
                                              U




                                                                                                         R
                                              0
                                              0




                                                             Peak Hour Data
Crossroads Manor Ct [W]
                          Total
                                  181
                                        181




                                                                                                                        Out
                                                                                                              40
                                                                                                                   40


                                                                                                                                Macedonia Rd [E]
                                              81
                                              81




                                                                                                         T
                                               L




                                                                                                         3
                                                                                                         3
                                                                02/16/2012 7:15 AM
                                  147
                                        147




                                                                                                              56
                                                                                                                   56
                          In




                                                                                                                        In
                                                                Ending At
                                                                02/16/2012 8:15 AM
                                              13
                                              13
                                              T




                                                                                                         L
                                                                                                         1
                                                                                                         1
                                                                Car




                                                                                                                        Total
                          Out
                                  34
                                        34




                                                                                                              96
                                                                                                                   96
                                              53
                                              53
                                              R




                                                                                                         U
                                                                                                         0
                                                                                                         0




                                                               U            L           T            R
                                                               4           14          1111          1
                                                               4           14          1111          1


                                                                    345          1130        1475
                                                                    345          1130        1475
                                                                    Out           In         Total
                                                                           Walnut St [S]


                                              Turning Movement Peak Hour Data Plot (7:15 AM)
                                                                                                                                                          Count Name: Walnut St at
                                                                                      Town of Cary                                                        Macedonia Rd_Crossroads
                                                                             316 N. Academy St.                                                           Manor Ct
                                                                               P.O. Box 8005                                                              Site Code:
                                                                  Cary, North Carolina, United States 27513                                               Start Date: 02/16/2012
                                                                                919.469.4030                                                              Page No: 6




                                                  Turning Movement Peak Hour Data (5:00 PM)
                             Walnut St                                  Macedonia Rd                                  Walnut St                             Crossroads Manor Ct
                            Southbound                                    Westbound                                  Northbound                                     Eastbound
Start Time                                        App.                                        App.                                         App.                                         App.     Int.
             Left    Thru      Right     U-Turn           Left    Thru      Right   U-Turn            Left    Thru      Right     U-Turn           Left     Thru      Right   U-Turn
                                                  Total                                       Total                                        Total                                        Total   Total
 5:00 PM      30     276        25         0      331      4       4         18        0       26      5      143        0          1      149      3        3         11        0       17     523
 5:15 PM      31     238        16         1      286      2       5         10        0       17      10     141        3          2      156      6        2         8         0       16     475
 5:30 PM      30     221        10         3      264      2       1         16        0       19      15     155        2          2      174      10       1         8         0       19     476
 5:45 PM      23     236        24         0      283      2       1         11        0       14      9      162        0          1      172      11       1         7         0       19     488
  Total      114     971        75         4      1164     10      11        55        0       76      39     601        5          6      651      30       7         34        0       71     1962
Approach %    9.8    83.4       6.4       0.3       -     13.2    14.5      72.4       0.0      -      6.0    92.3       0.8       0.9       -     42.3      9.9      47.9       0.0      -       -
 Total %      5.8    49.5       3.8       0.2     59.3     0.5     0.6       2.8       0.0     3.9     2.0    30.6       0.3       0.3     33.2     1.5      0.4       1.7       0.0     3.6      -
   PHF       0.919   0.880    0.750      0.333    0.879   0.625   0.550     0.764     0.000   0.731   0.650   0.927    0.417      0.750    0.935   0.682    0.583     0.773     0.000   0.934   0.938
   Car       114     971        75         4      1164     10      11        55        0       76      39     601        5          6      651      30       7         34        0       71     1962
  % Car      100.0   100.0    100.0      100.0    100.0   100.0   100.0     100.0       -     100.0   100.0   100.0    100.0      100.0    100.0   100.0    100.0     100.0       -     100.0   100.0
                                                                                                           Count Name: Walnut St at
                                                                      Town of Cary                         Macedonia Rd_Crossroads
                                                                  316 N. Academy St.                       Manor Ct
                                                                    P.O. Box 8005                          Site Code:
                                                       Cary, North Carolina, United States 27513           Start Date: 02/16/2012
                                                                     919.469.4030                          Page No: 7




                                                                           Walnut St [N]
                                                                    Out           In          Total
                                                                    690          1164         1854
                                                                    690          1164         1854


                                                               75          971          114           4
                                                               75          971          114           4
                                                               R            T           L             U




                                                                                                          55
                                                                                                          55
                                              U




                                                                                                          R
                                              0
                                              0




                                                             Peak Hour Data
Crossroads Manor Ct [W]
                          Total
                                  196
                                        196




                                                                                                               126
                                                                                                                     126
                                                                                                                           Out
                                                                                                                                   Macedonia Rd [E]
                                              30
                                              30




                                                                                                          11
                                                                                                          11
                                                                                                          T
                                               L




                                                                02/16/2012 5:00 PM
                                  71
                                        71




                                                                                                               76
                                                                                                                     76
                          In




                                                                                                                           In
                                                                Ending At
                                                                02/16/2012 6:00 PM




                                                                                                          10
                                                                                                          10
                                              T
                                              7
                                              7




                                                                                                           L
                                                                Car




                                                                                                                           Total
                                  125
                                        125




                                                                                                               202
                                                                                                                     202
                          Out




                                              34
                                              34
                                              R




                                                                                                          U
                                                                                                          0
                                                                                                          0




                                                               U            L           T             R
                                                               6           39           601           5
                                                               6           39           601           5


                                                                    1021         651          1672
                                                                    1021         651          1672
                                                                    Out           In          Total
                                                                           Walnut St [S]


                                              Turning Movement Peak Hour Data Plot (5:00 PM)
                                            Count Name: Walnut St at
            Town of Cary                    Macedonia Rd_Crossroads
           316 N. Academy St.               Manor Ct
             P.O. Box 8005                  Site Code:
Cary, North Carolina, United States 27513   Start Date: 02/16/2012
              919.469.4030                  Page No: 8
