                                                                                                 Town of Cary                                                         Count Name: West Lake Rd at Middle Creek
                                                                                              316 N. Academy St.                                                      Park Ave\Wolfs Bane Dr
                                                                                                P.O. Box 8005                                                         Site Code:
                                                                                   Cary, North Carolina, United States 27513                                          Start Date: 01/11/2012
                                                                                    919.469.4030 tom.reilly@townofcary.org                                            Page No: 1



                                                                                      Turning Movement Data
                              West Lake Rd                                  Wolfs Bane Ct                                      West Lake Rd                                     Middle Creek Park Ave
                               Southbound                                    Westbound                                          Northbound                                           Eastbound
Start Time                                           App.                                            App.                                             App.                                                     App.
               Right   Thru   Left   U-Turn   Peds           Right   Thru   Left     U-Turn   Peds           Right   Thru      Left   U-Turn   Peds           Right      Thru      Left     U-Turn      Peds           Int. Total
                                                     Total                                           Total                                            Total                                                    Total
 6:00 AM        0       4      0        0      0      4       8       0      0         0       0       8      0      10         2        4      0      16      0          0          0        0          0      0         28
 6:15 AM        4       9      0        0      0      13      6       1      0         0       0       7      0      18         2        4      1      24      0          0          3        0          0      3         47
 6:30 AM        12     18      1        0      0      31      6       0      0         0       0       6      0      16         5        3      0      24      2          0          6        0          0      8         69
 6:45 AM        53     38      1        0      0      92      8       1      0         0       0       9      0      23        24       17      0      64      16         1         21        0          0      38       203
Hourly Total    69     69      2        0      0     140      28      2      0         0       0      30      0      67        33       28      1     128      18         1         30        0          0      49       347
 7:00 AM       127     64      2        0      0     193      6       1      0         0       0       7      0      60        35       19      0     114      73         2         31        0          0     106       420
 7:15 AM        79     46      1        0      0     126      13      1      3         0       0      17      1      72        21       15      0     109      46         2         47        0          0      95       347
 7:30 AM        17     41      3        1      0      62      7       0      0         0       0       7      1      56        12        0      0      69      9          0          5        0          0      14       152
 7:45 AM        22     52      1        0      0      75      6       0      3         0       0       9      2      69        15        3      0      89      11         0          5        0          1      16       189
Hourly Total   245     203     7        1      0     456      32      2      6         0       0      40      4      257       83       37      0     381     139         4         88        0          1     231       1108
 8:00 AM        21     29      2        0      0      52      5       2      5         0       0      12      3      70        41        3      0     117      18         1         30        0          0      49       230
 8:15 AM        27     29      0        0      0      56      6       1      0         0       0       7      2      43        15        0      0      60      19         1         34        0          0      54       177
 8:30 AM        5      19      1        0      0      25      4       0      1         0       0       5      0      34         5        0      1      39      4          0          7        0          0      11        80
 8:45 AM        5      23      2        0      0      30      7       0      0         0       0       7      1      35         6        0      0      42      2          0          9        0          0      11        90
Hourly Total    58     100     5        0      0     163      22      3      6         0       0      31      6      182       67        3      1     258      43         2         80        0          0     125       577
 9:00 AM        5      15      1        0      1      21      6       1      0         0       0       7      0      42         7        0      0      49      5          0          7        0          0      12        89
 9:15 AM        7      21      2        0      0      30      6       1      0         0       0       7      0      28         4        0      1      32      2          0          5        0          0      7         76
 9:30 AM        5      14      1        0      0      20      7       0      0         0       0       7      0      23         3        0      0      26      7          0          6        0          0      13        66
 9:45 AM        5      19      0        0      0      24      3       0      1         0       0       4      2      22         5        1      0      30      2          1          6        0          0      9         67
Hourly Total    22     69      4        0      1      95      22      2      1         0       0      25      2      115       19        1      1     137      16         1         24        0          0      41       298
 10:00 AM       5      17      0        0      0      22      2       0      0         0       0       2      1      18         1        1      0      21      1          0          4        0          0      5         50
 10:15 AM       10     16      3        0      0      29      5       0      1         0       0       6      0      23         3        0      0      26      4          0          5        0          0      9         70
 10:30 AM       5      16      3        0      0      24      4       0      0         0       0       4      0      19         2        0      0      21      19         0         39        0          0      58       107
 10:45 AM       3      14      2        0      0      19      3       0      0         0       0       3      0      20         3        0      0      23      0          0          6        0          0      6         51
Hourly Total    23     63      8        0      0      94      14      0      1         0       0      15      1      80         9        1      0      91      24         0         54        0          0      78       278
 11:00 AM       27     24      2        0      0      53      10      0      1         0       0      11      0      18        10        0      0      28      3          0          3        0          0      6         98
 11:15 AM       3      16      4        0      0      23      2       1      2         0       0       5      1      17         4        1      0      23      7          1         30        0          0      38        89
 11:30 AM       7      12      3        0      0      22      5       0      0         0       0       5      1      16         0        1      0      18      3          0          3        0          0      6         51
 11:45 AM       29     14      5        0      0      48      6       1      1         0       0       8      1      16         6        1      0      24      3          0          4        0          0      7         87
Hourly Total    66     66     14        0      0     146      23      2      4         0       0      29      3      67        20        3      0      93      16         1         40        0          0      57       325
 12:00 PM       8      15      6        0      0      29      5       0      1         0       0       6      0      28         4        1      0      33      21         1         34        0          0      56       124
 12:15 PM       7      24      6        0      0      37      4       0      1         0       0       5      0      18         4        1      0      23      0          0          3        0          0      3         68
 12:30 PM       31     25      4        0      0      60      6       1      1         0       0       8      0      25        15        2      0      42      10         1          4        0          0      15       125
 12:45 PM       11     20      1        0      0      32      1       0      1         0       0       2      1      19         6        1      0      27      2          0          7        0          0      9         70
Hourly Total    57     84     17        0      0     158      16      1      4         0       0      21      1      90        29        5      0     125      33         2         48        0          0      83       387
 1:00 PM        9      23      7        0      0      39      2       1      0         0       0       3      0      14         3        1      0      18      1          1          5        0          0      7         67
 1:15 PM        8      23      2        1      0      34      1       0      0         0       0       1      3      17         7        1      0      28      2          0          3        0          0      5         68
 1:30 PM        6       20      5       0       0       31      4       0       0      0     0    4       0       12      2       1       0       15      3       0       6      0      0       9       59
 1:45 PM        12      16      4       0       0       32      5       1       1      0     0    7       2       17      3       2       0       24      4       0       2      0      0       6       69
Hourly Total    35      82      18      1       0      136      12      2       1      0     0    15      5       60      15      5       0       85      10      1       16     0      0       27     263
 2:00 PM        20      33      2       0       0       55      3       0       1      0     0    4       2       31      8       3       0       44      2       0       7      0      2       9      112
 2:15 PM        23      37      8       0       0       68      4       0       2      0     0    6       0       38      9       6       0       53      49      3       57     0      1      109     236
 2:30 PM        18      39      5       0       0       62      5       1       4      0     0    10      1       32      17      0       0       50      48      6       70     0      0      124     246
 2:45 PM        21      42      2       0       0       65      6       0       4      0     0    10      3       31      8       1       0       43      10      1       34     0      0       45     163
Hourly Total    82     151      17      0       0      250      18      1       11     0     0    30      6      132      42      10      0      190     109      10     168     0      3      287     757
 3:00 PM        18      32      2       0       0       52      3       0       0      0     0    3       4       45      9       2       0       60      25      1       30     0      0       56     171
 3:15 PM        15      34      6       0       0       55      4       2       0      0     0    6       1       48      5       0       0       54      18      1       36     0      0       55     170
 3:30 PM        10      27      6       0       0       43      4       2       2      0     0    8       0       29      6       0       0       35      12      2       38     0      0       52     138
 3:45 PM        8       29      8       0       0       45      3       1       2      0     0    6       0       24      5       0       0       29      11      2       18     0      0       31     111
Hourly Total    51     122      22      0       0      195      14      5       4      0     0    23      5      146      25      2       0      178      66      6      122     0      0      194     590
 4:00 PM        8       25      4       0       0       37      4       0       0      0     0    4       1       33      7       0       0       41      14      0       24     0      0       38     120
 4:15 PM        9       33      8       0       0       50      3       0       0      0     0    3       1       19      4       0       0       24      3       2       12     0      0       17      94
 4:30 PM        7       28      9       0       0       44      4       0       0      0     0    4       1       27      7       0       0       35      4       0       9      0      0       13      96
 4:45 PM        15      44      8       0       0       67      5       1       0      0     0    6       1       20      7       0       0       28      5       0       12     0      0       17     118
Hourly Total    39     130      29      0       0      198      16      1       0      0     0    17      4       99      25      0       0      128      26      2       57     0      0       85     428
 5:00 PM        12      44      8       0       0       64      4       1       0      0     0    5       0       29      5       0       0       34      5       0       14     0      0       19     122
 5:15 PM        13      43      11      0       0       67      4       0       0      0     0    4       0       36      4       0       0       40      12      0       12     0      0       24     135
 5:30 PM        6       40      14      0       0       60      7       0       0      0     0    7       2       25      8       1       0       36      2       2       12     0      0       16     119
 5:45 PM        7       45      7       0       0       59      1       1       1      0     0    3       2       30      6       0       0       38      6       2       4      0      0       12     112
Hourly Total    38     172      40      0       0      250      16      2       1      0     0    19      4      120      23      1       0      148      25      4       42     0      0       71     488
 6:00 PM        12      29      10      0       0       51      3       0       0      0     0    3       1       19      3       2       1       25      4       0       7      0      0       11      90
 6:15 PM        16      46      11      0       0       73      5       0       2      0     0    7       1       19      4       0       0       24      2       0       3      0      0       5      109
 6:30 PM        6       30      7       0       0       43      4       0       0      0     0    4       1       20      2       0       0       23      2       1       5      0      0       8       78
 6:45 PM        12      37      12      0       0       61      0       0       0      0     0    0       0       14      2       2       0       18      2       0       3      0      0       5       84
Hourly Total    46     142      40      0       0      228      12      0       2      0     0    14      3       72      11      4       1       90      10      1       18     0      0       29     361
 7:00 PM        12      26      8       0       0       46      0       0       0      0     0    0       1       9       2       0       0       12      6       0       9      0      0       15      73
 7:15 PM        15      18      4       0       0       37      3       0       0      0     0    3       0       9       1       0       0       10      3       0       5      0      0       8       58
 7:30 PM        6       20      3       0       0       29      4       0       0      0     0    4       1       14      3       0       0       18      0       1       14     0      0       15      66
 7:45 PM        2       19      3       0       0       24      1       0       0      0     0    1       0       6       0       0       0       6       1       0       2      0      0       3       34
Hourly Total    35      83      18      0       0      136      8       0       0      0     0    8       2       38      6       0       0       46      10      1       30     0      0       41     231
 8:00 PM        3       24      5       0       0       32      1       0       0      0     0    1       0       12      0       0       0       12      3       0       10     0      0       13      58
 8:15 PM        14      22      4       0       0       40      0       0       0      0     0    0       0       8       3       0       0       11      0       0       3      0      0       3       54
 8:30 PM        3       23      3       0       0       29      3       0       1      0     0    4       0       9       0       0       0       9       1       0       23     0      0       24      66
 8:45 PM        1       22      2       0       0       25      0       0       0      0     0    0       0       7       1       0       0       8       1       0       0      0      0       1       34
Hourly Total    21      91      14      0       0      126      4       0       1      0     0    5       0       36      4       0       0       40      5       0       36     0      0       41     212
 9:00 PM        3       10      5       0       0       18      1       0       0      0     0    1       0       2       1       1       0       4       0       0       0      0      0       0       23
 9:15 PM        1       17      2       0       0       20      0       0       0      0     0    0       0       3       0       0       0       3       0       0       3      0      0       3       26
 9:30 PM        0       9       6       0       0       15      1       1       0      0     0    2       0       3       0       0       0       3       0       0       13     0      0       13      33
 9:45 PM        2       7       2       0       0       11      0       0       0      0     0    0       0       4       1       0       0       5       0       0       4      0      0       4       20
Hourly Total    6       43      15      0       0       64      2       1       0      0     0    3       0       12      2       1       0       15      0       0       20     0      0       20     102
Grand Total    893     1670    270      2       1      2835    259      24      42     0     0   325      46     1573    413     101      4      2133    550      36     873     0      4      1459    6752
Approach %     31.5    58.9     9.5     0.1      -       -     79.7     7.4    12.9    0.0   -     -      2.2    73.7    19.4     4.7      -       -     37.7     2.5    59.8    0.0     -       -       -
  Total %      13.2    24.7     4.0     0.0      -     42.0     3.8     0.4     0.6    0.0   -    4.8     0.7    23.3     6.1     1.5      -     31.6     8.1     0.5    12.9    0.0     -     21.6      -
    Car        893     1670    270      2        -     2835    259      24      42     0     -   325      46     1573    413     101       -     2133    550      36     873     0       -     1459    6752
  % Car        100.0   100.0   100.0   100.0     -     100.0   100.0   100.0   100.0    -    -   100.0   100.0   100.0   100.0   100.0     -     100.0   100.0   100.0   100.0    -      -     100.0   100.0
    Ped          -       -       -       -      1        -       -       -       -      -    0     -       -       -       -       -      4        -       -       -       -      -     4        -       -
  % Ped          -       -       -       -     100.0     -       -       -       -      -    -     -       -       -       -       -     100.0     -       -       -       -      -    100.0     -       -
                                                                          Town of Cary                                                                               Count Name: West Lake Rd at Middle Creek
                                                                       316 N. Academy St.                                                                            Park Ave\Wolfs Bane Dr
                                                                         P.O. Box 8005                                                                               Site Code:
                                                            Cary, North Carolina, United States 27513                                                                Start Date: 01/11/2012
                                                             919.469.4030 tom.reilly@townofcary.org                                                                  Page No: 3




                                                                              West Lake Rd [N]
                                                                          Out            In     Total
                                                                          2707         2835     5542
                                                                              0          0           0
                                                                          2707         2835     5542


                                                                  893     1670          270          2   0
                                                                   0          0          0           0   1
                                                                  893     1670          270          2   1
                                                                   R          T          L       U       P




                                                                                                             259


                                                                                                                   259
                                                      U




                                                                                                              R
                                                      0
                                                      0
                                                      0




                                                                                                              0
Middle Creek Park Ave [W]
                            Total
                                    2789


                                               2789


                                                      873


                                                      873




                                                                                                                         352


                                                                                                                                   352
                                                                                                                                         Out
                                                                                                             24


                                                                                                                   24
                                                                                                             T
                                           0




                                                       0


                                                       L




                                                                                                              0




                                                                                                                               0



                                                                                                                                                 Wolfs Bane Ct [E]
                                    1459


                                               1459




                                                                        01/11/2012 6:00 AM




                                                                                                                         325


                                                                                                                                   325
                                                      36


                                                      36




                                                                                                             42


                                                                                                                   42
                            In




                                                                                                                                         In
                                                      T
                                           0




                                                       0




                                                                                                              L

                                                                                                              0




                                                                                                                               0
                                                                        Ending At
                                                                        01/11/2012 10:00 PM

                                                                        Car
                                    1330


                                               1330




                                                                                                                                         Total
                                                      550


                                                      550




                                                                                                                         677


                                                                                                                                   677
                            Out




                                                       R




                                                                                                             U
                                           0




                                                       0




                                                                                                             0
                                                                                                             0
                                                                                                                   0



                                                                                                                               0
                                                                        Ped
                                                      P




                                                                                                             P
                                                      0
                                                      4
                                                      4




                                                                                                             0
                                                                                                             0
                                                                                                                   0
                                                                   U          L          T       R       P
                                                                  101     413          1573      46      0
                                                                   0          0          0           0   4
                                                                  101     413          1573      46      4


                                                                          2363         2133     4496
                                                                              0          0           0
                                                                          2363         2133     4496
                                                                          Out            In     Total
                                                                                  West Lake Rd [S]



                                                            Turning Movement Data Plot
                                                                                                   Town of Cary                                                          Count Name: West Lake Rd at Middle Creek
                                                                                                316 N. Academy St.                                                       Park Ave\Wolfs Bane Dr
                                                                                                  P.O. Box 8005                                                          Site Code:
                                                                                     Cary, North Carolina, United States 27513                                           Start Date: 01/11/2012
                                                                                      919.469.4030 tom.reilly@townofcary.org                                             Page No: 4




                                                                     Turning Movement Peak Hour Data (6:45 AM)
                             West Lake Rd                                    Wolfs Bane Ct                                       West Lake Rd                                      Middle Creek Park Ave
                              Southbound                                       Westbound                                           Northbound                                           Eastbound
Start Time                                           App.                                              App.                                              App.                                                     App.
             Right   Thru    Left    U-Turn   Peds           Right   Thru    Left      U-Turn   Peds           Right   Thru      Left    U-Turn   Peds           Right      Thru      Left     U-Turn      Peds           Int. Total
                                                     Total                                             Total                                             Total                                                    Total
 6:45 AM      53      38      1        0       0      92      8       1       0          0       0       9      0       23        24       17      0      64      16         1         21        0          0      38       203
 7:00 AM     127      64      2        0       0     193      6       1       0          0       0       7      0       60        35       19      0     114      73         2         31        0          0     106       420
 7:15 AM      79      46      1        0       0     126      13      1       3          0       0      17      1       72        21       15      0     109      46         2         47        0          0      95       347
 7:30 AM      17      41      3        1       0      62      7       0       0          0       0       7      1       56        12        0      0      69      9          0          5        0          0      14       152
  Total      276     189      7        1       0     473      34      3       3          0       0      40      2      211        92       51      0     356     144         5        104        0          0     253       1122
Approach %   58.4    40.0     1.5     0.2      -       -     85.0     7.5     7.5        0.0     -       -      0.6    59.3      25.8     14.3     -       -     56.9       2.0       41.1      0.0         -       -         -
 Total %     24.6    16.8     0.6     0.1      -     42.2     3.0     0.3     0.3        0.0     -      3.6     0.2    18.8       8.2      4.5     -     31.7    12.8       0.4        9.3      0.0         -     22.5        -
   PHF       0.543   0.738   0.583   0.250     -     0.613   0.654   0.750   0.250      0.000    -     0.588   0.500   0.733     0.657    0.671    -     0.781   0.493     0.625      0.553    0.000        -     0.597    0.668
   Car       276     189      7        1       -     473      34      3       3          0       -      40      2      211        92       51      -     356     144         5        104        0          -     253       1122
  % Car      100.0   100.0   100.0   100.0     -     100.0   100.0   100.0   100.0        -      -     100.0   100.0   100.0     100.0    100.0    -     100.0   100.0     100.0      100.0       -         -     100.0    100.0
   Ped         -       -       -       -       0       -       -       -       -          -      0       -       -       -         -        -      0       -       -         -          -         -         0       -         -
  % Ped        -       -       -       -       -       -       -       -       -          -      -       -       -       -         -        -      -       -       -         -          -         -         -       -         -
                                                                        Town of Cary                                                                           Count Name: West Lake Rd at Middle Creek
                                                                     316 N. Academy St.                                                                        Park Ave\Wolfs Bane Dr
                                                                       P.O. Box 8005                                                                           Site Code:
                                                          Cary, North Carolina, United States 27513                                                            Start Date: 01/11/2012
                                                           919.469.4030 tom.reilly@townofcary.org                                                              Page No: 5




                                                                            West Lake Rd [N]
                                                                        Out            In     Total
                                                                        350           473     823
                                                                            0          0           0
                                                                        350           473     823


                                                                276     189            7           1   0
                                                                 0          0          0           0   0
                                                                276     189            7           1   0
                                                                 R          T          L       U       P




                                                                                                           34


                                                                                                                34
                                                    U




                                                                                                           R
                                                    0
                                                    0
                                                    0




                                                                                                            0
                                                                     Peak Hour Data
Middle Creek Park Ave [W]
                            Total
                                    624


                                              624


                                                    104


                                                    104




                                                                                                                                   Out
                                                                                                                     14


                                                                                                                              14
                                                                                                           T
                                          0




                                                     0


                                                     L




                                                                                                           3
                                                                                                           0
                                                                                                                3



                                                                                                                          0



                                                                                                                                           Wolfs Bane Ct [E]
                                                                      01/11/2012 6:45 AM
                                    253


                                              253




                                                                                                                     40


                                                                                                                              40
                            In




                                                                                                                                   In
                                                    T
                                          0



                                                    5
                                                    0
                                                    5




                                                                                                           L
                                                                                                           3
                                                                                                           0
                                                                                                                3



                                                                                                                          0
                                                                      Ending At
                                                                      01/11/2012 7:45 AM

                                                                      Car




                                                                                                                                   Total
                                    371


                                              371


                                                    144


                                                    144
                            Out




                                                                                                                     54


                                                                                                                              54
                                                     R




                                                                                                           U
                                          0




                                                     0




                                                                                                           0
                                                                                                           0
                                                                                                                0



                                                                                                                          0
                                                                      Ped
                                                    P




                                                                                                           P
                                                    0
                                                    0
                                                    0




                                                                                                           0
                                                                                                           0
                                                                                                                0
                                                                 U          L          T       R       P
                                                                 51      92           211          2   0
                                                                 0          0          0           0   0
                                                                 51      92           211          2   0


                                                                        387           356     743
                                                                            0          0           0
                                                                        387           356     743
                                                                        Out            In     Total
                                                                                West Lake Rd [S]



                                              Turning Movement Peak Hour Data Plot (6:45 AM)
                                                                                                   Town of Cary                                                          Count Name: West Lake Rd at Middle Creek
                                                                                                316 N. Academy St.                                                       Park Ave\Wolfs Bane Dr
                                                                                                  P.O. Box 8005                                                          Site Code:
                                                                                     Cary, North Carolina, United States 27513                                           Start Date: 01/11/2012
                                                                                      919.469.4030 tom.reilly@townofcary.org                                             Page No: 6




                                                                     Turning Movement Peak Hour Data (2:15 PM)
                             West Lake Rd                                    Wolfs Bane Ct                                       West Lake Rd                                      Middle Creek Park Ave
                              Southbound                                       Westbound                                           Northbound                                           Eastbound
Start Time                                           App.                                              App.                                              App.                                                      App.
             Right   Thru    Left    U-Turn   Peds           Right   Thru    Left      U-Turn   Peds           Right   Thru      Left    U-Turn   Peds           Right      Thru      Left     U-Turn      Peds            Int. Total
                                                     Total                                             Total                                             Total                                                     Total
 2:15 PM      23      37      8        0       0      68      4       0       2          0       0       6      0       38        9         6      0      53      49         3         57        0          1      109       236
 2:30 PM      18      39      5        0       0      62      5       1       4          0       0      10      1       32        17        0      0      50      48         6         70        0          0      124       246
 2:45 PM      21      42      2        0       0      65      6       0       4          0       0      10      3       31        8         1      0      43      10         1         34        0          0       45       163
 3:00 PM      18      32      2        0       0      52      3       0       0          0       0       3      4       45        9         2      0      60      25         1         30        0          0       56       171
  Total       80     150      17       0       0     247      18      1       10         0       0      29      8      146        43        9      0     206     132        11        191        0          1      334       816
Approach %   32.4    60.7     6.9     0.0      -       -     62.1     3.4    34.5        0.0     -       -      3.9    70.9      20.9      4.4     -       -     39.5       3.3       57.2      0.0          -       -         -
 Total %      9.8    18.4     2.1     0.0      -     30.3     2.2     0.1     1.2        0.0     -      3.6     1.0    17.9       5.3      1.1     -     25.2    16.2       1.3       23.4      0.0          -     40.9        -
   PHF       0.870   0.893   0.531   0.000     -     0.908   0.750   0.250   0.625      0.000    -     0.725   0.500   0.811     0.632    0.375    -     0.858   0.673     0.458      0.682    0.000         -     0.673    0.829
   Car        80     150      17       0       -     247      18      1       10         0       -      29      8      146        43        9      -     206     132        11        191        0           -     334       816
  % Car      100.0   100.0   100.0     -       -     100.0   100.0   100.0   100.0        -      -     100.0   100.0   100.0     100.0    100.0    -     100.0   100.0     100.0      100.0       -          -     100.0    100.0
   Ped         -       -       -       -       0       -       -       -       -          -      0       -       -       -         -        -      0       -       -         -          -         -         1        -         -
  % Ped        -       -       -       -       -       -       -       -       -          -      -       -       -       -         -        -      -       -       -         -          -         -        100.0     -         -
                                                                        Town of Cary                                                                           Count Name: West Lake Rd at Middle Creek
                                                                     316 N. Academy St.                                                                        Park Ave\Wolfs Bane Dr
                                                                       P.O. Box 8005                                                                           Site Code:
                                                          Cary, North Carolina, United States 27513                                                            Start Date: 01/11/2012
                                                           919.469.4030 tom.reilly@townofcary.org                                                              Page No: 7




                                                                            West Lake Rd [N]
                                                                        Out            In     Total
                                                                        355           247     602
                                                                            0          0           0
                                                                        355           247     602


                                                                 80     150           17           0   0
                                                                 0          0          0           0   0
                                                                 80     150           17           0   0
                                                                 R          T          L       U       P




                                                                                                           18


                                                                                                                18
                                                    U




                                                                                                           R
                                                    0
                                                    0
                                                    0




                                                                                                            0
                                                                     Peak Hour Data
Middle Creek Park Ave [W]
                            Total
                                    458


                                              458


                                                    191


                                                    191




                                                                                                                                   Out
                                                                                                                     36


                                                                                                                              36
                                                                                                           T
                                          0




                                                     0


                                                     L




                                                                                                           1
                                                                                                           0
                                                                                                                1



                                                                                                                          0



                                                                                                                                           Wolfs Bane Ct [E]
                                                                      01/11/2012 2:15 PM
                                    334


                                              334


                                                    11


                                                    11




                                                                                                           10


                                                                                                                10


                                                                                                                     29


                                                                                                                              29
                            In




                                                                                                                                   In
                                                    T
                                          0




                                                     0




                                                                                                            L

                                                                                                            0




                                                                                                                          0
                                                                      Ending At
                                                                      01/11/2012 3:15 PM

                                                                      Car




                                                                                                                                   Total
                                    124


                                              124


                                                    132


                                                    132
                            Out




                                                                                                                     65


                                                                                                                              65
                                                     R




                                                                                                           U
                                          0




                                                     0




                                                                                                           0
                                                                                                           0
                                                                                                                0



                                                                                                                          0
                                                                      Ped
                                                    P




                                                                                                           P
                                                    0
                                                    1
                                                    1




                                                                                                           0
                                                                                                           0
                                                                                                                0
                                                                 U          L          T       R       P
                                                                 9       43           146          8   0
                                                                 0          0          0           0   0
                                                                 9       43           146          8   0


                                                                        301           206     507
                                                                            0          0           0
                                                                        301           206     507
                                                                        Out            In     Total
                                                                                West Lake Rd [S]



                                              Turning Movement Peak Hour Data Plot (2:15 PM)
              Town of Cary                  Count Name: West Lake Rd at Middle Creek
           316 N. Academy St.               Park Ave\Wolfs Bane Dr
             P.O. Box 8005                  Site Code:
Cary, North Carolina, United States 27513   Start Date: 01/11/2012
 919.469.4030 tom.reilly@townofcary.org     Page No: 8
