                                                                                                                                                     Count Name: West Lake Rd at
                                                                                      Town of Cary                                                   Middle Creek Park Ave_Wolfs
                                                                             316 N. Academy St.                                                      Bane Dr
                                                                               P.O. Box 8005                                                         Site Code:
                                                                  Cary, North Carolina, United States 27513                                          Start Date: 10/24/2012
                                                                                919.469.4030                                                         Page No: 1



                                                                        Turning Movement Data
                             West Lake Rd                              Wolfs Bane Dr                              West Lake Rd                         Middle Creek Park Ave
                             Southbound                                 Westbound                                  Northbound                                Eastbound
Start Time                            U-         App.                           U-          App.                           U-         App.                            U-         App.     Int.
               Left   Thru   Right          Peds Total   Left   Thru   Right           Peds Total   Left   Thru   Right          Peds Total   Left    Thru   Right          Peds Total
                                     Turn                                      Turn                                       Turn                                       Turn                Total
 6:00 AM        0      9       0      0      0     9      0      0       6      0       0     6      1     10       0      1      0    12      0       0      0       0      0     0      27
 6:15 AM        1     13       2      0      0    16      0      0       8      0       0     8      0     13       0      3      0    16      0       0      0       0      0     0      40
 6:30 AM        0     32      15      0      0    47      1      1       4      0       1     6     13     28       0      7      0    48     10       0      4       0      0    14     115
 6:45 AM        0     74      59      0      0    133     0      2       5      0       0     7     28     27       1     20      0    76     18       3      28      0      0    49     265
Hourly Total    1     128     76      0      0    205     1      3       23     0       1    27     42     78       1     31      0    152    28       3      32      0      0    63     447
 7:00 AM        3     105     132     0      0    240     0      2       12     0       0    14     43     69       4     13      0    129    28       0      81      0      0    109    492
 7:15 AM        1     92      47      0      0    140     1      2       8      0       0    11     13     124      3     16      0    156    29       0      56      0      0    85     392
 7:30 AM        1     31      14      0      0    46      2      0       7      0       3     9     18     117      1      0      1    136     7       1      6       0      0    14     205
 7:45 AM        4     15      18      0      0    37      0      0       9      0       11    9     20     52       2      0      0    74      3       0      4       0      0     7     127
Hourly Total    9     243     211     0      0    463     3      4       36     0       14   43     94     362     10     29      1    495    67       1     147      0      0    215    1216
 8:00 AM        1     29      33      0      1    63      0      0       7      0       4     7     32     32       0      0      0    64     37       0      28      0      0    65     199
 8:15 AM        0     17      18      0      0    35      0      1       10     0       1    11     25     42       0      0      1    67     36       1      24      0      2    61     174
 8:30 AM        1     26       3      0      1    30      0      1       5      0       1     6      5     36       1      1      2    43     15       0      8       0      1    23     102
 8:45 AM        5     19       1      0      0    25      2      0       4      0       3     6      2     28       1      2      2    33      4       1      3       0      0     8      72
Hourly Total    7     91      55      0      2    153     2      2       26     0       9    30     64     138      2      3      5    207    92       2      63      0      3    157    547
 9:00 AM        2     21       5      0      0    28      0      0       4      0       0     4      1     34       0      0      0    35      3       1      1       0      0     5      72
 9:15 AM        3     18       7      0      0    28      0      0       5      0       0     5      2     30       0      0      0    32      3       0      2       0      0     5      70
 9:30 AM        3      9       6      0      1    18      1      0       4      0       0     5      4     41       1      0      1    46     17       0      5       0      1    22      91
 9:45 AM        5     13       3      0      0    21      0      1       5      0       0     6      0     21       1      1      0    23      4       0      3       0      2     7      57
Hourly Total   13     61      21      0      1    95      1      1       18     0       0    20      7     126      2      1      1    136    27       1      11      0      3    39     290
 10:00 AM       0     24       4      0      1    28      0      0       4      0       1     4      0     13       1      1      0    15      7       0      3       0      1    10      57
 10:15 AM       2     15       3      0      0    20      0      0       6      0       0     6      4     23       1      1      1    29      5       0      1       0      2     6      61
 10:30 AM       2     12       2      0      0    16      0      0       5      0       0     5      6     37       0      0      3    43     29       1      23      0      0    53     117
 10:45 AM       3     16       7      0      0    26      0      0       3      0       0     3      3     18       0      1      0    22      9       0      5       0      0    14      65
Hourly Total    7     67      16      0      1    90      0      0       18     0       1    18     13     91       2      3      4    109    50       1      32      0      3    83     300
 11:00 AM       2     20      31      0      0    53      1      2       6      0       0     9     19     27       0      2      2    48      5       1      0       0      0     6     116
 11:15 AM       5     22       8      0      0    35      0      0       4      0       0     4      1     16       1      1      0    19     23       2      11      0      1    36      94
 11:30 AM       3     17       5      0      0    25      3      0       2      0       0     5      1     18       2      0      0    21      4       0      4       0      0     8      59
 11:45 AM       1     12      22      0      0    35      0      0       8      0       0     8      4      9       0      0      2    13      3       0      6       0      0     9      65
Hourly Total   11     71      66      0      0    148     4      2       20     0       0    26     25     70       3      3      4    101    35       3      21      0      1    59     334
 12:00 PM       3     28       3      0      0    34      0      0       9      0       0     9      7     24       0      0      0    31     32       1      24      0      0    57     131
 12:15 PM       2     32       8      1      0    43      0      0       3      0       0     3      3     14       1      0      0    18      2       0      4       0      1     6      70
 12:30 PM       2     28      35      0      0    65      1      2       2      0       0     5     18     24       1      0      0    43      4       1      2       0      0     7     120
 12:45 PM       9     29      10      0      0    48      0      0       2      0       0     2      4     25       0      1      0    30     11       0      4       0      0    15      95
Hourly Total   16     117     56      1      0    190     1      2       16     0       0    19     32     87       2      1      0    122    49       2      34      0      1    85     416
 1:00 PM        6     21       5      0      0    32      0      0       5      0       0     5      1     18       0      2      0    21      5       0      3       0      0     8      66
 1:15 PM        5     24       9      0      0    38      2      0       6      0       0     8      4     17       0      1      0    22      3       0      4       0      0     7      75
 1:30 PM        5     27       8      0      0    40      0      1       7      0       0     8      5     17       1      0      0    23      5       0      5       0      0    10      81
 1:45 PM        3     32      17      0      0    52      0      0       2      0       0     2      6     14       0      0      0    20      6       0      2       0      0     8      82
Hourly Total   19     104     39      0      0    162     2      1       20     0       0    23     16     66       1      3      0    86     19       0      14      0      0    33     304
 2:00 PM        7     43      21      0      0    71      1      1       2      0       0     4     10     21       0      2      0    33      6       0      6       0      0    12     120
 2:15 PM        6     58      20      0      1    84      6      0       1      0       1     7     11     63       1      6      2    81     37       4      51      0      1    92     264
 2:30 PM        4     43      21      0      0    68      1      0       7      0       0     8     23     70       7      4      1    104    52       4      50      0      0    106    286
 2:45 PM        6     33      26      0      0    65      0      1       1      0       0     2     20     45       2      1      0    68     24       1      13      0      0    38     173
Hourly Total   23     177     88      0      1    288     8      2       11     0       1    21     64     199     10     13      3    286    119      9     120      0      1    248    843
 3:00 PM        2     25      33      0      0    60      2      0       7      0       0     9     14     49       1      2      0    66     49       3      28      0      4    80     215
 3:15 PM       12     34      21      0      0    67      2      0       9      0       0    11     10     38       0      0      0    48     33       1      13      0      1    47     173
 3:30 PM        6     58      22      0      0    86      2      0       7      0       0     9      8     32       0      2      1    42     33       2      28      0      1    63     200
 3:45 PM        9     55      17      0      1    81      2      0       1      0       0     3      5     31       2      1      0    39     38       0      20      0      1    58     181
Hourly Total   29     172     93      0      1    294     8      0       24     0       0    32     37     150      3      5      1    195    153      6      89      0      7    248    769
 4:00 PM        6     40      22      0      0    68      3      0       2      0       0     5      5     38       1      3      0    47     25       1      7       0      5    33     153
 4:15 PM        8     46      12      0      0    66      1      0       4      0       0     5      3     32       1      2      0    38     15       0      10      0      4    25     134
 4:30 PM        9     46      17      0      0    72      0      0       2      0       0     2      8     31       0      0      0    39     17       0      15      0      0    32     145
 4:45 PM        6     50      25      0      0    81      3      0       4      0       0     7      8     36       0      2      0    46     19       2      8       0      0    29     163
Hourly Total   29     182     76      0      0    287     7      0       12     0       0    19     24     137      2      7      0    170    76       3      40      0      9    119    595
 5:00 PM        2     48      10      0      1    60      0      1       5      0       0     6      7     43       1      4      0    55     19       3      6       0      1    28     149
 5:15 PM       12     56      19      0      0    87      0      0       2      0       1     2      5     30       2      1      0    38      6       1      8       1      2    16     143
 5:30 PM       10     63      20      0      0    93      0      0       6      0       0     6      9     38       1      0      1    48     16       1      8       0      1    25     172
 5:45 PM       17     51      18      0      0    86      1      0       3      0       0     4     12     73       2      0      0    87     11       1      6       0      0    18     195
Hourly Total   41     218     67      0      1    326     1      1       16     0       1    18     33     184      6      5      1    228    52       6      28      1      4    87     659
 6:00 PM       13     45      29      0      0    87      1      0       4      0       0     5      8     54       3      3      0    68     17       1      7       4      1    29     189
 6:15 PM       13     40      37      0      0    90      2      0       6      0       0     8      4     21       1      2      0    28     17       0      4       0      0    21     147
 6:30 PM        7      40     23    0      0       70     1     0      5     0      0       6      2     28     2     3      0       35     15    0      3     0      2       18    129
 6:45 PM        6      38     26    0      0       70     0     0      4     0      0       4      7     20     0     0      2       27     9     0      2     0      1       11    112
Hourly Total    39    163    115    0      0      317     4     0     19     0      0       23    21     123    6     8      2      158     58    1     16     4      4       79    577
 7:00 PM        10     36     27    0      0       73     1     2      1     0      0       4      4     17     0     0      0       21     11    0      4     0      0       15    113
 7:15 PM        6      27     18    0      0       51     0     0      2     0      2       2      1     19     0     1      2       21     13    0      1     0      0       14     88
 7:30 PM        14     29     7     0      0       50     1     0      4     0      0       5      1     10     0     0      0       11     4     0      1     0      0       5      71
 7:45 PM        1      32     2     0      0       35     1     0      5     0      0       6      1      9     2     0      0       12     4     0      1     0      0       5      58
Hourly Total    31    124     54    0      0      209     3     2     12     0      2       17     7     55     2     1      2       65     32    0      7     0      0       39    330
 8:00 PM        7      17     5     0      0       29     1     2      2     0      0       5      0      8     0     0      0       8      31    1      5     0      0       37     79
 8:15 PM        9      19     8     0      0       36     0     0      4     0      0       4      1     14     1     0      0       16     31    1      4     0      0       36     92
 8:30 PM        13     22     3     0      0       38     2     0      1     0      0       3      2     12     2     0      0       16     16    0      3     0      0       19     76
 8:45 PM        6      19     5     0      0       30     0     0      1     0      0       1      0     18     0     0      0       18     14    1      3     0      0       18     67
Hourly Total    35     77     21    0      0      133     3     2      8     0      0       13     3     52     3     0      0       58     92    3     15     0      0      110    314
 9:00 PM        4      17     1     0      0       22     0     1      0     0      0       1      0      8     0     0      0       8      22    2      4     0      0       28     59
 9:15 PM        4      16     1     0      0       21     2     0      0     0      0       2      0      5     0     0      0       5      29    1      1     0      0       31     59
 9:30 PM        3      13     0     0      0       16     0     0      0     0      0       0      0      4     0     0      0       4      5     0      2     0      0       7      27
 9:45 PM        4      11     0     0      0       15     1     0      1     0      0       2      0      9     0     0      0       9      0     0      0     0      0       0      26
Hourly Total    15     57     2     0      0       74     3     1      1     0      0       5      0     26     0     0      0       26     56    3      7     0      0       66    171
Grand Total    325    2052   1056   1      7      3434   51     23    280    0      29     354    482    1944   55    113    24     2594   1005   44    676    5      36     1730   8112
Approach %      9.5   59.8   30.8   0.0     -       -    14.4   6.5   79.1   0.0     -       -    18.6   74.9   2.1   4.4     -       -    58.1   2.5   39.1   0.3     -       -     -
  Total %       4.0   25.3   13.0   0.0     -     42.3   0.6    0.3   3.5    0.0     -      4.4   5.9    24.0   0.7   1.4     -     32.0   12.4   0.5   8.3    0.1     -     21.3    -
    Car        325    2052   1056   1       -     3434   51     23    280    0       -     354    482    1944   55    113     -     2594   1005   44    676    5       -     1730   8112
  % Car        100.0 100.0 100.0 100.0      -     100.0 100.0 100.0 100.0     -      -     100.0 100.0 100.0 100.0 100.0      -     100.0 100.0 100.0 100.0 100.0      -     100.0 100.0
    Ped          -     -      -      -     7        -     -      -     -      -     29       -     -      -      -     -     24       -     -      -     -      -     36       -     -
  % Ped          -     -      -      -    100.0     -     -      -     -      -    100.0     -     -      -      -     -    100.0     -     -      -     -      -    100.0     -     -
                                                                                                                               Count Name: West Lake Rd at
                                                                                  Town of Cary                                 Middle Creek Park Ave_Wolfs
                                                                               316 N. Academy St.                              Bane Dr
                                                                                 P.O. Box 8005                                 Site Code:
                                                                    Cary, North Carolina, United States 27513                  Start Date: 10/24/2012
                                                                                  919.469.4030                                 Page No: 3




                                                                                     West Lake Rd [N]
                                                                                 Out            In     Total
                                                                                 3230         3434     6664
                                                                                     0          0           0
                                                                                 3230         3434     6664


                                                                        1056     2052          325          1   0
                                                                         0           0          0           0   7
                                                                        1056     2052          325          1   7
                                                                         R           T          L       U       P




                                                                                                                         280

                                                                                                                         280
                                                             U




                                                                                                                     R
                                                      5
                                                      0
                                                             5




                                                                                                                          0
Middle Creek Park Ave [W]
                            Total
                                    3296


                                               3296


                                                      1005


                                                             1005




                                                                                                                                424


                                                                                                                                          424
                                                                                                                                                Out
                                                                                                                         23

                                                                                                                         23
                                                                                                                     T
                                           0




                                                       0


                                                              L




                                                                                                                          0




                                                                                                                                      0



                                                                                                                                                        Wolfs Bane Dr [E]
                                    1730


                                               1730




                                                                               10/24/2012 6:00 AM




                                                                                                                                354


                                                                                                                                          354
                                                      44


                                                             44




                                                                                                                         51

                                                                                                                         51
                            In




                                                                                                                                                In
                                                             T
                                           0




                                                       0




                                                                                                                     L


                                                                                                                          0




                                                                                                                                      0
                                                                               Ending At
                                                                               10/24/2012 10:00 PM

                                                                               Car
                                    1566


                                               1566




                                                                                                                                                Total
                                                      676


                                                             676




                                                                                                                                778


                                                                                                                                          778
                            Out




                                                              R




                                                                                                                     U
                                           0




                                                       0




                                                                                                                         0
                                                                                                                         0
                                                                                                                         0



                                                                                                                                      0
                                                                               Ped
                                                      36
                                                             36




                                                                                                                         29
                                                                                                                         29
                                                             P




                                                                                                                     P
                                                       0




                                                                                                                          0




                                                                         U           L          T       R       P
                                                                        113      482          1944      55      0
                                                                         0           0          0           0   24
                                                                        113      482          1944      55      24


                                                                                 2892         2594     5486
                                                                                     0          0           0
                                                                                 2892         2594     5486
                                                                                 Out            In     Total
                                                                                         West Lake Rd [S]


                                                                    Turning Movement Data Plot
                                                                                                                                                       Count Name: West Lake Rd at
                                                                                    Town of Cary                                                       Middle Creek Park Ave_Wolfs
                                                                              316 N. Academy St.                                                       Bane Dr
                                                                                P.O. Box 8005                                                          Site Code:
                                                                   Cary, North Carolina, United States 27513                                           Start Date: 10/24/2012
                                                                                 919.469.4030                                                          Page No: 4




                                                Turning Movement Peak Hour Data (6:45 AM)
                           West Lake Rd                              Wolfs Bane Dr                                West Lake Rd                           Middle Creek Park Ave
                           Southbound                                 Westbound                                    Northbound                                  Eastbound
Start Time                          U-         App.                           U-          App.                             U-         App.                              U-         App.     Int.
             Left   Thru   Right          Peds Total   Left   Thru   Right           Peds Total     Left   Thru   Right          Peds Total     Left    Thru   Right          Peds Total
                                   Turn                                      Turn                                         Turn                                         Turn                Total
 6:45 AM      0     74      59      0      0    133     0      2       5      0       0       7     28     27       1     20      0       76    18       3      28      0      0    49     265
 7:00 AM      3     105     132     0      0    240     0      2       12     0       0       14    43     69       4     13      0      129    28       0      81      0      0    109    492
 7:15 AM      1     92      47      0      0    140     1      2       8      0       0       11    13     124      3     16      0      156    29       0      56      0      0    85     392
 7:30 AM      1     31      14      0      0    46      2      0       7      0       3       9     18     117      1      0      1      136     7       1      6       0      0    14     205
  Total       5     302     252     0      0    559     3      6       32     0       3       41    102    337      9     49      1      497    82       4     171      0      0    257    1354
Approach %    0.9   54.0    45.1   0.0     -     -     7.3    14.6    78.0   0.0       -       -    20.5   67.8    1.8    9.9      -       -    31.9    1.6    66.5    0.0     -     -       -
 Total %      0.4   22.3    18.6   0.0     -    41.3   0.2    0.4     2.4    0.0       -      3.0   7.5    24.9    0.7    3.6      -     36.7   6.1     0.3    12.6    0.0     -    19.0     -
   PHF       0.417 0.719 0.477 0.000       -   0.582 0.375 0.750 0.667 0.000           -     0.732 0.593 0.679 0.563 0.613         -     0.796 0.707 0.333 0.528 0.000         -   0.589 0.688
   Car        5     302     252     0      -    559     3      6       32     0        -      41    102    337      9     49       -     497    82       4     171      0      -    257    1354
  % Car      100.0 100.0 100.0      -      -   100.0 100.0 100.0 100.0        -        -     100.0 100.0 100.0 100.0 100.0         -     100.0 100.0 100.0 100.0        -      -   100.0 100.0
   Ped         -     -       -      -      0     -      -      -       -      -       3        -     -      -       -      -      1        -     -       -       -      -      0     -       -
  % Ped        -     -       -      -      -     -      -      -       -      -      100.0     -     -      -       -      -     100.0     -     -       -       -      -      -     -       -
                                                                                                                        Count Name: West Lake Rd at
                                                                             Town of Cary                               Middle Creek Park Ave_Wolfs
                                                                           316 N. Academy St.                           Bane Dr
                                                                             P.O. Box 8005                              Site Code:
                                                                Cary, North Carolina, United States 27513               Start Date: 10/24/2012
                                                                              919.469.4030                              Page No: 5




                                                                                West Lake Rd [N]
                                                                            Out            In     Total
                                                                            451           559     1010
                                                                                0          0           0
                                                                            451           559     1010


                                                                    252     302            5           0   0
                                                                     0          0          0           0   0
                                                                    252     302            5           0   0
                                                                     R          T          L       U       P




                                                                                                                   32

                                                                                                                   32
                                                          U




                                                                                                               R
                                                    0
                                                    0
                                                          0




                                                                                                                    0
                                                                         Peak Hour Data
Middle Creek Park Ave [W]
                            Total
                                    617


                                              617




                                                                                                                                       Out
                                                    82


                                                          82




                                                                                                                         18


                                                                                                                                  18
                                                                                                               T
                                          0




                                                     0


                                                           L




                                                                                                                   6
                                                                                                                   0
                                                                                                                   6



                                                                                                                              0



                                                                                                                                               Wolfs Bane Dr [E]
                                                                          10/24/2012 6:45 AM
                                    257


                                              257




                                                                                                                         41


                                                                                                                                  41
                            In




                                                                                                                                       In
                                                          T
                                          0



                                                    4
                                                    0
                                                          4




                                                                                                               L
                                                                                                                   3
                                                                                                                   0
                                                                                                                   3



                                                                                                                              0
                                                                          Ending At
                                                                          10/24/2012 7:45 AM

                                                                          Car




                                                                                                                                       Total
                                    360


                                              360


                                                    171


                                                          171
                            Out




                                                                                                                         59


                                                                                                                                  59
                                                           R




                                                                                                               U
                                          0




                                                     0




                                                                                                                   0
                                                                                                                   0
                                                                                                                   0



                                                                                                                              0
                                                                          Ped
                                                          P




                                                                                                               P
                                                    0
                                                    0
                                                          0




                                                                                                                   3
                                                                                                                   3
                                                                                                                   0




                                                                     U          L          T       R       P
                                                                     49     102           337          9   0
                                                                     0          0          0           0   1
                                                                     49     102           337          9   1


                                                                            525           497     1022
                                                                                0          0           0
                                                                            525           497     1022
                                                                            Out            In     Total
                                                                                    West Lake Rd [S]


                                                    Turning Movement Peak Hour Data Plot (6:45 AM)
                                                                                                                                                         Count Name: West Lake Rd at
                                                                                      Town of Cary                                                       Middle Creek Park Ave_Wolfs
                                                                                316 N. Academy St.                                                       Bane Dr
                                                                                  P.O. Box 8005                                                          Site Code:
                                                                     Cary, North Carolina, United States 27513                                           Start Date: 10/24/2012
                                                                                   919.469.4030                                                          Page No: 6




                                                  Turning Movement Peak Hour Data (2:15 PM)
                           West Lake Rd                                Wolfs Bane Dr                                West Lake Rd                           Middle Creek Park Ave
                           Southbound                                   Westbound                                    Northbound                                  Eastbound
Start Time                          U-         App.                             U-          App.                             U-         App.                              U-         App.       Int.
             Left   Thru   Right          Peds Total     Left   Thru   Right           Peds Total     Left   Thru   Right          Peds Total     Left    Thru   Right          Peds Total
                                   Turn                                        Turn                                         Turn                                         Turn                  Total
 2:15 PM      6     58      20      0      1       84     6      0       1      0       1       7     11     63       1      6      2       81    37       4      51      0      1       92    264
 2:30 PM      4     43      21      0      0       68     1      0       7      0       0       8     23     70       7      4      1      104    52       4      50      0      0      106    286
 2:45 PM      6     33      26      0      0       65     0      1       1      0       0       2     20     45       2      1      0       68    24       1      13      0      0       38    173
 3:00 PM      2     25      33      0      0       60     2      0       7      0       0       9     14     49       1      2      0       66    49       3      28      0      4       80    215
  Total       18    159     100     0      1      277     9      1       16     0       1       26    68     227     11     13      3      319    162      12    142      0      5      316    938
Approach %    6.5   57.4    36.1   0.0      -       -    34.6   3.8     61.5   0.0       -       -    21.3   71.2    3.4    4.1      -       -    51.3    3.8    44.9    0.0      -       -      -
 Total %      1.9   17.0    10.7   0.0      -     29.5   1.0    0.1     1.7    0.0       -      2.8   7.2    24.2    1.2    1.4      -     34.0   17.3    1.3    15.1    0.0      -     33.7     -
   PHF       0.750 0.685 0.758 0.000        -     0.824 0.375 0.250 0.571 0.000          -     0.722 0.739 0.811 0.393 0.542         -     0.767 0.779 0.750 0.696 0.000          -     0.745 0.820
   Car        18    159     100     0       -     277     9      1       16     0        -      26    68     227     11     13       -     319    162      12    142      0       -     316    938
  % Car      100.0 100.0 100.0      -       -     100.0 100.0 100.0 100.0       -        -     100.0 100.0 100.0 100.0 100.0         -     100.0 100.0 100.0 100.0        -       -     100.0 100.0
   Ped         -     -       -      -      1        -     -      -       -      -       1        -     -      -       -      -      3        -     -       -       -      -      5        -      -
  % Ped        -     -       -      -     100.0     -     -      -       -      -      100.0     -     -      -       -      -     100.0     -     -       -       -      -     100.0     -      -
                                                                                                                        Count Name: West Lake Rd at
                                                                             Town of Cary                               Middle Creek Park Ave_Wolfs
                                                                           316 N. Academy St.                           Bane Dr
                                                                             P.O. Box 8005                              Site Code:
                                                                Cary, North Carolina, United States 27513               Start Date: 10/24/2012
                                                                              919.469.4030                              Page No: 7




                                                                                West Lake Rd [N]
                                                                            Out            In     Total
                                                                            405           277     682
                                                                                0          0           0
                                                                            405           277     682


                                                                    100     159           18           0   0
                                                                     0          0          0           0   1
                                                                    100     159           18           0   1
                                                                     R          T          L       U       P




                                                                                                                   16

                                                                                                                   16
                                                          U




                                                                                                               R
                                                    0
                                                    0
                                                          0




                                                                                                                    0
                                                                         Peak Hour Data
Middle Creek Park Ave [W]
                            Total
                                    485


                                              485


                                                    162


                                                          162




                                                                                                                                       Out
                                                                                                                         41


                                                                                                                                  41
                                                                                                               T
                                          0




                                                     0


                                                           L




                                                                                                                   1
                                                                                                                   0
                                                                                                                   1



                                                                                                                              0



                                                                                                                                               Wolfs Bane Dr [E]
                                                                          10/24/2012 2:15 PM
                                    316


                                              316


                                                    12


                                                          12




                                                                                                                         26


                                                                                                                                  26
                            In




                                                                                                                                       In
                                                          T
                                          0




                                                     0




                                                                                                               L
                                                                                                                   9
                                                                                                                   0
                                                                                                                   9



                                                                                                                              0
                                                                          Ending At
                                                                          10/24/2012 3:15 PM

                                                                          Car




                                                                                                                                       Total
                                    169


                                              169


                                                    142


                                                          142
                            Out




                                                                                                                         67


                                                                                                                                  67
                                                           R




                                                                                                               U
                                          0




                                                     0




                                                                                                                   0
                                                                                                                   0
                                                                                                                   0



                                                                                                                              0
                                                                          Ped
                                                          P




                                                                                                               P
                                                    0
                                                    5
                                                          5




                                                                                                                   1
                                                                                                                   1
                                                                                                                   0




                                                                     U          L          T       R       P
                                                                     13      68           227      11      0
                                                                     0          0          0           0   3
                                                                     13      68           227      11      3


                                                                            323           319     642
                                                                                0          0           0
                                                                            323           319     642
                                                                            Out            In     Total
                                                                                    West Lake Rd [S]


                                                    Turning Movement Peak Hour Data Plot (2:15 PM)
                                            Count Name: West Lake Rd at
            Town of Cary                    Middle Creek Park Ave_Wolfs
           316 N. Academy St.               Bane Dr
             P.O. Box 8005                  Site Code:
Cary, North Carolina, United States 27513   Start Date: 10/24/2012
              919.469.4030                  Page No: 8
