                                                                                                                                                 Count Name: Weston Pkwy at
                                                                                  Town of Cary                                                   Harrison Oaks
                                                                          316 N. Academy St.                                                     Blvd_Renaissance Park Pl
                                                                            P.O. Box 8005                                                        Site Code:
                                                               Cary, North Carolina, United States 27513                                         Start Date: 10/24/2013
                                                                             919.469.4030                                                        Page No: 1



                                                                     Turning Movement Data
                      Harrison Oaks Blvd                             Weston Pkwy                        Renaissance Park Pl                              Weston Pkwy
                             Southbound                               Westbound                                Northbound                                 Eastbound
Start Time                                      App.                                     App.                                     App.                                       App.     Int.
               Left   Thru     Right   U-Turn           Left   Thru     Right   U-Turn           Left   Thru     Right   U-Turn           Left     Thru     Right   U-Turn
                                                Total                                    Total                                    Total                                      Total   Total
 6:00 AM        0      1         4        0      5       0      44        1        4      49      0      1         1        0      2       5        23       0         0      28      84
 6:15 AM        1      0         6        0      7       3      58        5        1      67      1      0         0        0      1       2        33       1         0      36     111
 6:30 AM        1      0         3        0      4       1      86        3        2      92      2      0         0        0      2       7        59       0         0      66     164
 6:45 AM        3      0         8        0      11      4     151        7        2     164      3      1         0        0      4      17        89       0         0     106     285
Hourly Total    5      1        21        0      27      8     339       16        9     372      6      2         1        0      9      31       204       1         0     236     644
 7:00 AM        3      2        10        0      15      5     112        4        5     126      8      0         1        0      9      15       128       2         0     145     295
 7:15 AM        2      1        19        0      22      7     249        3        2     261     10      0         2        0      12     11       224       1         0     236     531
 7:30 AM       10      3        43        0      56     13     284        6        3     306     14      1         5        0      20     26       277       5         0     308     690
 7:45 AM        3      1        38        0      42     12     399        8        8     427     12      0         3        0      15     20       262       5         0     287     771
Hourly Total   18      7        110       0     135     37     1044      21        18    1120    44      1        11        0      56     72       891       13        0     976     2287
 8:00 AM        5      0        48        0      53      8     338       12        4     362     20      1         1        0      22     16       262       3         0     281     718
 8:15 AM        9      3        39        0      51      6     362       11        4     383     18      1         3        0      22     27       291       6         2     326     782
 8:30 AM       11      0        56        0      67     11     295        8        2     316     11      2         3        0      16     30       265       6         1     302     701
 8:45 AM        5      0        36        0      41     14     310       10        2     336     17      1         3        0      21     27       262       7         0     296     694
Hourly Total   30      3        179       0     212     39     1305      41        12    1397    66      5        10        0      81     100      1080      22        3     1205    2895
 9:00 AM        6      0        29        0      35     15     272        8        5     300     10      1         2        0      13     25       152       4         1     182     530
 9:15 AM       10      0        25        0      35     14     151        4        3     172     12      1         1        0      14     16       170       11        0     197     418
 9:30 AM        3      0        13        0      16     16     117        3        0     136     10      1         1        0      12     10        97       4         0     111     275
 9:45 AM        5      0        10        0      15     16     127        4        5     152      4      1         2        0      7       8        77       3         0      88     262
Hourly Total   24      0        77        0     101     61     667       19        13    760     36      4         6        0      46     59       496       22        1     578     1485
 10:00 AM       4      0         9        0      13     15      74        4        5      98      3      1         4        0      8      13        72       3         0      88     207
 10:15 AM       8      0         6        0      14     13      73        2        4      92      4      3         5        0      12      7        65       2         0      74     192
 10:30 AM       3      0         8        0      11      8      62        4        3      77      5      2         2        0      9       3        68       4         0      75     172
 10:45 AM       1      1         5        0      7      12      61        6        7      86      8      2         1        0      11      8        50       3         0      61     165
Hourly Total   16      1        28        0      45     48     270       16        19    353     20      8        12        0      40     31       255       12        0     298     736
 11:00 AM       2      0         9        0      11      6      63        2        8      79      4      1         1        0      6      11        96       2         0     109     205
 11:15 AM       2      2         6        0      10     23      80        1        6     110      4      2         3        0      9      23       100       4         2     129     258
 11:30 AM       7      0        12        0      19     27      95        0        5     127     10      3         7        0      20     31       165       14        0     210     376
 11:45 AM       0      2        20        0      22     35      94        2        11    142     13      0         3        0      16     40       138       18        1     197     377
Hourly Total   11      4        47        0      62     91     332        5        30    458     31      6        14        0      51     105      499       38        3     645     1216
 12:00 PM       0      1        22        0      23     37     110        4        0     151     13      7         6        0      26     59       151       21        1     232     432
 12:15 PM       4      1        22        0      27     30     108        6        10    154     14      3         5        0      22     61       137       21        0     219     422
 12:30 PM      11      2        24        1      38     38     136        3        11    188     29      5         7        0      41     47       153       17        1     218     485
 12:45 PM       2      1        33        0      36     22     153        7        13    195     42      2         9        0      53     36       127       10        0     173     457
Hourly Total   17      5        101       1     124     127    507       20        34    688     98     17        27        0     142     203      568       69        2     842     1796
 1:00 PM        4      2        30        1      37     19     143        3        4     169     28      2        12        0      42     43       118       11        0     172     420
 1:15 PM        2      2        24        0      28     21     138        2        4     165     34      4        13        0      51     26        95       10        0     131     375
 1:30 PM        3      1        15        0      19     16     119        3        2     140     36      3        12        0      51     21        87       7         0     115     325
 1:45 PM        2      2        12        1      17     17     112        3        9     141     14      4         9        0      27     16        65       8         0      89     274
Hourly Total   11      7        81        2     101     73     512       11        19    615     112    13        46        0     171     106      365       36        0     507     1394
 2:00 PM        5      2        16        0      23     10      95        5        8     118     12      1         3        0      16     15        87       4         0     106     263
 2:15 PM        2      3         7        0      12     10      81        2        2      95     15      2         5        0      22     14        77       4         0      95     224
 2:30 PM        4      3        14        0      21     19     108        2        5     134     12      5         4        0      21      8       101       9         0     118     294
 2:45 PM        4      1        14        0      19     17     108        5        5     135     13      2         5        0      20     17        88       4         0     109     283
Hourly Total   15      9        51        0      75     56     392       14        20    482     52     10        17        0      79     54       353       21        0     428     1064
 3:00 PM        5      2        19        0      26     10      63        1        6      80     13      0         6        0      19     15       144       1         0     160     285
 3:15 PM        3      0        12        0      15     24      98        4        4     130      4      2         5        0      11      9       125       12        0     146     302
 3:30 PM        5      0        19        0      24     22      82        4        3     111      7      1         2        0      10     11       142       4         0     157     302
 3:45 PM        4      1        18        0      23     16     122        2        4     144      4      2         2        0      8      17       113       4         0     134     309
Hourly Total   17      3        68        0      88     72     365       11        17    465     28      5        15        0      48     52       524       21        0     597     1198
 4:00 PM       11      0        21        0      32     24      92        3        12    131      6      2         0        0      8      17       187       4         0     208     379
 4:15 PM        8      0        19        0      27     10     107        6        7     130      7      2         3        0      12     15       177       4         0     196     365
 4:30 PM        8      2        27        0      37     14     109        4        11    138      5      2         3        0      10     20       232       1         0     253     438
 4:45 PM        6      1        23        0      30     18     135        7        3     163      3      1         6        0      10     19       215       13        0     247     450
Hourly Total   33      3        90        0     126     66     443       20        33    562     21      7        12        0      40     71       811       22        0     904     1632
 5:00 PM       22      3        37        0      62     28     132        4        6     170      9      2         7        0      18     43       353       12        0     408     658
 5:15 PM       13      2        27        0      42     30     176       11        8     225      7      1        11        0      19     30       288       6         0     324     610
 5:30 PM       20      1        29        0      50     24     135        4        6     169      5      2         8        0      15     23       246       9         0     278     512
 5:45 PM       10      3        25        0      38     44     156        2        7     209      9      2         4        0      15     15       177       16        0     208     470
Hourly Total   65      9        118       0     192     126    599       21        27    773     30      7        30        0      67     111      1064      43        0     1218    2250
 6:00 PM        7      3        19        0      29     29     107        3        10    149      4      0         6        0      10     10       218       11        0     239     427
 6:15 PM        5      2        25        0      32     25     120        3        5     153     10      4         7        0      21     21       179       12        1     213     419
 6:30 PM        5       4       15      0       24      33      65      1       6      105      13      3       3      0      19      19      96      12      1      128      276
 6:45 PM        6       3       17      0       26      32      92      3       10     137      7       5       4      0      16      21      79      8       0      108      287
Hourly Total    23      12      76      0      111     119     384      10      31     544      34      12      20     0      66      71     572      43      2      688     1409
 7:00 PM        1       1       9       0       11      15      83      4       9      111      8       0       8      0      16      17     122      3       0      142      280
 7:15 PM        1       3       12      0       16      13      64      2       5       84      6       0       8      0      14      6       79      8       0       93      207
 7:30 PM        1       0       8       0       9       11      64      3       4       82      7       2       7      0      16      8       42      4       0       54      161
 7:45 PM        0       2       9       0       11      13      56      3       3       75      6       3       6      0      15      8       52      5       0       65      166
Hourly Total    3       6       38      0       47      52     267      12      21     352      27      5       29     0      61      39     295      20      0      354      814
 8:00 PM        4       1       9       0       14      11      54      3       3       71      5       1       5      0      11      8       42      3       0       53      149
 8:15 PM        3       1       7       0       11      11      54      1       3       69      9       1       12     0      22      3       33      2       0       38      140
 8:30 PM        0       0       11      0       11      5       67      3       4       79      6       2       10     0      18      5       26      2       0       33      141
 8:45 PM        1       1       11      0       13      5       58      1       3       67      5       3       8      0      16      8       19      1       0       28      124
Hourly Total    8       3       38      0       49      32     233      8       13     286      25      7       35     0      67      24     120      8       0      152      554
 9:00 PM        0       0       7       0       7       5       44      3       4       56      6       1       5      0      12      5       32      0       0       37      112
 9:15 PM        1       1       4       0       6       4       28      2       2       36      6       2       7      0      15      6       17      0       0       23      80
 9:30 PM        3       1       4       1       9       5       47      0       5       57      5       4       1      0      10      3       19      1       0       23      99
 9:45 PM        0       2       2       0       4       5       29      1       1       36      2       1       8      0      11      3       14      0       0       17      68
Hourly Total    4       4       17      1       26      19     148      6       12     185      19      8       21     0      48      17      82      1       0      100      359
 10:00 PM       0       0       0       0       0       0       1       0       0       1       0       0       1      0      1       0       0       0       0       0       2
Grand Total    300      77     1140     4      1521    1026    7808    251     328     9413    649     117     307     0     1073    1146    8179    392      11     9728    21735
Approach %     19.7     5.1    75.0     0.3      -     10.9    82.9     2.7     3.5      -     60.5    10.9    28.6    0.0     -     11.8    84.1     4.0     0.1      -       -
  Total %       1.4     0.4     5.2     0.0     7.0     4.7    35.9     1.2     1.5    43.3     3.0     0.5     1.4    0.0    4.9     5.3    37.6     1.8     0.1    44.8      -
    Car        300      77     1140     4      1521    1026    7808    251     328     9413    649     117     307     0     1073    1146    8179    392      11     9728    21735
  % Car        100.0   100.0   100.0   100.0   100.0   100.0   100.0   100.0   100.0   100.0   100.0   100.0   100.0    -    100.0   100.0   100.0   100.0   100.0   100.0   100.0
                                                                                                         Count Name: Weston Pkwy at
                                                                Town of Cary                             Harrison Oaks
                                                            316 N. Academy St.                           Blvd_Renaissance Park Pl
                                                              P.O. Box 8005                              Site Code:
                                                 Cary, North Carolina, United States 27513               Start Date: 10/24/2013
                                                               919.469.4030                              Page No: 3




                                                               Harrison Oaks Blvd [N]
                                                               Out          In          Total
                                                             1518          1521         3039
                                                             1518          1521         3039


                                                        1140         77           300           4
                                                        1140         77           300           4
                                                         R           T            L             U




                                                                                                      251
                                                                                                      251
                                          11
                                          11
                                          U




                                                                                                       R
                          19336
                                  19336
                  Total




                                                                                                             9114
                                                                                                                     9114
                                                                                                                             Out
Weston Pkwy [W]




                                                                                                                                     Weston Pkwy [E]
                                          1146
                                          1146




                                                                                                      7808
                                                                                                      7808
                                                                                                       T
                                           L
                          9728
                                  9728




                                                                                                             9413
                                                                                                                     9413
                                                          10/24/2013 6:00 AM
                  In




                                                                                                                             In
                                                          Ending At
                                                          10/24/2013 10:15 PM
                                          8179
                                          8179




                                                                                                      1026
                                                                                                      1026
                                           T




                                                                                                       L




                                                                                                             18527
                                                                                                                     18527
                                                          Car
                          9608
                                  9608




                                                                                                                             Total
                  Out




                                          392
                                          392




                                                                                                      328
                                                                                                      328
                                           R




                                                                                                       U




                                                         U           L            T             R
                                                         0           649          117           307
                                                         0           649          117           307


                                                             1495          1073         2568
                                                             1495          1073         2568
                                                               Out          In          Total
                                                             Renaissance Park Pl [S]


                                                 Turning Movement Data Plot
                                                                                                                                                    Count Name: Weston Pkwy at
                                                                                   Town of Cary                                                     Harrison Oaks
                                                                          316 N. Academy St.                                                        Blvd_Renaissance Park Pl
                                                                            P.O. Box 8005                                                           Site Code:
                                                               Cary, North Carolina, United States 27513                                            Start Date: 10/24/2013
                                                                             919.469.4030                                                           Page No: 4




                                               Turning Movement Peak Hour Data (7:45 AM)
                      Harrison Oaks Blvd                           Weston Pkwy                             Renaissance Park Pl                            Weston Pkwy
                            Southbound                                 Westbound                                  Northbound                                  Eastbound
Start Time                                     App.                                        App.                                      App.                                         App.     Int.
             Left    Thru     Right   U-Turn           Left    Thru      Right   U-Turn            Left    Thru     Right   U-Turn           Left     Thru      Right   U-Turn
                                               Total                                       Total                                     Total                                        Total   Total
 7:45 AM      3       1        38        0      42      12     399         8        8      427      12      0         3        0      15      20      262        5         0      287     771
 8:00 AM      5       0        48        0      53      8      338        12        4      362      20      1         1        0      22      16      262        3         0      281     718
 8:15 AM      9       3        39        0      51      6      362        11        4      383      18      1         3        0      22      27      291        6         2      326     782
 8:30 AM      11      0        56        0      67      11     295         8        2      316      11      2         3        0      16      30      265        6         1      302     701
  Total       28      4        181       0     213      37     1394       39        18     1488     61      4        10        0      75      93      1080       20        3      1196    2972
Approach %   13.1     1.9      85.0      0.0     -      2.5    93.7       2.6       1.2      -     81.3     5.3      13.3      0.0     -      7.8     90.3       1.7       0.3      -       -
 Total %      0.9     0.1      6.1       0.0    7.2     1.2    46.9       1.3       0.6    50.1     2.1     0.1      0.3       0.0    2.5     3.1     36.3       0.7       0.1    40.2      -
   PHF       0.636   0.333    0.808   0.000    0.795   0.771   0.873     0.813     0.563   0.871   0.763   0.500    0.833   0.000    0.852   0.775    0.928     0.833     0.375   0.917   0.950
   Car        28      4        181       0     213      37     1394       39        18     1488     61      4        10        0      75      93      1080       20        3      1196    2972
  % Car      100.0   100.0    100.0       -    100.0   100.0   100.0     100.0     100.0   100.0   100.0   100.0    100.0       -    100.0   100.0    100.0     100.0     100.0   100.0   100.0
                                                                                                     Count Name: Weston Pkwy at
                                                                 Town of Cary                        Harrison Oaks
                                                             316 N. Academy St.                      Blvd_Renaissance Park Pl
                                                               P.O. Box 8005                         Site Code:
                                                  Cary, North Carolina, United States 27513          Start Date: 10/24/2013
                                                                919.469.4030                         Page No: 5




                                                               Harrison Oaks Blvd [N]
                                                               Out        In         Total
                                                               136        213        349
                                                               136        213        349


                                                         181         4          28           0
                                                         181         4          28           0
                                                          R          T          L            U




                                                                                                  39
                                                                                                  39
                                        U




                                                                                                  R
                                        3
                                        3




                                                        Peak Hour Data
                  Total
                          2835
                                 2835




                                                                                                         1136
                                                                                                                1136
                                                                                                                       Out
Weston Pkwy [W]




                                                                                                                               Weston Pkwy [E]
                                                                                                  1394
                                                                                                  1394
                                        93
                                        93




                                                                                                   T
                                         L
                          1196
                                 1196




                                                                                                         1488
                                                                                                                1488
                                                           10/24/2013 7:45 AM
                  In




                                                                                                                       In
                                                           Ending At
                                                           10/24/2013 8:45 AM
                                        1080
                                        1080




                                                                                                  37
                                                                                                  37
                                         T




                                                                                                   L
                                                           Car
                          1639
                                 1639




                                                                                                         2624
                                                                                                                2624
                                                                                                                       Total
                  Out




                                        20
                                        20




                                                                                                  18
                                                                                                  18
                                        R




                                                                                                  U




                                                          U          L          T            R
                                                          0          61         4            10
                                                          0          61         4            10


                                                                61        75         136
                                                                61        75         136
                                                               Out        In         Total
                                                               Renaissance Park Pl [S]


                                         Turning Movement Peak Hour Data Plot (7:45 AM)
                                                                                                                                                    Count Name: Weston Pkwy at
                                                                                   Town of Cary                                                     Harrison Oaks
                                                                          316 N. Academy St.                                                        Blvd_Renaissance Park Pl
                                                                            P.O. Box 8005                                                           Site Code:
                                                               Cary, North Carolina, United States 27513                                            Start Date: 10/24/2013
                                                                             919.469.4030                                                           Page No: 6




                                               Turning Movement Peak Hour Data (5:00 PM)
                      Harrison Oaks Blvd                           Weston Pkwy                             Renaissance Park Pl                            Weston Pkwy
                            Southbound                                 Westbound                                  Northbound                                  Eastbound
Start Time                                     App.                                        App.                                      App.                                         App.     Int.
             Left    Thru     Right   U-Turn           Left    Thru      Right   U-Turn            Left    Thru     Right   U-Turn           Left     Thru      Right   U-Turn
                                               Total                                       Total                                     Total                                        Total   Total
 5:00 PM      22      3        37        0      62      28     132         4        6      170      9       2         7        0      18      43      353        12        0      408     658
 5:15 PM      13      2        27        0      42      30     176        11        8      225      7       1        11        0      19      30      288        6         0      324     610
 5:30 PM      20      1        29        0      50      24     135         4        6      169      5       2         8        0      15      23      246        9         0      278     512
 5:45 PM      10      3        25        0      38      44     156         2        7      209      9       2         4        0      15      15      177        16        0      208     470
  Total       65      9        118       0     192     126     599        21        27     773      30      7        30        0      67     111      1064       43        0      1218    2250
Approach %   33.9     4.7      61.5      0.0     -     16.3    77.5       2.7       3.5      -     44.8    10.4      44.8      0.0     -      9.1     87.4       3.5       0.0      -       -
 Total %      2.9     0.4      5.2       0.0    8.5     5.6    26.6       0.9       1.2    34.4     1.3     0.3      1.3       0.0    3.0     4.9     47.3       1.9       0.0    54.1      -
   PHF       0.739   0.750    0.797   0.000    0.774   0.716   0.851     0.477     0.844   0.859   0.833   0.875    0.682   0.000    0.882   0.645    0.754     0.672     0.000   0.746   0.855
   Car        65      9        118       0     192     126     599        21        27     773      30      7        30        0      67     111      1064       43        0      1218    2250
  % Car      100.0   100.0    100.0       -    100.0   100.0   100.0     100.0     100.0   100.0   100.0   100.0    100.0       -    100.0   100.0    100.0     100.0       -     100.0   100.0
                                                                                                    Count Name: Weston Pkwy at
                                                                 Town of Cary                       Harrison Oaks
                                                             316 N. Academy St.                     Blvd_Renaissance Park Pl
                                                               P.O. Box 8005                        Site Code:
                                                  Cary, North Carolina, United States 27513         Start Date: 10/24/2013
                                                                919.469.4030                        Page No: 7




                                                               Harrison Oaks Blvd [N]
                                                               Out        In         Total
                                                               139        192        331
                                                               139        192        331


                                                         118         9          65           0
                                                         118         9          65           0
                                                          R          T          L            U




                                                                                                  21
                                                                                                  21
                                        U




                                                                                                  R
                                        0
                                        0




                                                        Peak Hour Data
                  Total
                          1965
                                 1965




                                                                                                        1186
                                                                                                               1186
                                                                                                                      Out
Weston Pkwy [W]




                                                                                                                              Weston Pkwy [E]
                                        111
                                        111




                                                                                                  599
                                                                                                  599
                                                                                                   T
                                         L
                          1218
                                 1218




                                                           10/24/2013 5:00 PM




                                                                                                        773
                                                                                                               773
                  In




                                                                                                                      In
                                                           Ending At
                                                           10/24/2013 6:00 PM
                                        1064
                                        1064




                                                                                                  126
                                                                                                  126
                                         T




                                                                                                   L
                                                           Car




                                                                                                        1959
                                                                                                               1959
                                                                                                                      Total
                          747
                                 747
                  Out




                                        43
                                        43




                                                                                                  27
                                                                                                  27
                                        R




                                                                                                  U




                                                          U          L          T            R
                                                          0          30         7            30
                                                          0          30         7            30


                                                               178        67         245
                                                               178        67         245
                                                               Out        In         Total
                                                               Renaissance Park Pl [S]


                                         Turning Movement Peak Hour Data Plot (5:00 PM)
                                            Count Name: Weston Pkwy at
            Town of Cary                    Harrison Oaks
           316 N. Academy St.               Blvd_Renaissance Park Pl
             P.O. Box 8005                  Site Code:
Cary, North Carolina, United States 27513   Start Date: 10/24/2013
              919.469.4030                  Page No: 8
