                                                                                   Chittenden County MPO
                                                                                            30 Kimball Ave.
                                                                                    South Burlington, Vermont 05403
BURL52 Auto/Ped                                                                         http://www.ccmpo.org/                                                                     File Name           : burl52
Pearl Street and Prospect Street                                                                                                                                                  Site Code           : 52
Burlington, VT / sunny                                                                                                                                                            Start Date          : 6/25/2008
Counters: EP, CB, CD, JS                                                                                                                                                          Page No             :1


                                                                                              Groups Printed- Cars
                         North Prospect Street (SB)                        Colchester Ave (WB)                      South Prospect Street (NB)                          Pearl Street (EB)
                                 From North                                     From East                                   From South                                     From West
Start Time       Right     Thru      Left    Peds     App. Total   Right   Thru     Left   Peds  App. Total   Right   Thru      Left     Peds    App. Total   Right   Thru      Left    Peds    App. Total   Int. Total
    07:00 AM         1        21        5         1         28         1     87       29       3      120        10       5       11         4         30        13     35         1        0         49          227
    07:15 AM         5        42        6         2         55         3     97       35       1      136        18      11       14         0         43        14     67         1        4         86          320
    07:30 AM         3        37        7         4         51         3    127       48       5      183        16      13        6         1         36        16     62         1        2         81          351
    07:45 AM         5        58        7         7         77         8    136       50       4      198        27      17       11         1         56        26     92         9      15         142          473
         Total      14      158       25         14        211        15    447     162      13       637        71      46       42         6        165        69    256       12       21         358         1371

    08:00 AM        4        30         7        8          49        2    127       37        3       169       23      12       20        0          55       17     93         2        8         120          393
    08:15 AM        2        44         4        6          56        5    122       36       11       174       23      14       22        3          62       20     72         2        9         103          395
    08:30 AM        5        48        11       12          76        7    110       35        5       157       21      15       16        2          54       18     65         4       12          99          386
    08:45 AM        5        43         3        6          57       12     89       39        7       147       32      18       21        3          74       23     69         1       11         104          382
         Total     16       165        25       32         238       26    448      147       26       647       99      59       79        8         245       78    299         9       40         426         1556

    09:00 AM        6        40         5        4          55        9     69       36        3       117       32      13        3        2          50       16     72         1        8          97          319
    09:15 AM        2        30         4        4          40        8     67       34        2       111       14      12       13        0          39       16     46         0        0          62          252
    09:30 AM        2        16         5        0          23        6     88       35        2       131       31      11       18        1          61        9     43         1        0          53          268
    09:45 AM        6        32         2        0          40       22     92       29        2       145       15      15       14        0          44        8     54         2        0          64          293
         Total     16       118        16        8         158       45    316      134        9       504       92      51       48        3         194       49    215         4        8         276         1132

    10:00 AM        4         14        3        0           21      24     68       34        0       126       22      28       25        2          77       14     48         1        0          63          287
    10:15 AM        2         16        2        0           20      11     66       21        3       101       17      15       17        1          50       14     53         3        0          70          241
    10:30 AM        1         19        3        0           23       6     77       31        9       123       13      11       21        2          47       11     57         2        0          70          263
    10:45 AM        1         12        6        0           19      15     58       25        9       107       19      18       15        1          53       19     81         2        1         103          282
         Total      8         61       14        0           83      56    269      111       21       457       71      72       78        6         227       58    239         8        1         306         1073

    11:00 AM        9        22        12        2          45       10     71       21        2       104       27      19       15        4          65        5     68        10        3          86          300
    11:15 AM        6        20         4        5          35       17     77       21        6       121       17      27       22        5          71       13     79         3        4          99          326
    11:30 AM        6        34         5        4          49        7     85       25        5       122       37      12       18        2          69        7     87         5        5         104          344
    11:45 AM        5        45         5        3          58        5    116       29       11       161       24      12       22       11          69        9     75         5       11         100          388
         Total     26       121        26       14         187       39    349       96       24       508      105      70       77       22         274       34    309        23       23         389         1358

    12:00 PM        3        25         3        3          34       15     83       25        8       131       28      20       26       13          87       11     70         5       10          96          348
    12:15 PM        3        26         3        4          36        5     83       17        4       109       36      25       20       12          93       19     81         5        9         114          352
    12:30 PM        7        27         2        6          42        7     84       24       18       133       27      15       22        9          73       19     84         1        9         113          361
    12:45 PM        8        28         4        5          45       10     79       35        6       130       20      22       22        9          73       15     76         6        5         102          350
         Total     21       106        12       18         157       37    329      101       36       503      111      82       90       43         326       64    311        17       33         425         1411

    01:00 PM        6         16        5        0           27       9     83       27        2       121       26      19       13        4          62        9     74         7        1          91          301
    01:15 PM        0         17        4        0           21       9     75       19        7       110       24      17       24        0          65       10     86         2        0          98          294
    01:30 PM        5         23        5        0           33      15     69       37       12       133       20      16       20        5          61       15     73         9        1          98          325
    01:45 PM        0         15        2        0           17      11     78       32        7       128       22      21       25        0          68       18     78         2        0          98          311
         Total     11         71       16        0           98      44    305      115       28       492       92      73       82        9         256       52    311        20        2         385         1231
                                                                                   Chittenden County MPO
                                                                                            30 Kimball Ave.
                                                                                    South Burlington, Vermont 05403
BURL52 Auto/Ped                                                                         http://www.ccmpo.org/                                                                     File Name           : burl52
Pearl Street and Prospect Street                                                                                                                                                  Site Code           : 52
Burlington, VT / sunny                                                                                                                                                            Start Date          : 6/25/2008
Counters: EP, CB, CD, JS                                                                                                                                                          Page No             :2

                                                                                              Groups Printed- Cars
                         North Prospect Street (SB)                        Colchester Ave (WB)                      South Prospect Street (NB)                          Pearl Street (EB)
                                 From North                                     From East                                   From South                                     From West
Start Time       Right     Thru      Left    Peds     App. Total   Right   Thru     Left   Peds  App. Total   Right   Thru      Left     Peds    App. Total   Right   Thru      Left    Peds    App. Total   Int. Total
    02:00 PM         3        24        3        0          30         8     80       25       5      118        17      16       13         0         46        20     60         2        0         82          276
    02:15 PM         1        20        3        0          24         7     91       39       8      145        31      20       18         2         71        18     55         3        0         76          316
    02:30 PM         2        22        1        0          25        12     82       25       3      122        41      27       22         1         91        10     85         3        0         98          336
    02:45 PM         4        31        0        0          35         1     91       34       4      130        30      26       19         3         78        15     76         3        1         95          338
         Total      10        97        7        0         114        28    344     123      20       515      119       89       72         6        286        63    276       11         1        351         1266

    03:00 PM        3        36         6        3          48       10      86      28        8       132       37      30       15        8          90       15      91        2        1         109          379
    03:15 PM        5        25         6        7          43        9      92      38        9       148       21      19       17       19          76       11      97        8        6         122          389
    03:30 PM        4        38         1        3          46       12      74      48       20       154       36      34       21       17         108       11     116        6        1         134          442
    03:45 PM        8        23         5        1          37       14      78      43       11       146       29      31       22        7          89       15      77        2        6         100          372
         Total     20       122        18       14         174       45     330     157       48       580      123     114       75       51         363       52     381       18       14         465         1582

    04:00 PM        5        31         2        1          39       12      81      20       11       124       43      28       28        6         105       17      97        4        3         121          389
    04:15 PM        5        34         0        0          39       12      87      27        4       130       29      30       30       10          99       16     103        2        1         122          390
    04:30 PM        1        29         2        0          32       14     109      28       18       169       26      45       19        7          97       18     140        3        9         170          468
    04:45 PM       10        30        12       10          62       18     116      35       18       187       41      47       21       11         120       12     119        9        3         143          512
         Total     21       124        16       11         172       56     393     110       51       610      139     150       98       34         421       63     459       18       16         556         1759

    05:00 PM        1         20        4        0          25       21     128      22        6       177       41      53       26        2         122        8     120        3        1         132          456
    05:15 PM        2         31        3        0          36       21     110      27        3       161       36      49       26       10         121       10     123        0        0         133          451
    05:30 PM        2         17        2        0          21       14     123      29        7       173       30      36       28        6         100       15     104        5        1         125          419
    05:45 PM        2         29        3        0          34        9     105      24       12       150       27      29       24        5          85       10     101        2        0         113          382
         Total      7         97       12        0         116       65     466     102       28       661      134     167      104       23         428       43     448       10        2         503         1708

    06:00 PM        3         30        9        1          43       15      85      16        6       122       29      33       15        2          79       11      84        3        0          98          342
    06:15 PM        2          7       10        0          19       15      81      18        2       116       13      29       30        3          75        8      85        0        3          96          306
    06:30 PM        1         18        6        0          25       13      72      23        5       113       20      16       17        3          56        9      84        1        0          94          288
    06:45 PM        2         21        4        0          27       13      69      20        1       103       27      18       13        1          59        7      56        1        0          64          253
         Total      8         76       29        1         114       56     307      77       14       454       89      96       75        9         269       35     309        5        3         352         1189

  Grand Total     178      1316       216     112         1822      512    4303    1435     318       6568    1245     1069      920     220         3454      660    3813      155      164        4792       16636
    Apprch %       9.8      72.2     11.9      6.1                   7.8    65.5    21.8     4.8                 36     30.9    26.6      6.4                 13.8     79.6      3.2      3.4
      Total %      1.1       7.9       1.3     0.7           11      3.1    25.9     8.6     1.9       39.5     7.5      6.4      5.5     1.3         20.8       4     22.9      0.9        1        28.8
