                                                                   CITY OF McALLEN
                                                                         TRAFFIC SAFETY
                                                                         VOLUME COUNTS

 LOCATION                 23rd & Trenton


                                    23rd Str                                                                  Trenton
HOUR
OF          BOUND:         NORTH           BOUND:         SOUTH               Bi-      BOUND          EAST           BOUND:          WEST                  Bi-         ALL
DAY         START          07/09/03        START:         07/09/03        directional START:         07/09/03        START:         07/09/03           directional directional
MILITARY    counter      ADR               counter      ADR               Hr./totals   counter     ADR               counter      ADR                  Hr./totals Hr./totals
  TIME        Thru       Left     Total      Thru       Left     Total     NB+SB         Thru      Left     Total      Thru       Left     Total        EB+WB         ALL BN

  10:00                    659      659                   801       801        1460                  315      315                   216       216             531        1991
  11:00                    693      693                   883       883        1576                  341      341                   207       207             548        2124
  12:00                    703      703                  1046      1046        1749                  446      446                   339       339             785        2534

  13:00                    698      698                  1052      1052        1750                  467      467                   310       310             777        2527

  14:00                    632      632                  1049      1049        1681                  450      450                   289       289             739        2420

  15:00                    699      699                  1138      1138        1837                  418      418                   247       247             665        2502

  16:00                    792      792                  1122      1122        1914                  436      436                   357       357             793        2707

  17:00                    766      766                  1162      1162        1928                  489      489                   338       338             827        2755

  18:00                    624      624                  1258      1258        1882                  536      536                   437       437             973        2855

  19:00                    535      535                   862       862        1397                  391      391                   191       191             582        1979

  20:00                    377      377                   805       805        1182                  306      306                   161       161             467        1649

  21:00                    271      271                   758       758        1029                  264      264                     87       87             351        1380

  22:00                    213      213                   505       505         718                  215      215                     63       63             278         996

  23:00                    173      173                   312       312         485                    91       91                    35       35             126         611

  0:00                     152      152                   156       156         308                    35       35                    12       12                47       355

  1:00                     125      125                     96       96         221                    18       18                    10       10                28       249

  2:00                       87       87                    75       75         162                    16       16                     3           3             19       181

  3:00                       41       41                    77       77         118                    13       13                     3           3             16       134

  4:00                       32       32                  114       114         146                    29       29                    18       18                47       193

  5:00                       62       62                  101       101         163                    31       31                    28       28                59       222

  6:00                     135      135                   261       261         396                    76       76                    47       47             123         519

  7:00                     427      427                   577       577        1004                  197      197                   161       161             358        1362
  8:00                     601      601                   598       598        1199                  240      240                   184       184             424        1623
  9:00                     595      595                   728       728        1323                  277      277                   187       187             464        1787

TOTAL                0   10092    10092             0   15536     15536                        0    6097     6097             0    3930      3930


            TOTAL NB + SB         25628                          TOTAL EB + WB          10027               GRAND TOTAL              35655
                                                                                                                                                                  23rd @ Trenton1/15/20084:55 PM
