                                                                              Chittenden County MPO
                                                                             30 Kimball Ave., Suite 206
Station ID: BURL-33                                                          South Burlington, VT 05403                                                            File Name       :   burl33
Location: Main St. & S. Union St.                                              http://www.ccmpo.org/                                                               Site Code       :   00000033
Town: Williston / Counters: PB                                                                                                                                     Start Date      :   05/22/2001
AUTO Count                                                                                                                                                         Page No         :   1
                                                                                         Groups Printed- auto
                                UNION ST                                  MAIN ST                                      UNION ST                                   MAIN ST
                                From North                                From East                                    From South                                From West
                                                   App.                                       App.                                        App.                                     App.         Int.
    Start Time   Right   Thru      Left   Peds             Right   Thru     Left      Peds             Right    Thru      Left   Peds             Right   Thru     Left   Peds
                                                   Total                                      Total                                       Total                                    Total      Total
        Factor     1.0    1.0      1.0       1.0            1.0     1.0      1.0       1.0               1.0    1.0       1.0       1.0             1.0   1.0       1.0      1.0
        07:00        0      0        0         5      5       5      58        0         1       64      13      29        19         4     65        0    38         2        0        40     174
        07:15        0      0        0         2      2       9     111        0         9      129      13      31        15       13      72        0    52         4        1        57     260
        07:30        0      0        0         7      7       8     132        0       24       164        7     35        16       10      68        0    61         3        5        69     308
        07:45        0      0        0         8      8     13      144        0       27       184      21      40        24         5     90        0    92         3        6       101     383
         Total       0      0        0       22      22     35      445        0       61       541      54     135        74       32     295        0   243       12       12        267    1125

        08:00       0      0         0        7       7      19     169        0        17      205      22      42        21       22     107       0     79        2        8         89     408
        08:15       0      0         0        7       7      12     153        0        14      179      16      49        22        1      88       0     69        3        9         81     355
        08:30       0      0         0       19      19      13     125        0        21      159      16      40        12        4      72       0     79        4        3         86     336
        08:45       0      0         0        0       0       7     123        0         6      136      10      45        16        2      73       0     69        1        1         71     280
        Total       0      0         0       33      33      51     570        0        58      679      64     176        71       29     340       0    296       10       21        327    1379

*** BREAK ***

        16:00       0      0         0        9       9       8     103        0        11      122      25      42        12        1      80       0    141        7        4        152     363
        16:15       0      0         0        6       6       9     114        0         2      125      16      54        14        4      88       0    148        8        4        160     379
        16:30       0      0         0       16      16       7     113        0        27      147      20      64        15        7     106       2    139        5        6        152     421
        16:45       0      0         0        8       8      10     120        1         7      138      21      39         8        1      69       0    146       12        8        166     381
        Total       0      0         0       39      39      34     450        1        47      532      82     199        49       13     343       2    574       32       22        630    1544

        17:00       0      0         0        5       5      12     129        0         7      148      19      73        16       10     118       0    128       15       18        161     432
        17:15       0      0         0        5       5       6     128        0         8      142      25      69        19        7     120       0    108        9       13        130     397
        17:30       0      0         0       14      14       2     125        0         5      132      10      58         7        2      77       0    136       10       11        157     380
        17:45       0      0         0        5       5       5      96        0         2      103      11      64        11        6      92       0    117        3        6        126     326
        Total       0      0         0       29      29      25     478        0        22      525      65     264        53       25     407       0    489       37       48        574    1535

   Grand Total       0      0        0     123      123     145    1943        1       188    2277     265      774      247        99    1385        2   1602      91       103   1798       5583
    Apprch %       0.0    0.0      0.0    100.0             6.4    85.3      0.0       8.3             19.1     55.9     17.8       7.1             0.1   89.1      5.1      5.7
      Total %      0.0    0.0      0.0      2.2     2.2     2.6    34.8      0.0       3.4     40.8     4.7     13.9      4.4       1.8   24.8      0.0   28.7      1.6      1.8       32.2
