                                                                               Chittenden County MPO
                                                                                        30 Kimball Ave.
                                                                               South Burlington, Vermont 05403
BURL94 Aggregate Count                                                              http://www.ccmpo.org/                                                                          File Name      : burl94
Intersection of College St. and Lake St.                                                                                                                                           Site Code      : BURL94
Burlington, VT / sunny                                                                                                                                                             Start Date     : 5/21/2008
JW CD CB                                                                                                                                                                           Page No        :1


                                                                                     Groups Printed- Cars - Truck - Bus
                              Lake St. (SB)                              College St. (WB)                                 Lake St. (NB)                              College St. (EB)
                               From North                                   From East                                      From South                                   From West
    Start Time    Right   Thru     Left Peds/Bike App. Total   Right   Thru     Left Peds/Bike App. Total    Right    Thru     Left Peds/Bike App. Total   Right   Thru     Left Peds/Bike App. Total   Int. Total
     07:00 AM         0      4        1          3         8       0      1        0          4         5        0       2        2          3         7       5      3       4           3       15           35
     07:15 AM         1      4        6          2       13        1      0        0          2         3        0       4        3          3       10        3      2       2           4       11           37
     07:30 AM         2      7        4          1       14        1      1        0          3         5        0       8        5          1       14      10       2       2           1       15           48
     07:45 AM         3      8        2          1       14        0      5        0          5       10         0       1        4          2         7       9      6       9           2       26           57
          Total       6     23      13           7       49        2      7        0        14        23         0      15      14           9       38      27     13       17         10        67          177

     08:00 AM        3      18        5        0         26       2       2        0        5          9        0       10        6        3         19       9       3        5        1         18          72
     08:15 AM        2      27        2        0         31       4       3        0        4         11        0       18        7        1         26      33       3        9        4         49         117
     08:30 AM        3      18        1        0         22       1       0        0        4          5        0       12       13        2         27      20       1        7        6         34          88
     08:45 AM        1      12        3        3         19       1       1        0       11         13        1        9        6        2         18      16       2        9        6         33          83
          Total      9      75       11        3         98       8       6        0       24         38        1       49       32        8         90      78       9       30       17        134         360

*** BREAK ***

     04:00 PM       12      30        6       12         60       9      21        9       42         81        2       20       14        6         42       5      6         3        5         19         202
     04:15 PM        3      21        9       12         45       9      12        0       36         57        1       21       18        8         48       9      6         1       10         26         176
     04:30 PM       21      24        3        9         57       3       6        0        6         15        0       11       22        7         40      13      2         7       11         33         145
     04:45 PM       15      15        6       27         63       6       6        0        6         18        1       10       16       11         38      15      1        11       18         45         164
          Total     51      90       24       60        225      27      45        9       90        171        4       62       70       32        168      42     15        22       44        123         687

     05:00 PM       24      15        6       12         57      18      21        0       27         66        1       16       15        7         39       9      4        10        2         25         187
     05:15 PM       18      24        9        3         54       6       3        0        6         15        0       16       14        2         32      15      1         3        9         28         129
     05:30 PM       12       9        0        9         30       9      15        3        3         30        0       13       14        8         35      11      3         7       12         33         128
     05:45 PM       18      21        6      102        147       6       6        0       21         33        1        6       13        2         22       6      3         8       32         49         251
          Total     72      69       21      126        288      39      45        3       57        144        2       51       56       19        128      41     11        28       55        135         695

    Grand Total    138     257       69      196        660      76     103       12      185        376        7      177      172       68        424     188      48       97      126        459        1919
      Apprch %    20.9    38.9     10.5     29.7               20.2    27.4      3.2     49.2                 1.7     41.7     40.6       16                  41   10.5     21.1     27.5
        Total %     7.2   13.4      3.6     10.2       34.4       4      5.4     0.6       9.6      19.6      0.4       9.2        9     3.5       22.1      9.8    2.5      5.1       6.6      23.9
           Cars      56    146       36       67        305      29       42       4        78       153        6      168      168       54        396     185      44       80      102        411        1265
        % Cars    40.6    56.8     52.2     34.2       46.2    38.2    40.8     33.3     42.2       40.7     85.7     94.9     97.7     79.4       93.4    98.4    91.7     82.5        81      89.5         65.9
          Truck      41     58       18       67        184      25       31       4        58       118        1         9        4      14          28       3      2        4        24         33         363
       % Truck    29.7    22.6     26.1     34.2       27.9    32.9    30.1     33.3     31.4       31.4     14.3       5.1      2.3    20.6         6.6     1.6    4.2      4.1        19        7.2        18.9
            Bus      41     53       15       62        171      22       30       4        49       105        0         0        0       0           0       0      2       13         0         15         291
         % Bus    29.7    20.6     21.7     31.6       25.9    28.9    29.1     33.3     26.5       27.9        0         0        0       0           0       0    4.2     13.4         0        3.3        15.2
