                                                                       CITY OF McALLEN
                                                                       TRAFFIC OPERATIONS
                                                                         VOLUME COUNTS

 LOCATION           Bicentenial & Jackson Ave.


                                      Bicentenial                                                                   Jackson Ave.
HOUR
OF          BOUND:            North          BOUND:           South              Bi-         BOUND             East              BOUND:            West                  Bi-            ALL
DAY         START         2-07 thru 02-08    START:        2-07 thru 2-08     directional START:           2-07 thru 2-08        START:        2-07 thru 2-08        directional directional
MILITARY    counter       ADR                counter       ADR                Hr./totals     counter       ADR                   counter       ADR                   Hr./totals      Hr./totals
  TIME                    Thru      Total                  Thru      Total     NB+SB           Thru        Left      Total         Thru        Left      Total        EB+WB          ALL BN

  10:00                      481       481                    593      593         1074                       213      213                        221      221                 434        1508
  11:00                      521       521                    684      684         1205                       242      242                        234      234                 476        1681
  12:00                      593       593                    719      719         1312                       177      177                        273      273                 450        1762

  13:00                      613       613                    653      653         1266                       231      231                        308      308                 539        1805

  14:00                      539       539                    712      712         1251                       215      215                        207      207                 422        1673

  15:00                      658       658                    818      818         1476                       216      216                        297      297                 513        1989

  16:00                      655       655                    813      813         1468                       249      249                        328      328                 577        2045

  17:00                      755       755                    747      747         1502                       292      292                        347      347                 639        2141

  18:00                      636       636                    612      612         1248                       230      230                        276      276                 506        1754

  19:00                      359       359                    361      361             720                    173      173                        178      178                 351        1071

  20:00                      273       273                    285      285             558                    117      117                        136      136                 253            811

  21:00                      202       202                    199      199             401                    121      121                        111      111                 232            633

  22:00                      131       131                    127      127             258                     48        48                        80        80                128            386

  23:00                       86        86                     89        89            175                     31        31                        39        39                 70            245

  0:00                        40        40                     42        42             82                     25        25                        24        24                 49            131

  1:00                        34        34                     33        33             67                      5            5                     12        12                 17             84

  2:00                        32        32                     26        26             58                     12        12                         7            7              19             77

  3:00                        13        13                     21        21             34                      4            4                     13        13                 17             51

  4:00                        16        16                     27        27             43                      8            8                      6            6              14             57

  5:00                        46        46                     83        83            129                     22        22                        10        10                 32            161

  6:00                       135       135                    292      292             427                     36        36                        36        36                 72            499

  7:00                       427       427                    686      686         1113                       210      210                        114      114                 324        1437
  8:00                       516       516                    598      598         1114                       242      242                        150      150                 392        1506
  9:00                       487       487                    615      615         1102                       211      211                        159      159                 370        1472

TOTAL                 0    8248       8248             0    9835      9835       18083                 0    3330      3330                 0     3566     3566             6896


            TOTAL NB + SB 18083               TOTAL WB 12/06/01 + EB 12/06/01                 6896                  GRAND TOTAL                   24979
                                                                                                                                                                               Bicent & jacks1/14/200811:00 AM
