                                                                         Chittenden County MPO
                                                                              30 Kimball Ave.
Station ID: Burl65                                                      South Burlington, VT 05403                                                   File Name        : untitled1
Location:Pine St & Maple St                                               http://www.ccmpo.org/                                                      Site Code        : 00000065
Town:Burlington                                                                                                                                      Start Date       : 06/30/2004
Counters:all of us auto count                                                                                                                        Page No          :1
                                                                               Groups Printed- Unshifted
                               Maple St                                Pine St                               Maple St                                 Pine St
                              From North                              From East                             From South                              From West
                                                 App.                                  App.                                  App.                                     App.      Int.
  Start Time   Right   Thru      Left   Peds             Right   Thru    Left Peds             Right Thru      Left Peds             Right   Thru     Left   Peds
                                                 Total                                 Total                                 Total                                    Total   Total
      Factor     1.0    1.0      1.0       1.0            1.0     1.0    1.0    1.0              1.0     1.0    1.0    1.0             1.0    1.0      1.0      1.0
   07:00 AM        0    35         2         1     38       6      14     12      0       32       9     25     31       0     65      64       9        0        2     75     210
   07:15 AM        1    44         2         4     51       1      25     14      2       42       9     34     30       2     75      70     12         0        3     85     253
   07:30 AM        1    56         1         2     60       4      30     17      3       54      12     49     32       9    102      77     13         0        1     91     307
   07:45 AM        2    80         3         4     89       4      43     17      3       67      13     51     42       5    111      82     19         2        1    104     371
       Total       4   215         8       11     238     15      112     60      8     195       43    159    135     16     353     293     53         2        7    355    1141

   08:00 AM       2     54         2        0      58       3     50      15      0       68     13     51      55      1     120      93     23        0        1     117     363
   08:15 AM       0     52         4        1      57       3     45      15      4       67     20     56      55      2     133      61     14        0        1      76     333
   08:30 AM       1     39         1        2      43       9     57      19      2       87     12     53      48      3     116      65     21        2        0      88     334
   08:45 AM       3     47         3        2      55       4     47      14      5       70     12     44      47      7     110      73     30        0       10     113     348
       Total      6    192        10        5     213      19    199      63     11      292     57    204     205     13     479     292     88        2       12     394    1378

   09:00 AM       2     55         1        3      61       3     31      10      4       48     13     56      49      4     122      78     24        2        3     107     338
   09:15 AM       1     40         1        2      44       7     28      11      3       49     16     41      43      0     100      69     10        0        1      80     273
   09:30 AM       1     45         5        0      51       7     23      10      0       40      9     43      54      3     109      73     25        1        2     101     301
   09:45 AM       6     35         3        1      45       4     32      21      1       58     14     60      46      5     125      59     27        5        2      93     321
       Total     10    175        10        6     201      21    114      52      8      195     52    200     192     12     456     279     86        8        8     381    1233

   10:00 AM       0     50         3        1      54       3      24     16      1       44     22     45      48      6     121      81     24        2        2     109     328
   10:15 AM       1     60         2        0      63       4      23     19      6       52     18     48      49      4     119      64     28        3        1      96     330
   10:30 AM       1     58         3        3      65       1      23     10      3       37     17     64      47      7     135      72     19        0        3      94     331
   10:45 AM       0     57         4        1      62       6      26     21      2       55     20     50      50      3     123      64     21        1        2      88     328
       Total      2    225        12        5     244      14      96     66     12      188     77    207     194     20     498     281     92        6        8     387    1317

   11:00 AM       1     42         6        4      53       2     29      13      3       47     10     42      39      2      93      45     21        0        2      68     261
   11:15 AM       1     62         1        0      64       5     32      23      7       67     12     48      47      2     109      93     20        2        0     115     355
   11:30 AM       0     51         1        1      53       7     41      14      2       64     15     62      49      1     127      70     21        4        4      99     343
   11:45 AM       6     63         1        1      71       4     44      15      4       67     17     57      33      0     107      67     33        1        7     108     353
       Total      8    218         9        6     241      18    146      65     16      245     54    209     168      5     436     275     95        7       13     390    1312

   12:00 PM       1     58         4        2      65       7     32      17      5       61     14     44      57      3     118      70     27        0        4     101     345
   12:15 PM       3     48         1        2      54       6     35      12      1       54     11     44      53      1     109      70     35        4        7     116     333
   12:30 PM       1     59         6        5      71       4     41      19      6       70     10     47      48      8     113      64     25        2        9     100     354
   12:45 PM       2     52         3        2      59       6     28      12      7       53     17     37      36      4      94      46     22        0        4      72     278
       Total      7    217        14       11     249      23    136      60     19      238     52    172     194     16     434     250    109        6       24     389    1310

   01:00 PM       2     73         4        5      84       6     37      17      9       69     11     42      58      4     115      80     22        3        8     113     381
   01:15 PM       2     69         2        4      77       2     43      11      4       60     10     63      49      4     126      79     17        2        1      99     362
   01:30 PM       0     56         3        3      62       3     35      19      2       59      9     59      61      5     134      64     19        0        3      86     341
   01:45 PM       3     63         3        5      74       7     40      13      5       65     10     50      52      3     115      86     22        1        8     117     371
       Total      7    261        12       17     297      18    155      60     20      253     40    214     220     16     490     309     80        6       20     415    1455
                                                                         Chittenden County MPO
                                                                              30 Kimball Ave.
Station ID: Burl65                                                      South Burlington, VT 05403                                                   File Name         : untitled1
Location:Pine St & Maple St                                               http://www.ccmpo.org/                                                      Site Code         : 00000065
Town:Burlington                                                                                                                                      Start Date        : 06/30/2004
Counters:all of us auto count                                                                                                                        Page No           :2
                                                                               Groups Printed- Unshifted
                               Maple St                                Pine St                               Maple St                                 Pine St
                              From North                              From East                             From South                              From West
                                                 App.                                  App.                                  App.                                      App.      Int.
  Start Time   Right   Thru      Left   Peds             Right   Thru    Left Peds             Right Thru      Left Peds             Right   Thru     Left   Peds
                                                 Total                                 Total                                 Total                                     Total   Total
      Factor     1.0    1.0      1.0       1.0            1.0     1.0    1.0    1.0              1.0     1.0    1.0    1.0             1.0   1.0       1.0      1.0
   02:00 PM        0    58         8         3     69       7      41     20      5       73      17     40     46       5    108      78     28         3        1     110     360
   02:15 PM        1    50         4         3     58       4      45     18      2       69      13     54     49       4    120      74     37         2        1     114     361
   02:30 PM        5    63         4         6     78       3      41     12      2       58      14     48     53       3    118      82     28         3        2     115     369
   02:45 PM        3    64         6         2     75       7      48     15      0       70      11     41     60       4    116      84     28         5        7     124     385
       Total       9   235       22        14     280     21      175     65      9     270       55    183    208     16     462     318    121       13       11      463    1475

   03:00 PM       1     72         5        5      83       7     45      12      0       64      5      56     50      7     118      72     39        3         3     117     382
   03:15 PM       1     63         2        6      72       3     41      14      4       62     10      40     57      5     112      88     22        3         3     116     362
   03:30 PM       1     60         4        6      71       3     29      11      2       45      8      36     55      4     103      79     23        1         9     112     331
   03:45 PM       0     61         2        2      65       6     41      12      0       59     18      39     60      0     117      78     23        0         0     101     342
       Total      3    256        13       19     291      19    156      49      6      230     41     171    222     16     450     317    107        7        15     446    1417

   04:00 PM       0     67         2        0      69       5     37      16      0       58     16      35     57      0     108      73     35        2         0     110     345
   04:15 PM       0     43         2        0      45       1     21      11      0       33      7      37     26      0      70      45     20        0         0      65     213
   04:30 PM       0     68         4        0      72       9     50      14      0       73     10      34     69      0     113      72     29        2         0     103     361
   04:45 PM       1     83         2        0      86       6     31      14      0       51     11      46     57      0     114      85     27        0         0     112     363
       Total      1    261        10        0     272      21    139      55      0      215     44     152    209      0     405     275    111        4         0     390    1282

   05:00 PM       1     91         3        0      95       7     43      17      0       67     17      41     49      0     107      63     33        2         0      98     367
   05:15 PM       0     89         2        0      91       5     43      20      0       68      9      44     59      0     112      70     27        0         0      97     368
   05:30 PM       0     69         2        0      71       4     49      10      0       63     16      58     49      0     123      81     27        1         0     109     366
   05:45 PM       0     56         2        0      58       8     48      12      0       68      9      56     54      0     119      89     35        0         0     124     369
       Total      1    305         9        0     315      24    183      59      0      266     51     199    211      0     461     303    122        3         0     428    1470

 Grand Total      58   2560      129       94    2841     213    1611   654     109     2587    566    2070    2158   130    4924    3192    1064       64      118    4438    14790
  Apprch %       2.0   90.1      4.5       3.3             8.2   62.3   25.3     4.2            11.5    42.0   43.8    2.6            71.9   24.0      1.4       2.7
    Total %      0.4   17.3      0.9       0.6   19.2     1.4    10.9    4.4    0.7     17.5     3.8   14.0    14.6   0.9    33.3    21.6     7.2      0.4      0.8     30.0
                                                        Chittenden County MPO
                                                             30 Kimball Ave.
Station ID: Burl65                                     South Burlington, VT 05403                               File Name    : untitled1
Location:Pine St & Maple St                              http://www.ccmpo.org/                                  Site Code    : 00000065
Town:Burlington                                                                                                 Start Date   : 06/30/2004
Counters:all of us auto count                                                                                   Page No      :3
                                                                      Maple St
                                                              Out        In      Total
                                                              2347      2841      5188


                                                               58 2560      129   94
                                                            Right Thru     Left Peds




                                   8265


                                            64




                                                                                         Right Thru
                                  Total




                                          Left




                                                                                          213 1611


                                                                                                      1759
                                                                                                      Out
                                                                       North
                                          1064
                                          Thru
                                   4438
                                Pine St




                                                                                                      Pine St
                                    In




                                                                                                        2587
                                                                                                         In
                                                             6/30/2004 7:00:00 AM
                                           118 3192
                                          Peds Right




                                                             6/30/2004 5:45:00 PM




                                                                                         Left Peds
                                                                                          654
                                  3827




                                                             Unshifted
                                  Out




                                                                                                      Total
                                                                                                      4346
                                                                                               109
                                                             Left    Thru Right Peds
                                                             2158    2070   566  130


                                                              6406      4924     11330
                                                              Out        In      Total
                                                                      Maple St
